Run semi-empirical minimization
 &qmmm
  maxcyc=0  qmcharge=0,
 /
   6    C1        2.7290       25.2540       34.5130 
   6    C2        3.1580       23.9020       33.9540 
   6    C3        4.2050       23.2170       34.7990 
   8    O1        3.6910       22.7290       36.0390 
   6    C4        2.3880       22.2840       36.0960 
   6    C5        1.9390       21.7250       37.2870 
   6    C6        0.6020       21.3430       37.4060 
   6    C7       -0.2720       21.5120       36.3610 
   6    C8        0.1650       22.0670       35.1720 
   6    C9        1.4950       22.4290       35.0270 
   7    N1        2.0050       23.0080       33.8350 
   6   C10        1.5500       22.7170       32.5910 
   8    O2        1.4670       23.5850       31.7430 
   6   C11        1.2530       21.2570       32.2520 
  17   Cl1        2.7810       20.3620       32.1060 
  17   Cl2        0.3750       21.0670       30.7840 
   1    H1        2.7410       25.2170       35.6120 
   1    H2        3.4240       26.0320       34.1650 
   1    H3        1.7120       25.4890       34.1650 
   1    H4        3.5970       24.1100       32.9670 
   1    H5        4.6140       22.3680       34.2310 
   1    H6        4.9770       23.9640       35.0350 
   1    H7        2.6320       21.5850       38.1290 
   1    H8        0.2440       20.9010       38.3480 
   1    H9       -1.3230       21.2050       36.4700 
   1   H10       -0.5420       22.2210       34.3430 
   1   H11        0.6290       20.8660       33.0690 

