Run semi-empirical minimization
 &qmmm
  maxcyc=0  qmcharge=0,
 /
   7    N1        4.5010       20.4570       34.6860 
   6    C1        4.2230       21.5670       34.4360 
   6    C2        3.8470       22.8910       34.1450 
   6    C3        4.6820       23.9010       33.7550 
   7    N2        3.9610       25.0180       33.5570 
   6    C4        2.6820       24.7470       33.8190 
   6    C5        2.5750       23.4290       34.1950 
   6    C6        1.3370       22.7340       34.5440 
   6    C7        0.8220       22.7330       35.8420 
   6    C8       -0.3440       22.0200       36.1370 
   6    C9       -1.0050       21.2940       35.1660 
   6   C10       -0.4760       21.3060       33.8750 
   6   C11        0.6540       22.0100       33.5780 
   8    O1        0.9460       21.8710       32.2610 
   6   C12        0.0200       20.9270       31.7110 
   9    F1        0.6740       19.7830       31.4140 
   9    F2       -0.5820       21.4170       30.6340 
   8    O2       -0.9390       20.6650       32.7570 
   1    H1        5.7710       23.8130       33.6240 
   1    H2        4.3330       25.9290       33.2540 
   1    H3        1.8490       25.4610       33.7460 
   1    H4        1.3360       23.2950       36.6360 
   1    H5       -0.7420       22.0380       37.1620 
   1    H6       -1.9170       20.7260       35.4020 

