#Frame           core
       1       0.5916
       2       0.6163
       3       0.5989
       4       0.6514
       5       0.6306
       6       0.7418
       7       0.7071
       8       0.7397
       9       0.7530
      10       0.7399
      11       0.8059
      12       0.7668
      13       0.8154
      14       0.7368
      15       0.7057
      16       0.7972
      17       0.7844
      18       0.7574
      19       0.7839
      20       0.7964
      21       0.8378
      22       0.7563
      23       0.7847
      24       0.8489
      25       0.7668
      26       0.9232
      27       1.0269
      28       1.0148
      29       0.9670
      30       1.0200
      31       1.0482
      32       0.9665
      33       1.0216
      34       1.0691
      35       0.9369
      36       0.9501
      37       0.9565
      38       0.9279
      39       0.8623
      40       0.7966
      41       0.7426
      42       0.8455
      43       0.9312
      44       0.8623
      45       0.8859
      46       0.8863
      47       0.9749
      48       1.0579
      49       1.0360
      50       1.0994
      51       1.0909
      52       1.0245
      53       1.0161
      54       1.0739
      55       1.1512
      56       1.0689
      57       1.0644
      58       1.0466
      59       1.0899
      60       1.0356
      61       1.1406
      62       1.1191
      63       1.1355
      64       1.1616
      65       1.1769
      66       1.1947
      67       1.1287
      68       1.1009
      69       1.1084
      70       1.0970
      71       1.1019
      72       1.2144
      73       1.2295
      74       1.1523
      75       1.1615
      76       1.0849
      77       1.0966
      78       1.0366
      79       1.0657
      80       1.1460
      81       1.2713
      82       1.1595
      83       1.1749
      84       1.1132
      85       1.1760
      86       1.2954
      87       1.2382
      88       1.3038
      89       1.1394
      90       1.1717
      91       1.1295
      92       1.2167
      93       1.1270
      94       1.1652
      95       1.3079
      96       1.2177
      97       1.2449
      98       1.2382
      99       1.2190
     100       1.2616
     101       1.1565
     102       1.1955
     103       1.1105
     104       1.2627
     105       1.2593
     106       1.1967
     107       1.3613
     108       1.2985
     109       1.2293
     110       1.1441
     111       1.0718
     112       1.1730
     113       1.1280
     114       1.1789
     115       1.2227
     116       1.1248
     117       1.2115
     118       1.1147
     119       1.1374
     120       1.1377
     121       1.0482
     122       1.0860
     123       1.0603
     124       1.0789
     125       1.0374
     126       1.2135
     127       1.1852
     128       1.2020
     129       1.2315
     130       1.1709
     131       1.2082
     132       1.2523
     133       1.1891
     134       1.2227
     135       1.1871
     136       1.0307
     137       1.1620
     138       1.1143
     139       1.0780
     140       1.1109
     141       1.1444
     142       1.1895
     143       1.2234
     144       1.1570
     145       1.1870
     146       1.1137
     147       1.1600
     148       1.1255
     149       1.1573
     150       1.1037
     151       1.0437
     152       1.1322
     153       1.1575
     154       1.0471
     155       1.1745
     156       1.1470
     157       1.1905
     158       1.2270
     159       1.1366
     160       1.1328
     161       1.2053
     162       1.1633
     163       1.1327
     164       1.1024
     165       1.1621
     166       1.1418
     167       1.1144
     168       1.1412
     169       1.0559
     170       1.1941
     171       1.1977
     172       1.1546
     173       1.1588
     174       1.1818
     175       1.1829
     176       1.1819
     177       1.2281
     178       1.2944
     179       1.2442
     180       1.1906
     181       1.1705
     182       1.1037
     183       1.0855
     184       1.1371
     185       1.1975
     186       1.2366
     187       1.3316
     188       1.3571
     189       1.2885
     190       1.3493
     191       1.3120
     192       1.3466
     193       1.3980
     194       1.3782
     195       1.3413
     196       1.3836
     197       1.4163
     198       1.5011
     199       1.4131
     200       1.4225
     201       1.4716
     202       1.4302
     203       1.2917
     204       1.3507
     205       1.3807
     206       1.4200
     207       1.4958
     208       1.3498
     209       1.2873
     210       1.3101
     211       1.3009
     212       1.3077
     213       1.3723
     214       1.3399
     215       1.3862
     216       1.2674
     217       1.3737
     218       1.3566
     219       1.3733
     220       1.3515
     221       1.3471
     222       1.2815
     223       1.4010
     224       1.4468
     225       1.4561
     226       1.4029
     227       1.5193
     228       1.5363
     229       1.5222
     230       1.5672
     231       1.5977
     232       1.5337
     233       1.5577
     234       1.5555
     235       1.4893
     236       1.5368
     237       1.5351
     238       1.4665
     239       1.5040
     240       1.4821
     241       1.4627
     242       1.5135
     243       1.5096
     244       1.5012
     245       1.4895
     246       1.5337
     247       1.6274
     248       1.6197
     249       1.6168
     250       1.6413
     251       1.5312
     252       1.4762
     253       1.4581
     254       1.5198
     255       1.4886
     256       1.4287
     257       1.4089
     258       1.4197
     259       1.4795
     260       1.3784
     261       1.3639
     262       1.3876
     263       1.4643
     264       1.4995
     265       1.4537
     266       1.3852
     267       1.3985
     268       1.5389
     269       1.5531
     270       1.4685
     271       1.5743
     272       1.5790
     273       1.7144
     274       1.8041
     275       1.6429
     276       1.7152
     277       1.6684
     278       1.6850
     279       1.6310
     280       1.6689
     281       1.6710
     282       1.6396
     283       1.5787
     284       1.5324
     285       1.6370
     286       1.5462
     287       1.6536
     288       1.5866
     289       1.5694
     290       1.5308
     291       1.5738
     292       1.6008
     293       1.7444
     294       1.6757
     295       1.6131
     296       1.6919
     297       1.6932
     298       1.7232
     299       1.6748
     300       1.7625
     301       1.7273
     302       1.7174
     303       1.7444
     304       1.7538
     305       1.8053
     306       1.8115
     307       1.6890
     308       1.6743
     309       1.6666
     310       1.6462
     311       1.6190
     312       1.5916
     313       1.6807
     314       1.6099
     315       1.5050
     316       1.5596
     317       1.4699
     318       1.5169
     319       1.5584
     320       1.6534
     321       1.5789
     322       1.4973
     323       1.5414
     324       1.5290
     325       1.5974
     326       1.5846
     327       1.6411
     328       1.6249
     329       1.7167
     330       1.6812
     331       1.5809
     332       1.6494
     333       1.5024
     334       1.5313
     335       1.4783
     336       1.5330
     337       1.5185
     338       1.5266
     339       1.5959
     340       1.5690
     341       1.6385
     342       1.5898
     343       1.5657
     344       1.6297
     345       1.5570
     346       1.6089
     347       1.6685
     348       1.6174
     349       1.6631
     350       1.6717
     351       1.7751
     352       1.7530
     353       1.7014
     354       1.7460
     355       1.6985
     356       1.6862
     357       1.7219
     358       1.6093
     359       1.6090
     360       1.6543
     361       1.7523
     362       1.6781
     363       1.6303
     364       1.6428
     365       1.5794
     366       1.5358
     367       1.4490
     368       1.5288
     369       1.4868
     370       1.5425
     371       1.5352
     372       1.5375
     373       1.5154
     374       1.6092
     375       1.6798
     376       1.6263
     377       1.5604
     378       1.5324
     379       1.5202
     380       1.6080
     381       1.6228
     382       1.6583
     383       1.6792
     384       1.6075
     385       1.6542
     386       1.6859
     387       1.7140
     388       1.5804
     389       1.5884
     390       1.7099
     391       1.8305
     392       1.6321
     393       1.6433
     394       1.6599
     395       1.7304
     396       1.7799
     397       1.8569
     398       1.8182
     399       1.9340
     400       1.7193
     401       1.7121
     402       1.6583
     403       1.7880
     404       1.7780
     405       1.7258
     406       1.7967
     407       1.7809
     408       1.6957
     409       1.6357
     410       1.7008
     411       1.7784
     412       1.6523
     413       1.7336
     414       1.7657
     415       1.6579
     416       1.5773
     417       1.6930
     418       1.7005
     419       1.7078
     420       1.7804
     421       1.7636
     422       1.6451
     423       1.6182
     424       1.6189
     425       1.6835
     426       1.7001
     427       1.6967
     428       1.6281
     429       1.6728
     430       1.6236
     431       1.5972
     432       1.5687
     433       1.5888
     434       1.5658
     435       1.6245
     436       1.6189
     437       1.4627
     438       1.5879
     439       1.6030
     440       1.6726
     441       1.6317
     442       1.7302
     443       1.6761
     444       1.6266
     445       1.6225
     446       1.7113
     447       1.6241
     448       1.6253
     449       1.4098
     450       1.5024
     451       1.4791
     452       1.4438
     453       1.5943
     454       1.5121
     455       1.4496
     456       1.3922
     457       1.3359
     458       1.4113
     459       1.4155
     460       1.3423
     461       1.4760
     462       1.4863
     463       1.4883
     464       1.4382
     465       1.4280
     466       1.2916
     467       1.3129
     468       1.4163
     469       1.3812
     470       1.4279
     471       1.3839
     472       1.4132
     473       1.4618
     474       1.5103
     475       1.4468
     476       1.5097
     477       1.4972
     478       1.4525
     479       1.5106
     480       1.4245
     481       1.5399
     482       1.4482
     483       1.3314
     484       1.4770
     485       1.3534
     486       1.3183
     487       1.2728
     488       1.2943
     489       1.2619
     490       1.3697
     491       1.4060
     492       1.3627
     493       1.2979
     494       1.2321
     495       1.2782
     496       1.2535
     497       1.3351
     498       1.4517
     499       1.4153
     500       1.4785
     501       1.4529
     502       1.3591
     503       1.4156
     504       1.3383
     505       1.4111
     506       1.3925
     507       1.4003
     508       1.2827
     509       1.2749
     510       1.3520
     511       1.3616
     512       1.3404
     513       1.4105
     514       1.3260
     515       1.2703
     516       1.2936
     517       1.3506
     518       1.2912
     519       1.2828
     520       1.1990
     521       1.2782
     522       1.2360
     523       1.2372
     524       1.2212
     525       1.3220
     526       1.3272
     527       1.3694
     528       1.3811
     529       1.2804
     530       1.3740
     531       1.3742
     532       1.3378
     533       1.3864
     534       1.3745
     535       1.3491
     536       1.3175
     537       1.3145
     538       1.3302
     539       1.3073
     540       1.3105
     541       1.3708
     542       1.2935
     543       1.2788
     544       1.2712
     545       1.4101
     546       1.3929
     547       1.3917
     548       1.3844
     549       1.2098
     550       1.2641
     551       1.2127
     552       1.1789
     553       1.1090
     554       1.1058
     555       1.1628
     556       1.1499
     557       1.2064
     558       1.1145
     559       1.2113
     560       1.2485
     561       1.1219
     562       1.1372
     563       1.0967
     564       1.1833
     565       1.1536
     566       1.1485
     567       1.1385
     568       1.2118
     569       1.2674
     570       1.2906
     571       1.2059
     572       1.2514
     573       1.2068
     574       1.2100
     575       1.1820
     576       1.1713
     577       1.2688
     578       1.1814
     579       1.2268
     580       1.2251
     581       1.2539
     582       1.1889
     583       1.2436
     584       1.1918
     585       1.2655
     586       1.2465
     587       1.2636
     588       1.2452
     589       1.3969
     590       1.2684
     591       1.3876
     592       1.4241
     593       1.3734
     594       1.3551
     595       1.3640
     596       1.2828
     597       1.3730
     598       1.3042
     599       1.3251
     600       1.3212
     601       1.2887
     602       1.2257
     603       1.2474
     604       1.1733
     605       1.1746
     606       1.1809
     607       1.3271
     608       1.3130
     609       1.4107
     610       1.3116
     611       1.2809
     612       1.3404
     613       1.3752
     614       1.4859
     615       1.5953
     616       1.6454
     617       1.6542
     618       1.5986
     619       1.6318
     620       1.6074
     621       1.5963
     622       1.6152
     623       1.6986
     624       1.7192
     625       1.7463
     626       1.6603
     627       1.5615
     628       1.6532
     629       1.6329
     630       1.6316
     631       1.5656
     632       1.5627
     633       1.6704
     634       1.6845
     635       1.6680
     636       1.5154
     637       1.5748
     638       1.5053
     639       1.5735
     640       1.5136
     641       1.4531
     642       1.3950
     643       1.4197
     644       1.4076
     645       1.4273
     646       1.4175
     647       1.4670
     648       1.5083
     649       1.6101
     650       1.6582
     651       1.5737
     652       1.5364
     653       1.4512
     654       1.5174
     655       1.4789
     656       1.5364
     657       1.4337
     658       1.5881
     659       1.6085
     660       1.5643
     661       1.6046
     662       1.4542
     663       1.4311
     664       1.4280
     665       1.4160
     666       1.4060
     667       1.5022
     668       1.5247
     669       1.4100
     670       1.5131
     671       1.5032
     672       1.5206
     673       1.5393
     674       1.5209
     675       1.4345
     676       1.3120
     677       1.2995
     678       1.2791
     679       1.3184
     680       1.2767
     681       1.2354
     682       1.2104
     683       1.1984
     684       1.1752
     685       1.1891
     686       1.2142
     687       1.2217
     688       1.2711
     689       1.1506
     690       1.1711
     691       1.2971
     692       1.2876
     693       1.3156
     694       1.3195
     695       1.2795
     696       1.3457
     697       1.3579
     698       1.3178
     699       1.3029
     700       1.3333
     701       1.3498
     702       1.3730
     703       1.3551
     704       1.2674
     705       1.3410
     706       1.3001
     707       1.2641
     708       1.2782
     709       1.2491
     710       1.2525
     711       1.3115
     712       1.3282
     713       1.3624
     714       1.3483
     715       1.3336
     716       1.4580
     717       1.4746
     718       1.5148
     719       1.5200
     720       1.4027
     721       1.3856
     722       1.4001
     723       1.3632
     724       1.3132
     725       1.4367
     726       1.3287
     727       1.3732
     728       1.3709
     729       1.3829
     730       1.3972
     731       1.4354
     732       1.4504
     733       1.3659
     734       1.4031
     735       1.4142
     736       1.3496
     737       1.3222
     738       1.2805
     739       1.4582
     740       1.5319
     741       1.5222
     742       1.4660
     743       1.4758
     744       1.5998
     745       1.4796
     746       1.4951
     747       1.4902
     748       1.4145
     749       1.5310
     750       1.4335
     751       1.5079
     752       1.4918
     753       1.4035
     754       1.4573
     755       1.4681
     756       1.3737
     757       1.4690
     758       1.4194
     759       1.3647
     760       1.2061
     761       1.2221
     762       1.1751
     763       1.2538
     764       1.3138
     765       1.2999
     766       1.2310
     767       1.3753
     768       1.3436
     769       1.4042
     770       1.3323
     771       1.3429
     772       1.3534
     773       1.3894
     774       1.5194
     775       1.5184
     776       1.4365
     777       1.4359
     778       1.4157
     779       1.3844
     780       1.4354
     781       1.3798
     782       1.2732
     783       1.3585
     784       1.3376
     785       1.3032
     786       1.2545
     787       1.2781
     788       1.3061
     789       1.3787
     790       1.3443
     791       1.4087
     792       1.4603
     793       1.4282
     794       1.3844
     795       1.3438
     796       1.2756
     797       1.1492
     798       1.1821
     799       1.2218
     800       1.1463
     801       1.0836
     802       1.1643
     803       1.2627
     804       1.1799
     805       1.2033
     806       1.3149
     807       1.2933
     808       1.3102
     809       1.3264
     810       1.3768
     811       1.3409
     812       1.3598
     813       1.3821
     814       1.3648
     815       1.2677
     816       1.3708
     817       1.3901
     818       1.4995
     819       1.4531
     820       1.4448
     821       1.4638
     822       1.3712
     823       1.3119
     824       1.3709
     825       1.5226
     826       1.5638
     827       1.5216
     828       1.5093
     829       1.6028
     830       1.4699
     831       1.3806
     832       1.4015
     833       1.4595
     834       1.5226
     835       1.6123
     836       1.5536
     837       1.4977
     838       1.6535
     839       1.6262
     840       1.5764
     841       1.5155
     842       1.5253
     843       1.5056
     844       1.4461
     845       1.4831
     846       1.5489
     847       1.4246
     848       1.5412
     849       1.5147
     850       1.6026
     851       1.6465
     852       1.5116
     853       1.5356
     854       1.5615
     855       1.6331
     856       1.6752
     857       1.5408
     858       1.6240
     859       1.5249
     860       1.6536
     861       1.7050
     862       1.6000
     863       1.6070
     864       1.4954
     865       1.3680
     866       1.5009
     867       1.4411
     868       1.4702
     869       1.4750
     870       1.5903
     871       1.5147
     872       1.4417
     873       1.4951
     874       1.5596
     875       1.5049
     876       1.5510
     877       1.5791
     878       1.5713
     879       1.5745
     880       1.5567
     881       1.4441
     882       1.4122
     883       1.3902
     884       1.3957
     885       1.4247
     886       1.4348
     887       1.4375
     888       1.4498
     889       1.4327
     890       1.4292
     891       1.4129
     892       1.3666
     893       1.5020
     894       1.4411
     895       1.4275
     896       1.4119
     897       1.4679
     898       1.4347
     899       1.5115
     900       1.5115
     901       1.5109
     902       1.3765
     903       1.3952
     904       1.3361
     905       1.3130
     906       1.4389
     907       1.4747
     908       1.4935
     909       1.4937
     910       1.5301
     911       1.6281
     912       1.7394
     913       1.7419
     914       1.7414
     915       1.6792
     916       1.5774
     917       1.5461
     918       1.5929
     919       1.4986
     920       1.5919
     921       1.5652
     922       1.6932
     923       1.7795
     924       1.7867
     925       1.8005
     926       1.7197
     927       1.6806
     928       1.7714
     929       1.7177
     930       1.8164
     931       1.8413
     932       1.7967
     933       1.7912
     934       1.7516
     935       1.8168
     936       1.7880
     937       1.8005
     938       1.7903
     939       1.8151
     940       1.8467
     941       1.8590
     942       1.9107
     943       1.9259
     944       1.8684
     945       1.7486
     946       1.7559
     947       1.6085
     948       1.6625
     949       1.5538
     950       1.6792
     951       1.7160
     952       1.5858
     953       1.6158
     954       1.6520
     955       1.6571
     956       1.6854
     957       1.6988
     958       1.7030
     959       1.7238
     960       1.7336
     961       1.8736
     962       1.8175
     963       1.8182
     964       1.8722
     965       1.7587
     966       1.7824
     967       1.7388
     968       1.8353
     969       1.8468
     970       1.8465
     971       1.9876
     972       1.8868
     973       1.8748
     974       1.8468
     975       1.8380
     976       1.9006
     977       1.8813
     978       1.7890
     979       1.7625
     980       1.7523
     981       1.7229
     982       1.6039
     983       1.6549
     984       1.7805
     985       1.7995
     986       1.6701
     987       1.7816
     988       1.7662
     989       1.8025
     990       1.7504
     991       1.7149
     992       1.7492
     993       1.8343
     994       1.8077
     995       1.7449
     996       1.7442
     997       1.7121
     998       1.7787
     999       1.7475
    1000       1.6935
    1001       1.7035
    1002       1.6824
    1003       1.6954
    1004       1.7024
    1005       1.6793
    1006       1.7293
    1007       1.6714
    1008       1.7278
    1009       1.7217
    1010       1.7363
    1011       1.6665
    1012       1.6423
    1013       1.6288
    1014       1.6285
    1015       1.6534
    1016       1.6745
    1017       1.6198
    1018       1.6265
    1019       1.6896
    1020       1.6785
    1021       1.7034
    1022       1.8074
    1023       1.6827
    1024       1.6881
    1025       1.6812
    1026       1.6333
    1027       1.6713
    1028       1.6894
    1029       1.6613
    1030       1.7199
    1031       1.7018
    1032       1.7016
    1033       1.6474
    1034       1.7063
    1035       1.6447
    1036       1.6464
    1037       1.7252
    1038       1.7585
    1039       1.7832
    1040       1.7044
    1041       1.7468
    1042       1.8097
    1043       1.8386
    1044       1.7563
    1045       1.7669
    1046       1.7285
    1047       1.6824
    1048       1.6720
    1049       1.7593
    1050       1.7352
    1051       1.7559
    1052       1.7942
    1053       1.7536
    1054       1.7707
    1055       1.6935
    1056       1.6670
    1057       1.6999
    1058       1.6325
    1059       1.6314
    1060       1.6000
    1061       1.6429
    1062       1.5898
    1063       1.5360
    1064       1.5950
    1065       1.5740
    1066       1.6568
    1067       1.5807
    1068       1.6401
    1069       1.6624
    1070       1.6071
    1071       1.5383
    1072       1.5809
    1073       1.6298
    1074       1.6583
    1075       1.6958
    1076       1.6560
    1077       1.6811
    1078       1.6609
    1079       1.6774
    1080       1.6664
    1081       1.7046
    1082       1.6671
    1083       1.7536
    1084       1.6135
    1085       1.6223
    1086       1.6899
    1087       1.7153
    1088       1.7575
    1089       1.7165
    1090       1.6664
    1091       1.6737
    1092       1.7016
    1093       1.6619
    1094       1.6701
    1095       1.7101
    1096       1.6765
    1097       1.6486
    1098       1.6672
    1099       1.6297
    1100       1.7199
    1101       1.7213
    1102       1.5763
    1103       1.6293
    1104       1.5711
    1105       1.5837
    1106       1.6561
    1107       1.6027
    1108       1.6805
    1109       1.7217
    1110       1.7721
    1111       1.6986
    1112       1.7631
    1113       1.5923
    1114       1.6940
    1115       1.6031
    1116       1.5380
    1117       1.6188
    1118       1.6064
    1119       1.6012
    1120       1.7165
    1121       1.7768
    1122       1.7189
    1123       1.7725
    1124       1.7322
    1125       1.8012
    1126       1.7696
    1127       1.6436
    1128       1.6302
    1129       1.7382
    1130       1.6468
    1131       1.6442
    1132       1.5899
    1133       1.6107
    1134       1.5545
    1135       1.4871
    1136       1.5928
    1137       1.5817
    1138       1.6027
    1139       1.6328
    1140       1.5886
    1141       1.6402
    1142       1.6071
    1143       1.6656
    1144       1.6940
    1145       1.6295
    1146       1.6022
    1147       1.7084
    1148       1.6809
    1149       1.7119
    1150       1.7479
    1151       1.6596
    1152       1.7078
    1153       1.6623
    1154       1.7186
    1155       1.6397
    1156       1.7191
    1157       1.6825
    1158       1.7811
    1159       1.7430
    1160       1.8022
    1161       1.8205
    1162       1.8447
    1163       1.8410
    1164       1.7738
    1165       1.8542
    1166       1.7967
    1167       1.7817
    1168       1.8310
    1169       1.8121
    1170       1.9534
    1171       1.8378
    1172       1.7448
    1173       1.8395
    1174       1.7011
    1175       1.7918
    1176       1.8180
    1177       1.8185
    1178       1.7511
    1179       1.8054
    1180       1.8357
    1181       1.7838
    1182       1.8186
    1183       1.8001
    1184       1.7130
    1185       1.6895
    1186       1.6944
    1187       1.5943
    1188       1.7165
    1189       1.6940
    1190       1.7025
    1191       1.6687
    1192       1.6142
    1193       1.6294
    1194       1.5874
    1195       1.5908
    1196       1.7405
    1197       1.6685
    1198       1.6743
    1199       1.7044
    1200       1.6281
    1201       1.6652
    1202       1.6618
    1203       1.7805
    1204       1.7615
    1205       1.6679
    1206       1.7116
    1207       1.6842
    1208       1.7256
    1209       1.6734
    1210       1.7056
    1211       1.7263
    1212       1.6289
    1213       1.6238
    1214       1.6975
    1215       1.6498
    1216       1.6443
    1217       1.7534
    1218       1.6601
    1219       1.6374
    1220       1.6390
    1221       1.7322
    1222       1.6673
    1223       1.7451
    1224       1.7753
    1225       1.8229
    1226       1.7222
    1227       1.6143
    1228       1.6420
    1229       1.6131
    1230       1.6140
    1231       1.5563
    1232       1.5614
    1233       1.6259
    1234       1.6099
    1235       1.6136
    1236       1.6451
    1237       1.7138
    1238       1.7853
    1239       1.7115
    1240       1.6976
    1241       1.7648
    1242       1.6486
    1243       1.6814
    1244       1.6324
    1245       1.6310
    1246       1.6160
    1247       1.5762
    1248       1.5953
    1249       1.5299
    1250       1.6234
    1251       1.6628
    1252       1.6929
    1253       1.7240
    1254       1.6933
    1255       1.7295
    1256       1.7093
    1257       1.6120
    1258       1.7610
    1259       1.6952
    1260       1.6492
    1261       1.6732
    1262       1.6598
    1263       1.6132
    1264       1.5522
    1265       1.6012
    1266       1.6430
    1267       1.5337
    1268       1.5354
    1269       1.5017
    1270       1.5866
    1271       1.6853
    1272       1.6727
    1273       1.5909
    1274       1.6334
    1275       1.7082
    1276       1.7082
    1277       1.7174
    1278       1.7090
    1279       1.7639
    1280       1.8034
    1281       1.8374
    1282       1.7503
    1283       1.8396
    1284       1.8557
    1285       1.8493
    1286       1.7450
    1287       1.8054
    1288       1.8444
    1289       1.8390
    1290       1.8151
    1291       1.7925
    1292       1.7827
    1293       1.8102
    1294       1.7991
    1295       1.8058
    1296       1.7694
    1297       1.7481
    1298       1.7015
    1299       1.7887
    1300       1.7619
    1301       1.7871
    1302       1.7666
    1303       1.8156
    1304       1.7414
    1305       1.6868
    1306       1.6134
    1307       1.6901
    1308       1.6880
    1309       1.6456
    1310       1.6056
    1311       1.6649
    1312       1.7040
    1313       1.7595
    1314       1.6495
    1315       1.5987
    1316       1.6650
    1317       1.7163
    1318       1.7816
    1319       1.8173
    1320       1.9381
    1321       1.8572
    1322       1.9049
    1323       1.8661
    1324       1.7708
    1325       1.7070
    1326       1.7414
    1327       1.7389
    1328       1.7325
    1329       1.7095
    1330       1.8192
    1331       1.7490
    1332       1.6935
    1333       1.6775
    1334       1.7404
    1335       1.7229
    1336       1.6828
    1337       1.7142
    1338       1.7749
    1339       1.6247
    1340       1.6238
    1341       1.6672
    1342       1.6751
    1343       1.6142
    1344       1.5914
    1345       1.7107
    1346       1.7131
    1347       1.8054
    1348       1.7716
    1349       1.7565
    1350       1.7726
    1351       1.7318
    1352       1.7321
    1353       1.7432
    1354       1.6760
    1355       1.5631
    1356       1.5807
    1357       1.6174
    1358       1.6609
    1359       1.7181
    1360       1.6724
    1361       1.6271
    1362       1.6646
    1363       1.6713
    1364       1.6970
    1365       1.7142
    1366       1.6528
    1367       1.5900
    1368       1.7435
    1369       1.7866
    1370       1.8097
    1371       1.7696
    1372       1.7913
    1373       1.6803
    1374       1.7287
    1375       1.7372
    1376       1.7759
    1377       1.8133
    1378       1.7776
    1379       1.7831
    1380       1.8165
    1381       1.7761
    1382       1.7460
    1383       1.7406
    1384       1.7581
    1385       1.8269
    1386       1.7496
    1387       1.7244
    1388       1.6551
    1389       1.7214
    1390       1.6422
    1391       1.6460
    1392       1.7431
    1393       1.6960
    1394       1.6777
    1395       1.7305
    1396       1.6875
    1397       1.6824
    1398       1.7092
    1399       1.7187
    1400       1.6931
    1401       1.7349
    1402       1.7323
    1403       1.7354
    1404       1.7231
    1405       1.7353
    1406       1.7136
    1407       1.7268
    1408       1.7847
    1409       1.7004
    1410       1.6766
    1411       1.7380
    1412       1.7415
    1413       1.6931
    1414       1.6504
    1415       1.6827
    1416       1.6485
    1417       1.6884
    1418       1.7014
    1419       1.7392
    1420       1.7418
    1421       1.6951
    1422       1.6661
    1423       1.7444
    1424       1.7735
    1425       1.8142
    1426       1.6698
    1427       1.7160
    1428       1.7596
    1429       1.7292
    1430       1.7081
    1431       1.6980
    1432       1.6952
    1433       1.7422
    1434       1.8202
    1435       1.6653
    1436       1.7196
    1437       1.7165
    1438       1.7067
    1439       1.7245
    1440       1.7535
    1441       1.7971
    1442       1.8249
    1443       1.9032
    1444       1.8274
    1445       1.6999
    1446       1.6402
    1447       1.7094
    1448       1.5961
    1449       1.6967
    1450       1.6848
    1451       1.7527
    1452       1.6532
    1453       1.7135
    1454       1.6537
    1455       1.6271
    1456       1.5567
    1457       1.6218
    1458       1.6275
    1459       1.6249
    1460       1.5160
    1461       1.4973
    1462       1.5237
    1463       1.4977
    1464       1.5516
    1465       1.5092
    1466       1.5582
    1467       1.5065
    1468       1.5043
    1469       1.4155
    1470       1.4723
    1471       1.4807
    1472       1.5239
    1473       1.5579
    1474       1.5406
    1475       1.6285
    1476       1.6199
    1477       1.4809
    1478       1.5216
    1479       1.4044
    1480       1.4802
    1481       1.5314
    1482       1.5907
    1483       1.6858
    1484       1.6016
    1485       1.5976
    1486       1.5632
    1487       1.5647
    1488       1.6719
    1489       1.6664
    1490       1.6395
    1491       1.6153
    1492       1.5750
    1493       1.5239
    1494       1.4926
    1495       1.5004
    1496       1.6209
    1497       1.5390
    1498       1.6866
    1499       1.5527
    1500       1.6332
    1501       1.5879
    1502       1.6110
    1503       1.5854
    1504       1.5857
    1505       1.5483
    1506       1.6763
    1507       1.7520
    1508       1.7193
    1509       1.6907
    1510       1.6585
    1511       1.6682
    1512       1.7807
    1513       1.7838
    1514       1.8409
    1515       1.8297
    1516       1.8328
    1517       1.8621
    1518       1.8446
    1519       1.8559
    1520       1.8204
    1521       1.8063
    1522       1.7397
    1523       1.7453
    1524       1.8255
    1525       1.7225
    1526       1.7858
    1527       1.7730
    1528       1.7885
    1529       1.7926
    1530       1.8265
    1531       1.8079
    1532       1.8315
    1533       1.7344
    1534       1.7648
    1535       1.7772
    1536       1.7602
    1537       1.7224
    1538       1.7879
    1539       1.8994
    1540       1.7362
    1541       1.7420
    1542       1.7583
    1543       1.7230
    1544       1.8779
    1545       1.7516
    1546       1.7954
    1547       1.7255
    1548       1.7618
    1549       1.8131
    1550       1.6989
    1551       1.6918
    1552       1.8146
    1553       1.7228
    1554       1.7882
    1555       1.7775
    1556       1.8254
    1557       1.7988
    1558       1.7455
    1559       1.8357
    1560       1.7643
    1561       1.7531
    1562       1.7753
    1563       1.8340
    1564       1.7604
    1565       1.8428
    1566       1.8351
    1567       1.8915
    1568       1.9070
    1569       1.8176
    1570       1.7574
    1571       1.8986
    1572       1.8085
    1573       1.8456
    1574       1.8235
    1575       1.7999
    1576       1.8358
    1577       1.7788
    1578       1.7591
    1579       1.6348
    1580       1.7588
    1581       1.7240
    1582       1.6784
    1583       1.7543
    1584       1.8092
    1585       1.7780
    1586       1.8008
    1587       1.7952
    1588       1.6792
    1589       1.7200
    1590       1.6570
    1591       1.7374
    1592       1.7115
    1593       1.7427
    1594       1.7228
    1595       1.7502
    1596       1.7533
    1597       1.7239
    1598       1.7675
    1599       1.7458
    1600       1.7454
    1601       1.7192
    1602       1.7142
    1603       1.6820
    1604       1.6231
    1605       1.7523
    1606       1.7738
    1607       1.8334
    1608       1.6860
    1609       1.7529
    1610       1.7974
    1611       1.6876
    1612       1.7313
    1613       1.7134
    1614       1.8592
    1615       1.9362
    1616       1.9535
    1617       1.9065
    1618       1.8709
    1619       1.9778
    1620       1.9007
    1621       1.9296
    1622       1.9257
    1623       1.9566
    1624       1.9966
    1625       2.0123
    1626       1.9303
    1627       1.8835
    1628       1.9493
    1629       1.8565
    1630       1.8581
    1631       1.8332
    1632       1.8628
    1633       1.9731
    1634       1.8853
    1635       1.7221
    1636       1.7511
    1637       1.7480
    1638       1.7427
    1639       1.8568
    1640       1.8335
    1641       1.8688
    1642       1.8813
    1643       1.9042
    1644       1.8990
    1645       1.9190
    1646       1.8419
    1647       1.8322
    1648       1.8292
    1649       1.7271
    1650       1.7720
    1651       1.8710
    1652       1.8782
    1653       1.8250
    1654       1.7750
    1655       1.8353
    1656       1.7896
    1657       1.7766
    1658       1.7221
    1659       1.8052
    1660       1.8734
    1661       1.8062
    1662       1.8681
    1663       1.8903
    1664       1.8821
    1665       1.8140
    1666       1.8241
    1667       1.6245
    1668       1.6958
    1669       1.7432
    1670       1.7606
    1671       1.8364
    1672       1.7372
    1673       1.7925
    1674       1.9155
    1675       1.9277
    1676       1.9933
    1677       1.9294
    1678       1.8838
    1679       1.9212
    1680       1.8511
    1681       1.8736
    1682       1.8321
    1683       1.8876
    1684       1.7061
    1685       1.8086
    1686       1.9049
    1687       1.8972
    1688       1.9269
    1689       1.9044
    1690       1.8563
    1691       1.8239
    1692       1.7873
    1693       1.8127
    1694       1.8200
    1695       1.7987
    1696       1.8190
    1697       1.7309
    1698       1.8207
    1699       1.7939
    1700       1.7858
    1701       1.8048
    1702       1.8320
    1703       1.8241
    1704       1.7646
    1705       1.7503
    1706       1.8302
    1707       1.7338
    1708       1.8430
    1709       1.8223
    1710       1.8118
    1711       1.8852
    1712       1.9300
    1713       1.9082
    1714       1.7964
    1715       1.8000
    1716       1.8007
    1717       1.7832
    1718       1.7091
    1719       1.6833
    1720       1.7549
    1721       1.7197
    1722       1.6413
    1723       1.7422
    1724       1.7506
    1725       1.7084
    1726       1.7913
    1727       1.7030
    1728       1.7381
    1729       1.7500
    1730       1.7684
    1731       1.7757
    1732       1.7265
    1733       1.7720
    1734       1.6115
    1735       1.6218
    1736       1.6019
    1737       1.6025
    1738       1.5739
    1739       1.6660
    1740       1.6743
    1741       1.6299
    1742       1.6093
    1743       1.6942
    1744       1.5940
    1745       1.6078
    1746       1.5742
    1747       1.6162
    1748       1.5727
    1749       1.6186
    1750       1.6385
    1751       1.7100
    1752       1.6308
    1753       1.5686
    1754       1.6290
    1755       1.6348
    1756       1.6624
    1757       1.6475
    1758       1.7152
    1759       1.6030
    1760       1.6458
    1761       1.7122
    1762       1.7518
    1763       1.7629
    1764       1.7280
    1765       1.6541
    1766       1.6441
    1767       1.7321
    1768       1.7136
    1769       1.6225
    1770       1.6701
    1771       1.7589
    1772       1.7066
    1773       1.6872
    1774       1.7847
    1775       1.6868
    1776       1.6984
    1777       1.7184
    1778       1.7067
    1779       1.6276
    1780       1.8033
    1781       1.7015
    1782       1.6651
    1783       1.7238
    1784       1.7766
    1785       1.7417
    1786       1.7518
    1787       1.8106
    1788       1.8141
    1789       1.8039
    1790       1.7807
    1791       1.7818
    1792       1.9286
    1793       1.8180
    1794       1.7488
    1795       1.8203
    1796       1.7950
    1797       1.7268
    1798       1.8134
    1799       1.7631
    1800       1.7354
    1801       1.6793
    1802       1.6373
    1803       1.5285
    1804       1.5583
    1805       1.5758
    1806       1.5936
    1807       1.6149
    1808       1.6170
    1809       1.6821
    1810       1.7230
    1811       1.7548
    1812       1.6224
    1813       1.7688
    1814       1.7783
    1815       1.6546
    1816       1.6932
    1817       1.6879
    1818       1.7991
    1819       1.7863
    1820       1.6641
    1821       1.8110
    1822       1.7370
    1823       1.7904
    1824       1.7662
    1825       1.7059
    1826       1.8000
    1827       1.7944
    1828       1.7563
    1829       1.7888
    1830       1.7532
    1831       1.7780
    1832       1.7416
    1833       1.6992
    1834       1.6951
    1835       1.7196
    1836       1.7441
    1837       1.6801
    1838       1.7183
    1839       1.7606
    1840       1.6917
    1841       1.8087
    1842       1.7814
    1843       1.7441
    1844       1.8101
    1845       1.7072
    1846       1.8263
    1847       1.8571
    1848       1.8518
    1849       1.7690
    1850       1.7918
    1851       1.7034
    1852       1.7512
    1853       1.7728
    1854       1.7335
    1855       1.7596
    1856       1.7783
    1857       1.8119
    1858       1.7164
    1859       1.6831
    1860       1.6338
    1861       1.5938
    1862       1.6640
    1863       1.6407
    1864       1.6724
    1865       1.6733
    1866       1.5593
    1867       1.4770
    1868       1.6540
    1869       1.5864
    1870       1.5865
    1871       1.6611
    1872       1.6653
    1873       1.6616
    1874       1.7076
    1875       1.7113
    1876       1.7392
    1877       1.6953
    1878       1.7653
    1879       1.8267
    1880       1.8050
    1881       1.7281
    1882       1.8058
    1883       1.7616
    1884       1.6339
    1885       1.8113
    1886       1.7351
    1887       1.7678
    1888       1.7634
    1889       1.7674
    1890       1.8099
    1891       1.7845
    1892       1.8240
    1893       1.7160
    1894       1.7954
    1895       1.7706
    1896       1.7662
    1897       1.7488
    1898       1.7349
    1899       1.7355
    1900       1.7399
    1901       1.7637
    1902       1.8827
    1903       1.8374
    1904       1.9189
    1905       1.8471
    1906       1.7953
    1907       1.8360
    1908       1.9756
    1909       1.8008
    1910       1.8323
    1911       1.8797
    1912       1.9330
    1913       1.8258
    1914       1.8681
    1915       1.9073
    1916       1.9306
    1917       1.8229
    1918       1.7628
    1919       1.8303
    1920       1.8098
    1921       1.8838
    1922       1.8694
    1923       1.8329
    1924       1.8799
    1925       1.8972
    1926       1.8313
    1927       1.8520
    1928       1.8512
    1929       1.8159
    1930       1.7756
    1931       1.7641
    1932       1.7571
    1933       1.7579
    1934       1.7474
    1935       1.6772
    1936       1.7345
    1937       1.7455
    1938       1.8390
    1939       1.6706
    1940       1.7331
    1941       1.7629
    1942       1.6978
    1943       1.6602
    1944       1.6787
    1945       1.6140
    1946       1.6445
    1947       1.6707
    1948       1.5724
    1949       1.5853
    1950       1.5805
    1951       1.5934
    1952       1.6043
    1953       1.6373
    1954       1.6861
    1955       1.6513
    1956       1.6895
    1957       1.7185
    1958       1.7014
    1959       1.7444
    1960       1.6942
    1961       1.6788
    1962       1.7014
    1963       1.6901
    1964       1.6501
    1965       1.7147
    1966       1.7407
    1967       1.7583
    1968       1.6916
    1969       1.6471
    1970       1.6685
    1971       1.7027
    1972       1.7388
    1973       1.8327
    1974       1.7322
    1975       1.8032
    1976       1.7264
    1977       1.7875
    1978       1.7301
    1979       1.6456
    1980       1.7284
    1981       1.6639
    1982       1.6259
    1983       1.5868
    1984       1.5179
    1985       1.4633
    1986       1.4272
    1987       1.5207
    1988       1.4622
    1989       1.4208
    1990       1.4675
    1991       1.4698
    1992       1.4934
    1993       1.4867
    1994       1.4156
    1995       1.4301
    1996       1.4879
    1997       1.4481
    1998       1.4385
    1999       1.5393
    2000       1.5499
