#Frame              d
       1      14.8892
       2      15.2062
       3      14.7406
       4      15.2047
       5      14.9601
       6      15.1217
       7      14.9770
       8      15.1708
       9      14.9295
      10      15.5119
      11      14.8169
      12      15.4080
      13      15.6129
      14      15.3091
      15      15.5757
      16      15.2340
      17      15.7402
      18      15.9645
      19      15.2764
      20      15.9020
      21      15.7513
      22      16.1421
      23      15.8030
      24      15.3027
      25      15.4106
      26      15.4060
      27      15.2148
      28      15.4286
      29      15.3870
      30      15.3608
      31      15.2336
      32      14.8399
      33      15.5536
      34      15.4705
      35      15.8119
      36      15.7031
      37      15.7321
      38      15.3736
      39      15.7742
      40      15.7844
      41      15.3638
      42      15.8108
      43      15.5306
      44      15.1371
      45      14.8003
      46      15.1542
      47      14.8633
      48      14.9456
      49      14.5957
      50      14.6204
      51      15.3063
      52      14.7719
      53      15.0322
      54      14.7161
      55      14.4799
      56      14.2094
      57      14.3938
      58      14.5791
      59      14.5056
      60      14.5360
      61      15.1227
      62      14.6389
      63      14.7358
      64      14.2426
      65      14.2361
      66      14.4970
      67      14.5467
      68      15.0598
      69      15.0734
      70      14.2839
      71      13.8802
      72      13.2843
      73      13.9809
      74      14.0169
      75      14.0639
      76      14.2832
      77      13.7803
      78      14.4190
      79      15.7638
      80      14.2515
      81      13.8064
      82      14.3370
      83      14.0536
      84      15.0205
      85      15.0872
      86      15.0235
      87      15.1699
      88      15.0161
      89      14.9030
      90      15.0880
      91      14.7341
      92      15.1159
      93      15.1212
      94      15.4176
      95      14.8519
      96      15.0066
      97      15.3143
      98      15.5491
      99      15.0052
     100      14.9234
     101      14.6015
     102      15.5994
     103      15.4306
     104      14.7876
     105      15.7996
     106      15.2112
     107      15.2534
     108      15.2019
     109      14.6295
     110      14.9351
     111      15.2044
     112      15.4197
     113      15.0913
     114      14.6796
     115      15.2047
     116      15.1644
     117      15.0745
     118      15.0384
     119      14.8314
     120      15.1465
     121      15.1144
     122      15.0792
     123      15.5696
     124      15.4560
     125      16.0333
     126      15.8092
     127      15.5786
     128      15.6504
     129      15.9529
     130      15.3753
     131      15.8017
     132      15.8279
     133      15.7721
     134      15.7399
     135      15.5068
     136      15.7251
     137      15.0590
     138      15.3376
     139      15.7546
     140      15.8307
     141      15.4284
     142      15.3002
     143      15.2622
     144      15.5481
     145      15.0250
     146      15.3117
     147      15.1961
     148      14.6120
     149      14.9262
     150      15.1945
     151      15.1974
     152      15.3737
     153      14.7061
     154      14.7171
     155      15.0040
     156      15.2807
     157      15.3960
     158      15.3044
     159      15.1161
     160      15.4071
     161      14.9411
     162      15.1715
     163      15.4590
     164      15.0970
     165      14.7360
     166      15.0370
     167      15.2992
     168      15.6482
     169      15.4532
     170      15.0772
     171      14.8767
     172      14.8261
     173      14.4242
     174      15.1579
     175      14.8742
     176      14.9555
     177      14.6427
     178      14.7837
     179      14.8736
     180      15.0099
     181      14.7586
     182      14.7092
     183      14.7230
     184      14.8040
     185      14.6443
     186      14.8733
     187      14.6600
     188      15.0278
     189      15.0003
     190      14.9648
     191      14.9344
     192      14.5829
     193      14.5515
     194      15.2672
     195      14.9705
     196      15.0244
     197      14.9591
     198      15.3597
     199      15.4048
     200      15.0507
     201      14.9309
     202      14.5346
     203      14.7426
     204      14.9913
     205      14.3684
     206      14.7547
     207      14.4238
     208      15.1866
     209      15.1142
     210      15.0620
     211      15.3023
     212      15.0548
     213      14.8397
     214      14.8958
     215      15.0182
     216      15.2216
     217      14.7615
     218      15.1146
     219      15.1985
     220      15.2263
     221      15.1333
     222      15.4222
     223      15.1174
     224      15.0051
     225      15.1905
     226      15.0529
     227      14.9323
     228      14.6332
     229      15.1922
     230      14.9075
     231      15.0037
     232      14.8362
     233      15.2154
     234      15.1294
     235      14.5899
     236      15.1814
     237      14.9057
     238      15.1888
     239      14.7629
     240      15.3281
     241      15.1304
     242      14.9442
     243      15.1074
     244      15.0949
     245      15.0084
     246      15.4700
     247      15.3907
     248      15.0914
     249      15.1678
     250      15.2701
     251      15.1612
     252      14.7521
     253      15.1755
     254      15.1470
     255      15.5086
     256      15.5638
     257      15.0690
     258      15.3413
     259      14.9014
     260      15.2960
     261      14.9731
     262      14.9172
     263      14.5388
     264      14.7967
     265      15.5651
     266      15.2741
     267      15.4274
     268      15.1876
     269      15.1539
     270      14.8062
     271      14.9685
     272      14.9568
     273      14.9339
     274      14.5165
     275      14.3579
     276      14.7249
     277      14.8069
     278      15.0553
     279      14.4975
     280      15.3898
     281      15.0927
     282      15.3514
     283      15.3656
     284      15.1421
     285      15.2057
     286      14.8953
     287      15.4713
     288      14.9428
     289      15.7905
     290      15.4850
     291      15.7224
     292      15.1536
     293      14.6885
     294      15.1211
     295      14.9534
     296      15.2661
     297      15.5489
     298      15.1502
     299      14.7102
     300      14.8506
     301      14.6725
     302      15.4976
     303      14.8665
     304      14.7321
     305      14.6074
     306      15.0099
     307      14.8197
     308      14.7559
     309      15.0806
     310      15.5375
     311      15.5839
     312      15.2892
     313      15.1516
     314      14.8959
     315      15.2379
     316      15.3927
     317      15.2869
     318      15.2350
     319      15.0813
     320      15.6086
     321      15.1841
     322      15.3372
     323      15.0350
     324      15.2588
     325      15.0255
     326      15.3529
     327      15.6583
     328      15.1108
     329      15.5680
     330      14.9379
     331      14.9123
     332      14.7143
     333      15.0861
     334      15.2093
     335      14.9830
     336      14.5233
     337      15.4439
     338      14.8918
     339      15.2373
     340      15.1875
     341      14.8201
     342      15.0943
     343      15.1909
     344      14.9933
     345      15.0290
     346      15.1565
     347      15.1590
     348      14.8102
     349      14.9985
     350      14.6586
     351      14.8275
     352      14.9311
     353      14.9875
     354      14.7633
     355      14.8741
     356      15.1070
     357      14.8941
     358      14.5888
     359      14.7885
     360      14.8913
     361      14.8448
     362      15.0469
     363      15.0455
     364      14.8581
     365      14.7253
     366      15.1083
     367      14.8413
     368      14.7990
     369      14.8920
     370      14.6315
     371      15.2433
     372      15.0459
     373      15.0005
     374      15.2727
     375      14.8762
     376      15.3133
     377      14.9006
     378      15.4852
     379      15.3532
     380      15.5090
     381      15.4663
     382      14.8683
     383      14.6954
     384      15.3339
     385      15.0609
     386      14.7021
     387      15.0296
     388      15.5924
     389      15.1991
     390      15.6410
     391      15.3193
     392      15.2161
     393      15.2589
     394      14.8780
     395      15.3257
     396      15.0853
     397      14.9649
     398      15.0953
     399      15.1888
     400      15.0441
     401      15.2718
     402      15.1152
     403      14.8934
     404      14.6717
     405      14.9580
     406      14.6093
     407      14.6587
     408      15.5660
     409      15.3867
     410      15.2586
     411      15.4457
     412      15.4509
     413      15.1048
     414      15.1629
     415      15.2233
     416      15.4993
     417      15.3791
     418      14.6969
     419      14.9999
     420      15.1289
     421      15.6088
     422      15.5597
     423      14.6499
     424      15.0376
     425      15.0618
     426      15.8045
     427      15.2291
     428      15.4366
     429      15.2758
     430      15.4862
     431      15.5070
     432      15.3640
     433      14.5594
     434      15.1216
     435      15.7879
     436      15.4410
     437      15.3278
     438      15.3740
     439      15.1470
     440      14.8962
     441      15.0763
     442      14.8528
     443      15.0328
     444      15.0926
     445      15.1653
     446      14.9282
     447      14.8662
     448      14.8659
     449      14.6798
     450      14.8475
     451      15.2531
     452      15.0633
     453      15.3426
     454      15.4239
     455      15.1738
     456      15.2084
     457      14.7506
     458      15.3017
     459      14.8362
     460      14.3417
     461      15.3411
     462      15.4291
     463      14.9977
     464      15.1815
     465      15.1199
     466      14.5553
     467      15.4952
     468      14.8405
     469      14.8158
     470      14.8013
     471      15.0322
     472      15.4026
     473      15.2790
     474      14.9713
     475      14.8483
     476      15.2504
     477      15.3078
     478      15.2640
     479      15.0593
     480      15.1689
     481      14.8154
     482      14.7108
     483      15.2805
     484      15.2253
     485      15.4669
     486      15.1672
     487      14.8425
     488      15.0313
     489      15.2973
     490      15.2765
     491      15.4532
     492      15.4286
     493      15.4860
     494      15.5882
     495      15.3409
     496      15.4478
     497      15.5901
     498      15.2684
     499      15.5494
     500      15.2703
     501      15.7456
     502      14.8435
     503      14.9010
     504      14.9422
     505      14.6983
     506      14.8764
     507      15.6789
     508      15.4100
     509      14.6798
     510      15.4834
     511      15.4278
     512      15.3910
     513      15.2917
     514      15.1818
     515      14.8394
     516      15.5663
     517      14.7600
     518      14.6665
     519      15.1117
     520      15.2632
     521      14.7775
     522      14.9552
     523      15.3235
     524      15.0070
     525      15.0656
     526      14.9464
     527      15.3445
     528      14.4762
     529      14.8331
     530      15.3845
     531      15.0844
     532      14.9804
     533      15.2705
     534      15.0709
     535      15.2342
     536      15.2695
     537      15.5147
     538      15.5390
     539      15.3148
     540      15.0283
     541      15.2335
     542      15.0649
     543      15.4099
     544      15.2578
     545      15.2289
     546      15.0641
     547      15.1419
     548      15.4720
     549      15.3076
     550      15.4575
     551      15.1147
     552      15.4553
     553      15.1766
     554      15.2245
     555      15.2664
     556      15.4753
     557      15.3915
     558      15.4586
     559      15.9057
     560      15.5784
     561      15.7795
     562      15.8373
     563      15.2418
     564      15.6717
     565      15.9118
     566      15.1990
     567      15.6723
     568      15.9411
     569      15.3867
     570      14.9565
     571      15.3502
     572      15.5850
     573      15.3386
     574      14.9405
     575      15.6048
     576      15.6642
     577      15.2586
     578      15.2906
     579      15.4013
     580      15.5700
     581      15.0803
     582      15.4664
     583      15.6901
     584      15.7315
     585      15.8926
     586      15.3268
     587      14.9506
     588      15.0572
     589      14.9233
     590      15.7072
     591      14.9924
     592      15.2370
     593      15.1518
     594      14.7669
     595      15.5670
     596      15.5111
     597      14.8621
     598      15.2384
     599      15.2806
     600      15.5388
     601      15.2938
     602      15.1616
     603      14.9823
     604      15.8042
     605      15.5611
     606      15.5532
     607      15.6146
     608      15.3119
     609      15.3059
     610      15.2484
     611      14.9798
     612      15.1155
     613      14.5506
     614      14.9175
     615      15.2354
     616      14.7386
     617      15.3639
     618      14.5882
     619      15.1397
     620      15.0256
     621      14.6768
     622      14.6965
     623      14.6259
     624      14.3435
     625      14.7536
     626      14.1862
     627      14.4740
     628      14.6447
     629      15.0048
     630      15.3517
     631      15.0216
     632      14.9112
     633      14.2827
     634      14.5708
     635      14.7293
     636      14.7635
     637      15.1037
     638      15.1442
     639      14.8273
     640      14.9546
     641      14.7815
     642      14.8156
     643      14.9612
     644      15.0378
     645      14.8293
     646      15.3315
     647      14.6802
     648      14.9481
     649      14.8660
     650      14.7188
     651      15.1667
     652      15.2773
     653      15.0814
     654      15.1062
     655      14.3110
     656      14.7660
     657      14.9115
     658      15.0836
     659      15.0420
     660      14.8350
     661      15.2621
     662      14.6586
     663      15.2265
     664      14.7591
     665      15.0943
     666      15.5554
     667      14.9786
     668      14.6161
     669      14.7984
     670      14.9068
     671      15.0781
     672      14.8053
     673      14.5951
     674      15.0439
     675      14.7007
     676      14.3505
     677      15.3416
     678      15.2694
     679      15.5491
     680      14.8885
     681      14.9415
     682      15.5514
     683      14.6713
     684      14.6674
     685      14.7278
     686      14.7554
     687      15.2787
     688      14.9791
     689      14.5240
     690      14.9658
     691      14.3329
     692      14.8652
     693      14.7979
     694      14.5235
     695      14.5957
     696      14.8375
     697      14.9692
     698      14.5853
     699      15.0506
     700      14.7871
     701      14.7822
     702      14.7761
     703      15.1883
     704      14.9757
     705      14.8556
     706      15.1120
     707      15.1553
     708      14.8153
     709      14.6252
     710      14.3832
     711      14.3189
     712      14.6335
     713      14.9771
     714      14.9315
     715      14.8284
     716      15.0301
     717      15.1869
     718      15.4922
     719      14.7712
     720      14.9197
     721      15.1868
     722      14.8788
     723      14.4444
     724      14.8304
     725      14.4652
     726      15.0521
     727      14.7293
     728      15.1861
     729      14.7987
     730      15.0888
     731      15.2083
     732      14.7018
     733      14.7632
     734      14.6810
     735      14.8143
     736      15.2830
     737      15.4090
     738      14.6830
     739      14.7986
     740      15.0106
     741      15.0596
     742      15.1591
     743      14.5052
     744      14.8781
     745      14.5143
     746      14.9099
     747      14.8016
     748      14.3211
     749      14.4790
     750      14.6860
     751      15.1146
     752      15.0585
     753      14.9662
     754      14.5943
     755      14.8287
     756      15.0282
     757      15.1671
     758      15.1344
     759      15.3582
     760      15.1247
     761      15.2089
     762      15.6404
     763      15.2537
     764      14.7615
     765      14.9646
     766      15.1707
     767      15.3956
     768      14.5807
     769      14.6637
     770      14.9746
     771      14.3875
     772      14.9170
     773      15.1196
     774      15.2179
     775      14.8682
     776      15.1560
     777      15.0920
     778      14.6695
     779      14.7328
     780      15.3277
     781      14.9596
     782      15.2789
     783      14.9231
     784      14.8693
     785      15.6514
     786      15.2368
     787      15.3075
     788      14.9720
     789      14.7529
     790      15.2507
     791      15.0194
     792      14.8817
     793      15.3673
     794      15.4512
     795      14.7822
     796      14.5638
     797      14.7661
     798      14.7300
     799      14.6250
     800      14.8639
     801      14.7212
     802      15.0841
     803      15.1400
     804      14.3336
     805      14.4538
     806      14.8664
     807      14.6169
     808      15.0681
     809      14.7576
     810      15.0342
     811      15.3712
     812      14.4418
     813      14.9470
     814      14.9626
     815      15.0114
     816      14.9463
     817      14.9851
     818      14.9328
     819      14.9755
     820      15.3574
     821      14.7375
     822      14.8201
     823      14.7469
     824      15.2243
     825      14.7203
     826      14.4725
     827      15.1405
     828      15.0625
     829      15.0110
     830      15.1605
     831      14.8347
     832      14.4806
     833      15.3419
     834      14.8611
     835      15.1976
     836      14.9024
     837      15.6175
     838      15.2161
     839      14.9393
     840      14.6144
     841      14.8417
     842      14.5340
     843      15.1855
     844      14.9366
     845      14.9074
     846      15.0134
     847      14.9538
     848      14.5689
     849      14.8284
     850      14.9622
     851      14.7343
     852      14.7744
     853      14.5054
     854      14.3743
     855      14.3912
     856      14.8877
     857      14.8082
     858      14.9616
     859      15.2305
     860      14.8474
     861      15.1834
     862      14.8320
     863      15.2475
     864      15.1887
     865      14.7018
     866      14.5833
     867      15.2880
     868      14.6832
     869      15.0518
     870      14.7610
     871      14.7354
     872      14.5705
     873      14.9994
     874      14.4283
     875      14.6274
     876      15.1020
     877      14.8853
     878      14.9157
     879      14.7072
     880      14.0277
     881      14.8783
     882      14.7253
     883      14.7522
     884      14.4014
     885      14.7754
     886      14.6956
     887      14.7867
     888      14.6624
     889      14.6384
     890      15.0544
     891      14.6800
     892      14.5202
     893      15.3515
     894      14.8346
     895      15.4923
     896      15.1553
     897      15.0009
     898      15.3435
     899      14.9676
     900      15.0503
     901      14.8220
     902      15.3617
     903      15.2099
     904      15.0954
     905      14.9838
     906      14.7542
     907      15.2312
     908      14.9637
     909      15.3141
     910      15.2451
     911      15.1247
     912      15.4005
     913      14.8258
     914      15.3114
     915      14.6817
     916      14.6560
     917      14.7567
     918      15.2012
     919      15.0618
     920      15.2600
     921      15.0079
     922      14.7388
     923      15.1517
     924      15.2967
     925      15.2537
     926      15.0476
     927      14.6319
     928      15.4981
     929      14.7931
     930      14.8758
     931      14.7778
     932      14.5032
     933      14.8619
     934      14.8541
     935      14.7516
     936      14.6919
     937      14.8488
     938      15.1388
     939      14.9746
     940      15.3651
     941      15.1548
     942      15.4473
     943      15.0431
     944      15.4508
     945      15.4384
     946      15.3182
     947      14.8316
     948      14.9261
     949      15.3517
     950      15.0643
     951      15.0848
     952      15.2750
     953      15.0559
     954      15.0126
     955      15.1591
     956      15.2247
     957      15.4359
     958      15.0432
     959      15.2901
     960      14.7193
     961      15.8563
     962      15.7584
     963      15.0034
     964      15.1615
     965      14.9847
     966      15.4642
     967      15.4088
     968      15.4977
     969      15.3844
     970      15.6867
     971      15.7076
     972      15.5842
     973      15.0839
     974      15.9743
     975      15.4341
     976      15.3937
     977      15.5281
     978      14.9271
     979      15.0865
     980      15.5199
     981      14.9804
     982      15.3433
     983      14.7934
     984      15.2056
     985      15.0386
     986      15.4570
     987      14.8010
     988      15.1467
     989      15.3424
     990      14.8649
     991      15.1081
     992      14.8307
     993      15.0950
     994      15.6816
     995      15.0170
     996      15.2932
     997      14.9110
     998      15.2107
     999      15.0704
    1000      14.8657
    1001      14.5487
    1002      15.1168
    1003      14.7093
    1004      14.6529
    1005      14.8444
    1006      14.9119
    1007      15.1238
    1008      15.0756
    1009      14.5883
    1010      15.3201
    1011      14.9848
    1012      14.8952
    1013      14.5389
    1014      14.9550
    1015      14.8212
    1016      14.3238
    1017      14.6764
    1018      14.5159
    1019      14.6540
    1020      14.6724
    1021      15.2162
    1022      14.4253
    1023      14.9067
    1024      14.9066
    1025      15.1919
    1026      15.2943
    1027      14.7139
    1028      14.6755
    1029      14.7646
    1030      15.0378
    1031      15.0497
    1032      15.0127
    1033      15.3987
    1034      14.7122
    1035      15.6026
    1036      15.3075
    1037      15.4212
    1038      14.6844
    1039      14.9169
    1040      14.6797
    1041      14.8142
    1042      14.0073
    1043      14.7370
    1044      15.1567
    1045      14.9328
    1046      15.1022
    1047      15.3414
    1048      15.1317
    1049      15.2482
    1050      15.1614
    1051      14.2894
    1052      14.9401
    1053      14.4519
    1054      15.0111
    1055      15.0790
    1056      14.8326
    1057      15.0547
    1058      14.9587
    1059      15.1972
    1060      15.0000
    1061      14.4994
    1062      14.7202
    1063      14.6496
    1064      15.2223
    1065      15.3118
    1066      15.3167
    1067      14.8246
    1068      14.7577
    1069      14.7192
    1070      14.9542
    1071      14.6758
    1072      14.9775
    1073      15.0529
    1074      14.7429
    1075      15.1996
    1076      14.6540
    1077      14.9471
    1078      15.7393
    1079      15.1418
    1080      14.8063
    1081      15.0905
    1082      15.3286
    1083      15.5821
    1084      15.1341
    1085      15.3819
    1086      15.1720
    1087      15.1706
    1088      15.0707
    1089      14.8036
    1090      14.5216
    1091      14.3393
    1092      15.0856
    1093      14.8537
    1094      14.6939
    1095      14.8495
    1096      15.0021
    1097      14.5719
    1098      14.5183
    1099      14.8057
    1100      15.3753
    1101      15.4563
    1102      15.3636
    1103      15.0434
    1104      15.4463
    1105      15.2058
    1106      14.6823
    1107      15.2829
    1108      14.7511
    1109      15.2794
    1110      15.2122
    1111      15.1203
    1112      15.1764
    1113      15.3468
    1114      15.3419
    1115      15.2567
    1116      15.0807
    1117      15.1916
    1118      14.6574
    1119      14.9845
    1120      14.5464
    1121      14.8000
    1122      15.0503
    1123      15.1409
    1124      15.2359
    1125      15.1650
    1126      15.0555
    1127      14.7413
    1128      14.6029
    1129      14.5254
    1130      14.6043
    1131      15.0832
    1132      14.8317
    1133      15.1341
    1134      14.6542
    1135      15.7839
    1136      15.1632
    1137      14.9867
    1138      14.6647
    1139      14.6474
    1140      14.5975
    1141      14.8997
    1142      14.9333
    1143      15.0113
    1144      15.0487
    1145      15.0370
    1146      14.9650
    1147      14.8740
    1148      15.1155
    1149      14.9441
    1150      15.1780
    1151      15.5521
    1152      15.2883
    1153      15.6511
    1154      14.7735
    1155      14.5660
    1156      14.8310
    1157      15.3715
    1158      15.3905
    1159      15.9535
    1160      15.0902
    1161      14.7677
    1162      15.3127
    1163      14.9981
    1164      15.5219
    1165      14.8856
    1166      14.8408
    1167      15.0637
    1168      15.0418
    1169      14.6964
    1170      15.3667
    1171      15.4290
    1172      15.0208
    1173      15.4060
    1174      15.1770
    1175      15.4885
    1176      15.3718
    1177      14.9025
    1178      15.4585
    1179      14.8329
    1180      14.7326
    1181      15.2359
    1182      14.9079
    1183      15.1161
    1184      15.4712
    1185      15.0161
    1186      15.4236
    1187      15.5120
    1188      15.6105
    1189      15.4498
    1190      15.6725
    1191      14.9857
    1192      15.1571
    1193      14.6734
    1194      14.8813
    1195      15.1521
    1196      15.1822
    1197      15.1993
    1198      15.1864
    1199      15.5972
    1200      14.9948
    1201      15.2921
    1202      15.1160
    1203      15.0888
    1204      14.8119
    1205      15.3644
    1206      14.5145
    1207      15.3388
    1208      15.1299
    1209      15.0955
    1210      15.2392
    1211      15.0640
    1212      15.0879
    1213      15.3804
    1214      15.1187
    1215      15.7477
    1216      15.1108
    1217      15.4920
    1218      15.7128
    1219      15.5910
    1220      15.2892
    1221      14.8126
    1222      15.4387
    1223      15.6757
    1224      15.3493
    1225      15.2562
    1226      14.9350
    1227      14.8762
    1228      14.8758
    1229      15.0553
    1230      14.4934
    1231      15.3796
    1232      14.9702
    1233      15.1840
    1234      14.5486
    1235      14.9131
    1236      14.9058
    1237      14.7951
    1238      15.1869
    1239      15.3550
    1240      14.9629
    1241      15.1526
    1242      14.9098
    1243      15.1891
    1244      15.1250
    1245      15.1408
    1246      15.2101
    1247      14.9953
    1248      15.0717
    1249      15.4947
    1250      15.2480
    1251      15.0072
    1252      15.4533
    1253      15.0007
    1254      14.8160
    1255      14.6771
    1256      15.2629
    1257      15.1568
    1258      15.1661
    1259      15.4462
    1260      15.2537
    1261      14.8788
    1262      14.6296
    1263      14.9187
    1264      15.2667
    1265      15.1810
    1266      15.4507
    1267      14.9089
    1268      15.3494
    1269      15.0881
    1270      14.9253
    1271      14.6997
    1272      14.8677
    1273      15.0108
    1274      15.3569
    1275      15.1146
    1276      15.6519
    1277      14.6887
    1278      14.8838
    1279      15.0574
    1280      14.7404
    1281      14.6620
    1282      14.9149
    1283      15.0838
    1284      14.9319
    1285      14.7347
    1286      14.6825
    1287      15.1843
    1288      14.5786
    1289      15.0070
    1290      15.4578
    1291      15.2550
    1292      14.7014
    1293      15.6658
    1294      14.7277
    1295      15.1371
    1296      14.5629
    1297      15.0391
    1298      15.0826
    1299      15.1653
    1300      15.1738
    1301      15.7604
    1302      15.2065
    1303      15.2536
    1304      15.6045
    1305      15.1667
    1306      15.2330
    1307      15.4863
    1308      15.4317
    1309      14.8868
    1310      15.3878
    1311      15.0502
    1312      15.0005
    1313      15.1603
    1314      15.2423
    1315      15.2415
    1316      15.2507
    1317      15.2581
    1318      15.5108
    1319      15.5290
    1320      15.3049
    1321      15.5687
    1322      15.0642
    1323      15.2074
    1324      15.1915
    1325      14.8903
    1326      15.0964
    1327      15.2754
    1328      15.0767
    1329      15.5763
    1330      15.4454
    1331      15.1325
    1332      14.9488
    1333      15.1584
    1334      15.2066
    1335      14.6976
    1336      14.8030
    1337      15.2987
    1338      15.0783
    1339      15.7147
    1340      15.1361
    1341      14.9803
    1342      14.8217
    1343      15.2221
    1344      14.5148
    1345      14.7497
    1346      15.1142
    1347      16.4752
    1348      15.8618
    1349      15.5572
    1350      15.2145
    1351      14.4322
    1352      14.8514
    1353      14.7990
    1354      15.3452
    1355      14.8454
    1356      14.6938
    1357      15.0772
    1358      14.7329
    1359      14.6412
    1360      14.8728
    1361      15.0435
    1362      15.2164
    1363      15.2939
    1364      15.3268
    1365      15.0566
    1366      15.0720
    1367      15.1542
    1368      15.2516
    1369      15.2133
    1370      14.6751
    1371      15.1288
    1372      15.3546
    1373      14.9376
    1374      14.4591
    1375      14.9062
    1376      14.8038
    1377      15.5947
    1378      15.4638
    1379      15.7675
    1380      15.6270
    1381      15.2009
    1382      15.1262
    1383      14.5641
    1384      15.3319
    1385      15.3172
    1386      14.9778
    1387      15.2212
    1388      15.2735
    1389      15.0050
    1390      15.2607
    1391      15.0296
    1392      15.0759
    1393      15.1858
    1394      14.6926
    1395      14.8188
    1396      15.3295
    1397      15.1963
    1398      15.1698
    1399      15.1278
    1400      14.9324
    1401      15.3335
    1402      14.9664
    1403      15.1162
    1404      14.9204
    1405      14.9385
    1406      14.9605
    1407      14.7958
    1408      14.5929
    1409      14.6686
    1410      15.4430
    1411      14.8313
    1412      15.7299
    1413      15.6604
    1414      15.1328
    1415      15.4670
    1416      14.8513
    1417      14.9713
    1418      14.4866
    1419      15.1076
    1420      15.0938
    1421      15.0139
    1422      15.0685
    1423      14.9038
    1424      15.8568
    1425      14.9135
    1426      15.1940
    1427      14.9162
    1428      15.1538
    1429      14.3473
    1430      15.1965
    1431      14.9807
    1432      15.4766
    1433      14.9953
    1434      15.2300
    1435      16.0191
    1436      15.2380
    1437      15.0671
    1438      15.1961
    1439      15.3615
    1440      15.1558
    1441      14.6002
    1442      14.8283
    1443      14.9945
    1444      15.1851
    1445      14.9070
    1446      15.7050
    1447      14.8443
    1448      15.4000
    1449      14.7820
    1450      14.9544
    1451      15.2272
    1452      15.4651
    1453      15.4851
    1454      15.1588
    1455      15.5786
    1456      15.1767
    1457      15.5509
    1458      15.3634
    1459      15.5357
    1460      15.0520
    1461      15.2865
    1462      14.9330
    1463      15.1958
    1464      15.4895
    1465      15.3305
    1466      14.9802
    1467      15.2855
    1468      15.1427
    1469      15.2822
    1470      14.8437
    1471      15.1393
    1472      14.9762
    1473      15.6034
    1474      16.0671
    1475      15.7560
    1476      15.8949
    1477      15.6233
    1478      15.5252
    1479      15.6837
    1480      15.2731
    1481      15.6986
    1482      15.3555
    1483      15.8449
    1484      15.5101
    1485      15.1600
    1486      15.6264
    1487      15.4911
    1488      15.3278
    1489      15.6777
    1490      15.1130
    1491      15.5675
    1492      15.4353
    1493      14.7141
    1494      15.2419
    1495      15.9788
    1496      14.9832
    1497      15.2423
    1498      15.1093
    1499      14.9746
    1500      15.3520
    1501      15.0205
    1502      14.4522
    1503      15.3401
    1504      14.7609
    1505      14.9596
    1506      14.7718
    1507      15.2669
    1508      15.4005
    1509      15.4076
    1510      15.2186
    1511      15.3789
    1512      15.6667
    1513      15.5121
    1514      15.0013
    1515      15.6725
    1516      15.0482
    1517      15.7500
    1518      15.4044
    1519      15.4143
    1520      15.4969
    1521      15.4088
    1522      15.3982
    1523      14.8074
    1524      15.5262
    1525      15.1337
    1526      15.2454
    1527      15.4674
    1528      15.4501
    1529      15.2736
    1530      14.9756
    1531      14.9642
    1532      15.6560
    1533      14.8574
    1534      14.9375
    1535      14.7833
    1536      14.6316
    1537      14.5093
    1538      14.6472
    1539      15.1689
    1540      14.0780
    1541      14.2109
    1542      14.8885
    1543      14.8146
    1544      15.4332
    1545      15.2907
    1546      14.9070
    1547      15.1135
    1548      15.2907
    1549      14.8991
    1550      14.6020
    1551      14.4581
    1552      15.0603
    1553      14.7221
    1554      15.1692
    1555      14.9975
    1556      15.4966
    1557      15.5166
    1558      15.2635
    1559      14.9169
    1560      15.4263
    1561      14.7749
    1562      14.9761
    1563      15.2298
    1564      14.6298
    1565      14.8663
    1566      14.8915
    1567      15.0420
    1568      13.9506
    1569      15.0595
    1570      14.7562
    1571      14.7449
    1572      15.0236
    1573      15.3601
    1574      15.3507
    1575      15.0002
    1576      15.0402
    1577      15.0732
    1578      15.3797
    1579      15.6339
    1580      15.5152
    1581      15.2841
    1582      15.3783
    1583      15.1179
    1584      15.1993
    1585      15.4971
    1586      15.4374
    1587      15.5484
    1588      15.1323
    1589      15.2446
    1590      14.9531
    1591      14.9860
    1592      15.1303
    1593      14.7210
    1594      14.6791
    1595      14.9295
    1596      14.7485
    1597      14.6776
    1598      14.9088
    1599      14.9050
    1600      15.1044
    1601      15.3090
    1602      15.4843
    1603      15.0954
    1604      14.8540
    1605      14.8801
    1606      14.3212
    1607      14.6021
    1608      15.0632
    1609      14.7737
    1610      14.7204
    1611      15.0650
    1612      15.5767
    1613      15.3930
    1614      14.5388
    1615      15.1716
    1616      14.7443
    1617      15.2892
    1618      15.0454
    1619      15.1437
    1620      14.8372
    1621      15.4300
    1622      15.4495
    1623      15.1369
    1624      15.2801
    1625      14.6090
    1626      15.1767
    1627      15.3694
    1628      15.2451
    1629      15.2090
    1630      15.0581
    1631      14.6970
    1632      14.5408
    1633      15.4015
    1634      14.9951
    1635      15.5034
    1636      14.7846
    1637      14.6666
    1638      14.6508
    1639      14.8989
    1640      14.5525
    1641      14.8875
    1642      14.7405
    1643      15.0910
    1644      15.3568
    1645      15.3940
    1646      14.8658
    1647      15.1408
    1648      14.9627
    1649      15.5200
    1650      15.3496
    1651      14.7838
    1652      15.0130
    1653      14.7344
    1654      15.1267
    1655      15.1429
    1656      15.0849
    1657      14.8822
    1658      14.9383
    1659      15.1182
    1660      14.9596
    1661      14.6988
    1662      14.8773
    1663      15.0753
    1664      14.9221
    1665      14.9645
    1666      14.4018
    1667      15.2204
    1668      15.0450
    1669      14.9312
    1670      15.3432
    1671      15.1750
    1672      14.9412
    1673      15.1631
    1674      15.2921
    1675      15.0092
    1676      15.5762
    1677      15.1145
    1678      15.0026
    1679      14.8322
    1680      15.3024
    1681      15.1601
    1682      15.1975
    1683      14.7587
    1684      14.9669
    1685      14.6980
    1686      14.8277
    1687      14.6734
    1688      15.1451
    1689      15.2976
    1690      14.8341
    1691      15.4361
    1692      14.6776
    1693      14.6737
    1694      14.9784
    1695      15.1786
    1696      15.4211
    1697      15.7407
    1698      14.7786
    1699      15.3354
    1700      14.7801
    1701      15.2544
    1702      14.8978
    1703      15.2804
    1704      15.0459
    1705      15.3502
    1706      15.5705
    1707      15.1661
    1708      14.7326
    1709      15.3357
    1710      15.2016
    1711      14.7337
    1712      14.6091
    1713      14.8027
    1714      15.4112
    1715      15.7724
    1716      15.2823
    1717      15.1867
    1718      15.1901
    1719      15.3874
    1720      15.9781
    1721      14.9413
    1722      14.9365
    1723      15.5001
    1724      15.1325
    1725      15.0187
    1726      15.2424
    1727      15.5235
    1728      15.0635
    1729      15.5704
    1730      15.0401
    1731      15.0177
    1732      15.4446
    1733      15.1241
    1734      14.9413
    1735      15.2901
    1736      15.1365
    1737      14.7234
    1738      14.9646
    1739      14.7619
    1740      15.3262
    1741      14.7491
    1742      15.5918
    1743      15.3377
    1744      15.4067
    1745      14.7222
    1746      15.3925
    1747      15.1654
    1748      15.4850
    1749      15.6029
    1750      15.2181
    1751      16.1607
    1752      16.1441
    1753      15.9569
    1754      15.9786
    1755      15.7538
    1756      15.7460
    1757      15.1827
    1758      15.4793
    1759      15.4394
    1760      15.7587
    1761      15.5379
    1762      15.5055
    1763      15.2589
    1764      15.9425
    1765      15.4794
    1766      15.4131
    1767      15.0478
    1768      15.2044
    1769      14.6881
    1770      15.2272
    1771      14.9040
    1772      14.5794
    1773      15.2824
    1774      15.5617
    1775      15.7753
    1776      15.2453
    1777      15.8318
    1778      15.2710
    1779      15.5689
    1780      15.2703
    1781      14.8269
    1782      15.4069
    1783      15.1804
    1784      15.4915
    1785      15.6231
    1786      15.0881
    1787      16.0696
    1788      15.1645
    1789      15.2007
    1790      15.2743
    1791      15.4498
    1792      15.5149
    1793      16.0479
    1794      15.9443
    1795      15.9167
    1796      15.7547
    1797      15.4304
    1798      15.0309
    1799      15.3946
    1800      15.7287
    1801      15.0954
    1802      15.4823
    1803      15.5413
    1804      15.4661
    1805      16.2094
    1806      15.9133
    1807      15.3880
    1808      15.8325
    1809      14.7549
    1810      15.5415
    1811      15.1121
    1812      15.3629
    1813      15.0722
    1814      15.6283
    1815      15.4026
    1816      15.4573
    1817      15.6547
    1818      15.6266
    1819      15.5724
    1820      15.4211
    1821      15.1092
    1822      15.5164
    1823      15.2192
    1824      15.5078
    1825      15.8402
    1826      15.2985
    1827      15.4023
    1828      15.2179
    1829      14.9472
    1830      15.1192
    1831      15.5140
    1832      15.4831
    1833      15.2901
    1834      15.5711
    1835      15.6129
    1836      15.3597
    1837      15.7210
    1838      15.0531
    1839      14.6589
    1840      15.2497
    1841      15.7376
    1842      15.2114
    1843      15.0852
    1844      15.1722
    1845      14.9947
    1846      14.7900
    1847      14.9967
    1848      14.7899
    1849      15.1705
    1850      15.2080
    1851      14.9236
    1852      15.1539
    1853      15.3472
    1854      15.4412
    1855      15.6716
    1856      15.5311
    1857      15.6691
    1858      15.3048
    1859      15.5604
    1860      15.5853
    1861      15.8024
    1862      15.8629
    1863      16.4088
    1864      16.2010
    1865      15.1686
    1866      15.4892
    1867      15.9972
    1868      15.8276
    1869      15.2382
    1870      14.9920
    1871      14.9837
    1872      15.3610
    1873      15.0972
    1874      14.9265
    1875      14.9903
    1876      15.7273
    1877      15.8716
    1878      15.2338
    1879      15.7059
    1880      15.6178
    1881      15.0382
    1882      15.0350
    1883      15.5345
    1884      15.5679
    1885      15.2148
    1886      15.3695
    1887      14.8495
    1888      15.4447
    1889      15.3438
    1890      15.3273
    1891      15.1566
    1892      15.2324
    1893      14.9333
    1894      14.9680
    1895      15.0648
    1896      15.0990
    1897      15.3283
    1898      15.5071
    1899      15.4447
    1900      15.4929
    1901      14.6070
    1902      15.5903
    1903      15.3481
    1904      15.0925
    1905      14.5793
    1906      14.9465
    1907      15.4775
    1908      14.8738
    1909      15.4374
    1910      14.6656
    1911      14.6477
    1912      15.2834
    1913      15.2067
    1914      15.3356
    1915      15.2107
    1916      15.1733
    1917      15.6035
    1918      15.5521
    1919      15.3864
    1920      14.5755
    1921      14.8285
    1922      14.8638
    1923      15.3372
    1924      15.0177
    1925      14.8803
    1926      14.7583
    1927      14.4948
    1928      14.8739
    1929      15.1079
    1930      15.1754
    1931      15.1172
    1932      15.0264
    1933      14.4497
    1934      14.8396
    1935      15.7006
    1936      15.2437
    1937      15.3437
    1938      15.3342
    1939      14.6812
    1940      15.0377
    1941      15.3907
    1942      14.9711
    1943      14.6906
    1944      15.3708
    1945      15.1608
    1946      15.4409
    1947      15.4276
    1948      14.8375
    1949      15.0191
    1950      14.8133
    1951      15.0392
    1952      15.3478
    1953      15.0871
    1954      15.2038
    1955      14.9332
    1956      14.8822
    1957      15.0846
    1958      14.8354
    1959      14.7758
    1960      14.7153
    1961      14.6941
    1962      14.9740
    1963      15.1939
    1964      14.5264
    1965      15.0992
    1966      14.9870
    1967      14.7784
    1968      14.7023
    1969      14.9941
    1970      15.1191
    1971      15.3000
    1972      15.6033
    1973      14.9024
    1974      15.5523
    1975      14.8742
    1976      14.4407
    1977      14.8152
    1978      15.0065
    1979      14.8628
    1980      14.6595
    1981      14.9669
    1982      15.0837
    1983      15.3193
    1984      15.4142
    1985      14.8344
    1986      15.0854
    1987      14.7885
    1988      15.0396
    1989      14.9512
    1990      15.0645
    1991      15.1260
    1992      15.0026
    1993      14.8575
    1994      14.6358
    1995      14.7796
    1996      14.7804
    1997      14.7721
    1998      15.2217
    1999      14.6035
    2000      15.0520
