#Frame            sb1          sb2
       1       4.1662       2.8333
       2       3.5973       2.8079
       3       3.9210       2.8230
       4       3.9119       2.7643
       5       3.7290       2.8343
       6       4.0463       2.7711
       7       4.0279       2.8660
       8       3.9823       2.7158
       9       3.4047       2.8899
      10       3.6991       2.6416
      11       3.5860       2.8130
      12       4.0316       2.7904
      13       3.6031       2.7663
      14       4.0110       2.7508
      15       3.8918       2.7727
      16       3.8714       3.1382
      17       4.0033       2.6232
      18       3.6983       2.6883
      19       3.9698       2.7654
      20       4.0310       2.6674
      21       3.5062       2.7937
      22       3.5928       2.6099
      23       3.7725       2.8936
      24       3.7871       2.8243
      25       4.0136       2.6948
      26       3.9289       2.8338
      27       3.8946       2.7935
      28       3.8974       2.7340
      29       3.5975       2.7462
      30       3.9559       2.7681
      31       4.2569       2.9429
      32       4.0190       2.7926
      33       3.7769       2.9773
      34       3.3942       2.6250
      35       3.9346       2.7217
      36       4.2935       2.7716
      37       4.0214       2.7622
      38       4.4404       2.8163
      39       4.1644       2.7003
      40       4.1318       2.6954
      41       4.3967       2.7434
      42       4.4688       2.8552
      43       4.1199       2.6423
      44       4.0756       2.7729
      45       4.2511       2.6745
      46       3.8855       2.8635
      47       4.0468       2.5765
      48       3.5422       2.6623
      49       3.6707       2.6405
      50       4.3347       2.6717
      51       4.4568       2.7143
      52       3.7785       2.6728
      53       4.1551       2.7789
      54       3.9571       2.9141
      55       4.2365       2.8635
      56       4.2694       2.7624
      57       4.0510       2.7585
      58       4.1273       2.6163
      59       3.9324       2.8532
      60       3.9752       2.9053
      61       3.7177       2.7967
      62       4.1114       2.6779
      63       3.9552       2.8487
      64       3.9517       2.6930
      65       3.9413       2.6940
      66       4.1219       2.6927
      67       3.9295       2.7646
      68       3.7981       2.9212
      69       3.8336       2.8193
      70       4.1404       2.8067
      71       3.9921       3.0049
      72       3.8029       2.7101
      73       4.2583       2.7155
      74       3.9545       2.7687
      75       3.8515       2.7150
      76       3.4344       2.8164
      77       3.3797       2.7427
      78       4.2506       2.7702
      79       3.5310       2.7619
      80       3.6640       2.7363
      81       3.9447       2.7349
      82       4.1410       2.6400
      83       3.8045       2.9288
      84       4.0545       2.8397
      85       3.9665       2.7840
      86       4.2785       2.7790
      87       4.0806       2.7887
      88       3.9537       2.6543
      89       4.2704       2.8104
      90       3.9672       2.6895
      91       3.7859       2.8817
      92       3.6711       2.7544
      93       4.2249       2.6222
      94       3.6836       2.6801
      95       4.3587       2.6741
      96       3.6070       2.7583
      97       3.9254       2.7673
      98       4.0056       2.7882
      99       3.9949       2.8036
     100       3.8056       2.7712
     101       3.9290       2.5943
     102       3.4792       2.8524
     103       3.4477       2.8374
     104       3.8554       2.8150
     105       3.6533       2.7979
     106       3.5359       2.7647
     107       3.5214       2.7479
     108       3.5702       2.7168
     109       3.7896       2.7073
     110       3.8784       2.7971
     111       3.3783       2.5975
     112       3.8822       2.6928
     113       3.6693       2.7153
     114       3.5101       2.6271
     115       3.6112       2.7028
     116       3.5528       2.6074
     117       3.7157       2.8809
     118       4.0878       2.7384
     119       3.8675       2.9058
     120       3.6161       2.6199
     121       3.9587       2.7601
     122       3.6421       2.8795
     123       3.3489       2.9149
     124       3.2504       2.7232
     125       3.5466       2.8527
     126       3.0731       3.0529
     127       3.4862       2.7849
     128       3.6321       2.7686
     129       3.6881       2.7870
     130       3.9152       2.8113
     131       3.4350       2.6960
     132       3.5775       2.6769
     133       3.1979       2.8734
     134       3.2472       2.8269
     135       3.4066       2.6648
     136       3.4695       2.7994
     137       4.2377       2.8982
     138       3.8858       2.7603
     139       3.7877       2.6767
     140       3.6972       2.7591
     141       3.7432       2.6834
     142       3.7653       2.8579
     143       3.9488       2.7761
     144       3.5236       2.7782
     145       3.4554       2.6620
     146       3.7699       2.7966
     147       3.6603       2.8482
     148       3.7712       2.6425
     149       3.3781       2.6201
     150       3.6732       2.7428
     151       3.7253       2.6394
     152       3.5947       2.7683
     153       3.5955       2.7990
     154       3.6606       2.8631
     155       3.3110       2.6841
     156       3.6397       2.8165
     157       3.3558       2.7241
     158       3.9424       2.6849
     159       3.8895       2.8590
     160       4.2043       2.8922
     161       3.9334       2.7507
     162       3.7796       2.6342
     163       4.0629       2.6900
     164       3.8007       2.6494
     165       3.4352       2.7370
     166       3.7878       2.6877
     167       3.6090       2.7264
     168       3.6681       2.7080
     169       3.6871       2.7749
     170       3.6889       2.6660
     171       3.6917       2.7185
     172       3.7131       2.8713
     173       3.6444       2.7041
     174       3.7226       2.8069
     175       3.6171       2.7451
     176       3.7770       3.0130
     177       3.6900       2.5826
     178       3.8804       2.8158
     179       3.5416       2.7128
     180       3.7838       2.7092
     181       3.6409       2.7326
     182       3.5523       2.7292
     183       3.5842       2.7841
     184       3.3784       2.6192
     185       3.5654       2.8871
     186       3.5935       2.8028
     187       3.4864       2.6135
     188       3.5297       2.7305
     189       3.7009       2.7958
     190       3.7997       2.7875
     191       3.7201       2.7677
     192       3.8019       2.6516
     193       3.6644       2.7301
     194       3.6589       2.7064
     195       3.7187       2.7269
     196       3.9199       2.7547
     197       3.7085       2.6758
     198       3.6022       2.7915
     199       3.6881       2.6559
     200       3.7440       2.7875
     201       3.3419       2.6646
     202       3.5104       2.6116
     203       3.5816       2.7365
     204       3.5272       2.6621
     205       4.2154       3.0745
     206       3.7843       2.8828
     207       3.8251       2.7512
     208       4.2986       2.9215
     209       4.0798       2.8528
     210       4.0768       2.7965
     211       4.1190       3.1257
     212       3.9449       2.7642
     213       3.5223       2.6501
     214       3.4556       2.7150
     215       4.0784       2.6749
     216       4.1147       2.7699
     217       3.6677       2.7240
     218       3.5799       2.7572
     219       4.0414       2.8150
     220       3.8057       2.6403
     221       3.6455       2.6905
     222       3.8514       2.8278
     223       3.6735       2.6850
     224       3.9069       2.7985
     225       3.2131       2.7564
     226       3.7016       2.8937
     227       3.8025       2.9256
     228       3.5406       2.7544
     229       3.8107       2.6767
     230       3.6928       2.6587
     231       3.6094       2.8457
     232       3.5561       2.7591
     233       4.0588       2.7372
     234       3.9920       2.8852
     235       3.9026       2.8016
     236       3.5534       2.6386
     237       3.4703       2.7286
     238       3.8589       2.7146
     239       3.7439       2.7651
     240       3.6099       2.8149
     241       3.6551       2.8762
     242       4.0633       2.7741
     243       3.7766       2.7305
     244       4.4114       2.9323
     245       4.2418       2.8060
     246       3.7700       2.7510
     247       3.6687       2.7987
     248       4.0782       2.7047
     249       3.8519       2.6939
     250       3.7539       2.7917
     251       3.9912       2.7289
     252       4.1551       2.8417
     253       4.1535       2.6306
     254       3.6689       2.7653
     255       3.8396       2.6207
     256       3.5774       2.6836
     257       3.9866       2.8181
     258       3.5093       2.8350
     259       3.6018       2.6845
     260       3.8344       2.6465
     261       3.7505       2.8781
     262       3.8240       2.8505
     263       4.1290       2.8187
     264       3.5510       2.6927
     265       3.6688       2.7809
     266       3.9505       2.8031
     267       3.7925       2.7410
     268       3.7087       2.6410
     269       3.7764       2.7799
     270       4.1141       2.7901
     271       4.0184       2.8715
     272       3.8507       2.7592
     273       4.0348       2.7053
     274       3.5693       2.7784
     275       4.0697       2.7171
     276       4.2703       3.0124
     277       3.5273       2.7719
     278       3.9057       2.9480
     279       3.6204       2.8426
     280       3.9885       2.7331
     281       3.7184       2.6857
     282       4.0478       2.7818
     283       3.7262       2.6123
     284       3.8673       2.7565
     285       4.0894       2.7920
     286       3.4938       2.8126
     287       3.4688       2.7031
     288       3.5933       2.7449
     289       3.6353       2.8556
     290       3.8849       2.8110
     291       3.9832       2.9262
     292       3.7439       2.8756
     293       4.0073       2.6398
     294       3.6632       2.8181
     295       3.3882       2.8052
     296       3.7135       2.7232
     297       3.8202       2.7331
     298       3.4895       2.5781
     299       3.3388       2.7641
     300       3.7890       2.6904
     301       4.1334       2.6869
     302       3.9764       2.9007
     303       3.2937       2.6201
     304       3.5256       2.9268
     305       3.3649       2.7347
     306       3.8995       2.7855
     307       3.4920       2.6124
     308       3.7795       3.2585
     309       3.5083       2.9557
     310       3.5713       2.7752
     311       3.7549       2.6489
     312       3.7916       2.8911
     313       3.6850       2.7006
     314       3.3588       2.7546
     315       3.7112       2.6623
     316       3.9142       2.9298
     317       3.9757       2.7563
     318       3.8515       2.7631
     319       3.8708       2.6591
     320       3.8725       2.6932
     321       3.8805       2.8883
     322       3.9914       2.7651
     323       3.8809       2.8472
     324       3.8094       2.7197
     325       3.7023       2.6402
     326       3.4858       2.7127
     327       3.8294       2.7523
     328       3.9752       2.7112
     329       3.9786       2.7723
     330       3.4554       2.9778
     331       3.7031       2.6380
     332       3.5848       2.6691
     333       3.9865       2.7276
     334       3.7359       2.7704
     335       3.9481       2.8840
     336       3.3466       2.9647
     337       3.8965       2.8824
     338       3.8231       2.8067
     339       3.6840       2.7278
     340       3.8905       2.7694
     341       3.4793       2.6979
     342       4.0404       2.8143
     343       3.9846       2.7317
     344       4.3369       2.9158
     345       4.2117       2.7025
     346       3.9170       2.7109
     347       4.3065       2.7620
     348       3.9928       2.8211
     349       4.2777       2.7478
     350       4.1022       2.6814
     351       4.4921       2.6672
     352       4.6005       3.0104
     353       4.3716       2.8565
     354       4.0676       2.6430
     355       4.2415       2.8733
     356       4.2052       2.8336
     357       4.4204       2.8168
     358       4.3627       2.8132
     359       4.4580       2.8533
     360       4.4441       2.9870
     361       4.4944       2.7990
     362       4.0071       2.7776
     363       4.0076       2.7221
     364       4.4387       2.7775
     365       4.0116       2.7233
     366       4.3922       2.7731
     367       4.1392       2.7763
     368       4.0543       2.7128
     369       4.9147       2.9517
     370       4.4113       2.6901
     371       4.1274       2.6327
     372       3.9635       2.7754
     373       4.4414       2.8390
     374       3.9239       2.7998
     375       4.2384       2.6786
     376       4.3276       2.7632
     377       4.0507       2.7312
     378       4.3334       2.7733
     379       4.4686       2.8148
     380       4.0064       2.7922
     381       4.3595       2.8732
     382       4.0065       2.6533
     383       4.3640       2.7593
     384       3.8245       2.7917
     385       3.9824       2.7486
     386       4.4621       2.7693
     387       4.1831       2.6784
     388       4.1694       2.5800
     389       3.8767       2.7753
     390       4.1722       2.6692
     391       4.3231       2.6669
     392       4.4879       2.7660
     393       4.1515       2.6745
     394       4.5719       2.7390
     395       4.2732       2.8255
     396       4.3844       2.8169
     397       4.2308       2.6498
     398       4.3492       2.7659
     399       4.4500       2.7404
     400       4.3641       2.6654
     401       4.2764       2.7796
     402       4.6606       2.9937
     403       3.4829       2.6117
     404       4.1102       2.6338
     405       4.2307       2.7319
     406       4.2012       2.8109
     407       3.7926       2.7528
     408       4.3788       2.7263
     409       4.2337       2.6339
     410       4.4400       2.7190
     411       4.4060       2.7073
     412       4.4774       2.7629
     413       3.7672       2.5409
     414       4.1637       2.7708
     415       4.4138       2.7680
     416       4.2018       2.8336
     417       4.2476       2.8573
     418       4.2215       2.6259
     419       4.0602       2.8962
     420       4.2820       2.6609
     421       4.3310       2.6993
     422       4.2166       2.7191
     423       4.7502       3.0213
     424       4.2476       2.7396
     425       4.5371       2.7044
     426       4.4062       2.7736
     427       4.1640       2.7140
     428       4.5069       2.8020
     429       4.5285       2.9488
     430       4.2808       2.6426
     431       4.8619       2.8805
     432       4.4106       2.8220
     433       4.2560       2.7564
     434       3.9532       2.6637
     435       4.1083       2.6753
     436       4.5479       2.7346
     437       4.2061       2.8393
     438       4.3352       2.8458
     439       4.4085       2.7608
     440       4.1572       2.6934
     441       4.2859       2.9220
     442       3.7792       2.6137
     443       4.4539       2.6883
     444       4.3222       2.6070
     445       4.1067       2.8485
     446       4.2540       2.6708
     447       4.4580       2.8170
     448       5.0302       3.5635
     449       4.4263       2.8157
     450       4.4659       2.7770
     451       4.4210       2.7306
     452       4.5431       2.7537
     453       4.1836       2.6959
     454       4.2657       2.7566
     455       4.1329       2.7801
     456       3.8335       2.7750
     457       4.3354       2.8386
     458       4.4592       2.8158
     459       4.0822       2.6239
     460       4.2845       2.7180
     461       3.7275       2.7807
     462       4.2802       2.6605
     463       3.6895       2.8165
     464       4.3956       2.8296
     465       4.3678       2.7662
     466       4.3825       3.0120
     467       3.9866       2.7126
     468       4.0185       2.8490
     469       4.1405       2.7488
     470       4.3922       2.7957
     471       4.2114       2.7171
     472       3.7060       2.7313
     473       4.2449       2.7038
     474       3.7920       2.7279
     475       3.8870       2.6454
     476       3.4894       2.6862
     477       4.2436       2.8086
     478       3.9929       2.6347
     479       4.2105       2.6885
     480       3.8060       2.7885
     481       4.3320       2.6743
     482       4.3741       2.9091
     483       4.2132       2.7117
     484       3.9611       2.8920
     485       4.3574       2.7611
     486       4.3602       2.6815
     487       4.1872       2.6151
     488       4.3390       2.6159
     489       4.1375       2.6314
     490       4.2005       2.6551
     491       4.3667       2.7213
     492       3.9275       2.8096
     493       4.1734       2.8560
     494       4.3113       2.7045
     495       4.2679       2.7079
     496       4.4243       2.6795
     497       3.8857       2.7322
     498       3.9764       2.6918
     499       4.3986       2.7216
     500       4.0284       2.7614
     501       4.2162       2.7403
     502       4.7173       2.9029
     503       4.1007       2.6369
     504       4.3313       2.7092
     505       4.3004       2.7299
     506       4.2277       2.8092
     507       4.0131       2.7545
     508       3.6208       2.6054
     509       4.4859       2.7963
     510       4.5960       2.8640
     511       3.9945       2.8460
     512       4.0250       2.6782
     513       4.1782       2.7316
     514       4.5436       2.9701
     515       4.4455       2.7739
     516       4.3180       2.6414
     517       3.6879       2.7656
     518       3.7686       2.6361
     519       3.5909       2.6934
     520       3.7910       2.6881
     521       3.8442       2.6782
     522       3.4846       2.8226
     523       4.0594       2.9165
     524       3.4335       2.7046
     525       3.8914       2.7028
     526       4.0975       2.8327
     527       4.2619       2.6894
     528       3.7316       2.7725
     529       4.1949       2.7208
     530       3.9707       2.7141
     531       3.5836       2.8212
     532       4.1799       2.8008
     533       4.2172       2.8708
     534       4.2168       2.8567
     535       4.0287       2.8138
     536       4.4502       2.6198
     537       3.8251       2.6394
     538       3.7709       2.7183
     539       4.1552       2.5642
     540       3.8616       2.6691
     541       4.0665       2.7744
     542       3.7806       2.6975
     543       3.9547       2.7866
     544       4.3531       2.9418
     545       4.3474       2.8288
     546       4.1867       2.6584
     547       4.3585       2.8365
     548       3.8124       2.6864
     549       3.6798       2.5998
     550       4.2908       2.6501
     551       3.8574       2.7789
     552       4.0438       2.8338
     553       4.5760       2.8863
     554       4.2339       2.7914
     555       4.3145       2.9072
     556       3.9653       2.7882
     557       4.3810       2.7442
     558       4.1336       2.7336
     559       4.3277       2.7857
     560       3.8848       2.7559
     561       4.2422       2.6755
     562       4.0263       2.7589
     563       4.1161       2.7320
     564       4.0063       2.8625
     565       4.0583       2.6816
     566       4.0475       2.7604
     567       3.8890       2.8330
     568       4.0270       2.6517
     569       4.2374       3.3379
     570       3.9554       2.7906
     571       4.3056       2.7154
     572       3.2869       2.7639
     573       3.5842       2.6203
     574       3.7235       2.8367
     575       3.7024       2.7983
     576       3.4102       2.7817
     577       3.9205       2.7516
     578       3.8386       2.6816
     579       3.6471       2.7788
     580       3.7114       2.7741
     581       3.5426       2.6770
     582       3.8589       2.9190
     583       3.9111       2.7254
     584       3.7359       2.7078
     585       3.7855       2.9456
     586       3.6285       2.8254
     587       3.9458       2.7806
     588       4.0150       3.0026
     589       4.2497       2.7486
     590       3.9387       2.5697
     591       3.7845       2.7838
     592       3.8132       2.8788
     593       3.9038       2.7283
     594       4.1315       2.8719
     595       3.5227       2.7190
     596       3.8571       2.6848
     597       4.3389       2.7072
     598       4.1194       2.7305
     599       4.0165       2.7189
     600       4.1279       2.6904
     601       4.3943       2.7922
     602       4.0892       2.7643
     603       4.1520       2.6540
     604       4.0590       2.7091
     605       3.8305       2.6723
     606       4.2653       2.7057
     607       4.1325       2.9441
     608       4.1325       2.6901
     609       3.9482       2.7926
     610       4.2230       2.7270
     611       3.6321       2.6787
     612       4.3322       2.7943
     613       4.5051       2.6957
     614       4.0947       2.9443
     615       3.3727       2.6960
     616       3.8208       2.9067
     617       3.9467       2.6468
     618       3.8498       2.8230
     619       4.2624       2.6910
     620       4.3217       2.8416
     621       3.9403       2.7816
     622       4.8780       2.9583
     623       4.4591       3.0084
     624       4.4029       3.1227
     625       4.1881       2.7128
     626       4.1958       2.5102
     627       4.1913       3.0195
     628       4.3190       2.7454
     629       4.2175       2.7737
     630       3.9996       2.7937
     631       4.3062       2.8010
     632       4.1507       2.6903
     633       5.1378       3.5898
     634       3.9786       2.6697
     635       3.8320       2.7895
     636       4.4009       2.7794
     637       4.1052       2.8098
     638       3.9895       2.7662
     639       3.9026       2.9354
     640       3.9145       2.6312
     641       4.0151       2.9746
     642       3.8699       2.8370
     643       4.3380       2.7327
     644       3.9175       2.6921
     645       3.8369       2.6859
     646       4.0705       2.8590
     647       4.0123       2.8102
     648       4.1734       2.7656
     649       4.1444       2.7250
     650       4.1787       2.6997
     651       3.8381       2.8016
     652       4.2838       2.8358
     653       4.2622       2.7877
     654       3.8121       2.8427
     655       4.4077       2.7976
     656       4.5397       2.9032
     657       4.2248       2.7932
     658       4.3236       2.7516
     659       4.2972       2.9717
     660       4.0211       2.8170
     661       3.8095       2.7651
     662       4.1077       3.0377
     663       3.8041       2.7277
     664       4.4167       3.0270
     665       4.6385       2.8593
     666       4.2429       2.7035
     667       4.4931       2.8980
     668       4.3472       2.8579
     669       4.2015       2.5996
     670       4.3955       2.7499
     671       4.1916       2.6472
     672       4.5696       2.8509
     673       4.0314       2.6456
     674       4.2109       2.6776
     675       4.1754       2.7906
     676       4.4012       2.8795
     677       4.2732       2.6580
     678       3.7277       2.7315
     679       3.9911       2.6613
     680       3.6421       2.8656
     681       3.9008       2.7876
     682       3.8525       2.7130
     683       4.0008       2.6062
     684       4.3755       2.6366
     685       3.7830       2.7542
     686       3.5886       2.8020
     687       4.2250       2.6822
     688       4.4467       2.9192
     689       4.4036       2.6370
     690       3.7473       2.6238
     691       4.1768       2.7562
     692       4.1688       2.7428
     693       4.6776       2.9285
     694       3.9138       2.6978
     695       4.0869       2.7592
     696       3.9162       2.9763
     697       4.1701       2.7860
     698       4.0647       2.7793
     699       3.6372       2.7181
     700       4.0293       2.7708
     701       4.0681       2.7355
     702       3.8636       2.8146
     703       3.7268       2.8853
     704       3.9014       2.8460
     705       4.2076       2.8820
     706       3.8517       2.7214
     707       4.4044       2.8798
     708       4.2949       2.7339
     709       4.1549       2.7865
     710       4.2187       2.7433
     711       4.6954       3.1186
     712       3.8441       2.6929
     713       4.1733       2.8890
     714       4.4207       2.6290
     715       4.4682       2.8277
     716       4.0951       2.8277
     717       3.7059       2.6991
     718       4.2911       2.7284
     719       3.9594       2.7109
     720       4.1629       2.8497
     721       4.0395       2.7991
     722       3.9321       2.7629
     723       3.3729       2.7816
     724       3.7689       2.7450
     725       3.9997       2.7398
     726       4.1202       2.8687
     727       3.6221       2.7873
     728       4.0586       2.8097
     729       3.8439       2.6282
     730       3.7992       2.5337
     731       3.8431       2.7334
     732       3.9966       2.8663
     733       3.7990       2.6171
     734       4.0112       2.7604
     735       3.9447       2.9004
     736       4.6180       2.9269
     737       4.2126       2.9037
     738       4.3370       2.6092
     739       4.2346       2.7212
     740       3.9971       2.8008
     741       3.6129       2.6831
     742       4.0939       2.6788
     743       3.7346       2.7185
     744       4.2074       2.7433
     745       4.0737       2.8801
     746       4.2675       2.8698
     747       3.9977       2.8709
     748       4.1240       2.7188
     749       4.1902       2.7339
     750       3.9226       2.7658
     751       4.1037       2.6196
     752       3.9872       2.9969
     753       3.7150       2.5993
     754       3.9783       2.8400
     755       4.1403       2.8189
     756       4.0537       2.7828
     757       3.8392       2.8861
     758       4.1335       2.7135
     759       3.9856       2.6401
     760       4.3070       2.7959
     761       3.9409       2.7436
     762       3.7847       2.8182
     763       3.9662       2.7818
     764       3.7260       2.6920
     765       3.5969       2.7636
     766       3.8987       2.7995
     767       4.0925       2.7864
     768       3.5245       2.8165
     769       4.1905       2.7256
     770       3.9689       2.8343
     771       3.8557       2.8551
     772       3.6695       2.8106
     773       3.8935       2.8725
     774       3.5298       2.7358
     775       4.2381       2.7723
     776       4.1349       2.6437
     777       3.9403       2.7943
     778       4.2727       2.6890
     779       4.2468       2.8883
     780       4.0004       2.6287
     781       4.0213       2.8181
     782       3.9865       2.7643
     783       4.1297       2.6624
     784       3.8023       2.6329
     785       4.0253       2.7520
     786       4.1089       2.6861
     787       4.0937       2.7720
     788       3.9223       2.7216
     789       3.9928       2.8011
     790       4.2704       2.7166
     791       4.0100       2.8554
     792       3.8864       2.7830
     793       4.4707       2.9040
     794       4.0863       2.7062
     795       4.1730       2.9193
     796       3.5119       2.6645
     797       3.7912       2.7943
     798       3.8041       2.8503
     799       4.0753       2.6660
     800       4.3740       2.6285
     801       3.9862       2.7203
     802       3.9228       2.7381
     803       4.1748       2.6719
     804       3.8961       2.7411
     805       3.6885       2.7028
     806       3.8438       2.7487
     807       4.2452       2.7293
     808       3.9174       2.7853
     809       4.0735       2.8550
     810       3.8936       2.6562
     811       4.1212       2.5612
     812       3.9675       2.8670
     813       3.9041       2.6982
     814       4.2740       2.7156
     815       4.3219       2.7863
     816       4.2370       3.3432
     817       4.0280       2.8183
     818       3.8171       2.9267
     819       4.2076       2.9293
     820       4.4772       2.6799
     821       4.0829       2.8080
     822       3.8410       2.7617
     823       3.9343       2.7621
     824       4.0166       2.7109
     825       3.9475       2.7768
     826       3.7947       2.8097
     827       3.7676       2.6228
     828       3.9847       2.8748
     829       4.1935       2.8096
     830       4.0092       2.9036
     831       3.8164       2.7291
     832       4.5536       2.9305
     833       4.1265       2.8425
     834       4.5372       3.0063
     835       3.7620       2.7245
     836       4.6153       3.0715
     837       4.0832       2.6524
     838       4.2465       2.6225
     839       4.1514       2.6119
     840       4.5920       2.8851
     841       4.5689       2.9000
     842       4.2842       2.7490
     843       4.7487       2.7500
     844       4.6884       2.6949
     845       4.9088       3.0155
     846       4.6872       2.6764
     847       4.5007       2.6816
     848       4.8058       2.6662
     849       5.0094       2.9528
     850       4.6954       2.7174
     851       4.8807       2.7643
     852       4.9547       3.0142
     853       4.6072       2.8401
     854       4.9545       3.0605
     855       4.6966       2.7119
     856       4.6502       2.6683
     857       4.7139       2.7127
     858       4.2915       2.7215
     859       4.6692       2.7151
     860       4.0605       2.5736
     861       4.5862       2.7941
     862       4.8226       2.8858
     863       4.2994       2.6392
     864       4.3143       2.8603
     865       4.4554       2.7372
     866       4.6021       2.7642
     867       4.7701       2.7215
     868       4.0106       2.8121
     869       4.3321       2.7425
     870       4.3684       2.6181
     871       4.4369       2.7767
     872       4.7192       2.6169
     873       4.4830       2.6069
     874       3.9673       2.6542
     875       4.6248       2.7654
     876       4.5458       3.0087
     877       5.0386       2.9166
     878       4.7281       2.8306
     879       4.2655       2.6070
     880       4.2924       2.8444
     881       4.2246       2.6704
     882       4.2591       2.6719
     883       4.5830       2.8609
     884       4.0463       2.6674
     885       3.8714       2.5727
     886       5.9216       4.7889
     887       5.1203       4.5796
     888       5.4698       4.7164
     889       5.2021       4.5464
     890       5.1407       4.4059
     891       4.5361       3.6009
     892       4.7654       4.3480
     893       4.8812       4.1144
     894       4.9508       4.0646
     895       4.9637       4.1952
     896       4.7427       4.4223
     897       5.1603       4.3415
     898       5.0143       4.2800
     899       4.8386       4.4040
     900       5.7142       4.7829
     901       5.1434       4.0771
     902       5.3371       4.2575
     903       5.2967       4.3622
     904       5.1678       4.5896
     905       5.1560       4.9385
     906       5.1048       4.3702
     907       5.0558       4.2839
     908       5.0974       4.2902
     909       4.9180       4.5320
     910       6.0971       5.7673
     911       4.9999       4.2728
     912       5.3002       4.5685
     913       5.8765       5.7703
     914       5.6905       5.0825
     915       5.3955       4.6392
     916       5.4183       4.9604
     917       4.9805       4.4709
     918       5.9464       5.4250
     919       5.3298       4.5769
     920       5.1595       4.5377
     921       4.9289       4.4660
     922       5.3923       5.2140
     923       5.5870       5.0216
     924       5.6118       5.1574
     925       5.1270       4.6925
     926       5.1901       4.7334
     927       5.5787       5.6600
     928       6.0810       5.7503
     929       5.3100       4.7655
     930       5.3424       4.7723
     931       5.8273       5.3994
     932       4.8653       4.2612
     933       5.6761       5.1783
     934       4.9239       4.2260
     935       5.1504       4.9902
     936       5.1189       4.2809
     937       5.6379       4.8245
     938       4.7774       3.9325
     939       5.3102       4.1959
     940       5.1548       4.3179
     941       5.0810       4.4943
     942       5.1913       4.2185
     943       5.1716       4.2811
     944       4.3659       3.6857
     945       5.3298       4.5151
     946       5.1526       4.3729
     947       4.9623       5.0233
     948       4.6828       3.9922
     949       4.7147       4.3905
     950       5.1066       4.2909
     951       5.1390       4.5275
     952       5.2671       5.2297
     953       5.3130       4.4812
     954       4.9728       4.3551
     955       4.9558       4.8743
     956       5.2946       4.8213
     957       5.1270       4.9575
     958       5.6029       4.8816
     959       4.8736       4.0706
     960       4.9595       4.1550
     961       5.1284       4.7732
     962       5.2293       4.8337
     963       5.5176       4.6515
     964       5.5129       5.1134
     965       5.0318       4.6441
     966       5.2837       4.9555
     967       5.2001       4.3284
     968       4.8701       3.9590
     969       5.2642       4.9580
     970       4.7451       4.0974
     971       5.0612       4.3102
     972       5.1439       4.5620
     973       5.1802       4.5695
     974       4.8417       4.6105
     975       4.9682       4.1755
     976       5.0209       4.3976
     977       4.8824       4.5313
     978       4.9631       4.3060
     979       5.4745       4.8037
     980       5.3122       4.7106
     981       5.4787       4.7725
     982       5.6359       5.0438
     983       5.2361       4.7939
     984       4.8971       4.2293
     985       4.9974       4.7615
     986       5.3592       4.9300
     987       5.0802       4.1317
     988       5.2682       4.7492
     989       4.8544       4.1072
     990       5.0129       4.4636
     991       5.0873       4.0244
     992       4.7976       4.4247
     993       4.8273       4.0411
     994       4.9487       4.3719
     995       5.3439       4.7469
     996       4.6623       4.0321
     997       5.0035       4.6077
     998       5.2156       4.5930
     999       5.3207       4.4189
    1000       5.3267       4.7892
