Run semi-empirical minimization
 &qmmm
  maxcyc=0  qmcharge=0,
 /
   6    C1        3.2240       20.7290       39.5310 
   6    C2        3.4770       21.7710       39.0300 
   6    C3        3.7980       23.0220       38.3520 
   8    O1        3.2900       23.1580       37.0270 
   6    C4        3.0770       21.9550       36.3850 
   6    C5        3.9940       21.8180       35.2000 
   8    O2        4.3330       20.7170       34.8180 
   7    N1        4.3630       22.9750       34.5570 
   6    C6        5.1870       22.9620       33.3500 
   6    C7        4.5810       23.7310       32.1740 
   6    C8        3.1260       23.4290       31.8840 
   6    C9        2.1810       24.4590       31.9630 
   6   C10        0.8350       24.2200       31.7060 
   6   C11        0.3810       22.9620       31.3540 
   8    O3       -0.9490       22.6510       31.0920 
   6   C12       -1.9420       23.6250       31.0880 
   6   C13       -3.3030       23.0760       30.7960 
   6   C14       -4.3820       23.8920       30.6800 
   6   C15       -3.4550       21.5990       30.6280 
   6   C16        1.2860       21.9300       31.2630 
   8    O4        0.7610       20.6950       30.9300 
   6   C17        1.6260       19.5860       30.8850 
   6   C18        2.6540       22.1450       31.5280 
   6   C19        1.6130       21.8080       36.0150 
   6   C20        0.6400       21.7540       37.0220 
   6   C21       -0.7100       21.6190       36.7350 
   6   C22       -1.1120       21.5380       35.4120 
  17   Cl1       -2.8320       21.3640       35.0300 
   6   C23       -0.1870       21.5830       34.4050 
   6   C24        1.1650       21.7180       34.7200 
   1    H1        2.9890       19.7610       39.9970 
   1    H2        3.3910       23.8470       38.9560 
   1    H3        4.8940       23.0360       38.2550 
   1    H4        3.3200       21.1290       37.0690 
   1    H5        4.0490       23.8790       34.9370 
   1    H6        6.1620       23.4110       33.5920 
   1    H7        5.2710       21.9120       33.0340 
   1    H8        4.6680       24.8060       32.3900 
   1    H9        5.1410       23.4130       31.2820 
   1   H10        2.5080       25.4740       32.2330 
   1   H11        0.1170       25.0490       31.7840 
   1   H12       -1.9640       24.1070       32.0770 
   1   H13       -1.6980       24.3380       30.2870 
   1   H14       -4.7440       24.1660       31.6820 
   1   H15       -4.0960       24.8020       30.1320 
   1   H16       -5.1800       23.3690       30.1320 
   1   H17       -4.4440       21.1690       30.4130 
   1   H18       -2.5780       20.9420       30.7200 
   1   H19        1.8720       19.2710       31.9100 
   1   H20        1.1330       18.7580       30.3550 
   1   H21        2.5490       19.8630       30.3550 
   1   H22        3.3610       21.3050       31.4570 
   1   H23        0.9570       21.8210       38.0730 
   1   H24       -1.4510       21.5770       37.5470 
   1   H25       -0.5070       21.5130       33.3550 
   1   H26        1.8990       21.7540       33.9010 

