#Res        AtomicFlx
   1.000       4.7059
   2.000       3.9124
   3.000       2.3974
   4.000       1.8437
   5.000       1.2649
   6.000       1.2815
   7.000       1.3445
   8.000       1.1912
   9.000       0.8169
  10.000       0.8916
  11.000       0.9201
  12.000       0.7807
  13.000       0.6712
  14.000       0.7801
  15.000       0.7905
  16.000       0.6187
  17.000       0.5425
  18.000       0.6354
  19.000       0.6839
  20.000       0.5695
  21.000       0.5285
  22.000       0.7240
  23.000       0.9442
  24.000       1.3834
  25.000       1.5926
  26.000       1.5802
  27.000       1.4770
  28.000       1.1007
  29.000       0.7755
  30.000       0.7202
  31.000       0.5223
  32.000       0.5070
  33.000       0.4525
  34.000       0.4026
  35.000       0.4572
  36.000       0.4469
  37.000       0.4235
  38.000       0.4613
  39.000       0.5806
  40.000       0.6220
  41.000       0.7086
  42.000       0.5160
  43.000       0.5859
  44.000       0.5742
  45.000       0.4436
  46.000       0.4540
  47.000       0.5551
  48.000       0.5443
  49.000       0.4743
  50.000       0.5082
  51.000       0.5776
  52.000       0.5143
  53.000       0.5512
  54.000       0.5719
  55.000       0.5177
  56.000       0.5499
  57.000       0.6363
  58.000       0.5228
  59.000       0.4513
  60.000       0.5680
  61.000       0.7542
  62.000       0.7098
  63.000       0.9571
  64.000       0.9439
  65.000       0.6545
  66.000       0.7660
  67.000       0.8590
  68.000       1.5221
  69.000       2.1453
  70.000       1.9914
  71.000       1.1391
  72.000       0.9234
  73.000       0.8446
  74.000       0.8451
  75.000       0.6660
  76.000       0.6355
  77.000       0.5628
  78.000       0.4459
  79.000       0.4286
  80.000       0.4764
  81.000       0.5586
  82.000       0.7934
  83.000       0.9557
  84.000       1.1423
  85.000       2.4637
  86.000       3.1842
  87.000       3.2829
  88.000       2.9802
  89.000       1.9398
  90.000       1.6872
  91.000       1.0969
  92.000       0.6935
  93.000       0.5006
  94.000       0.3965
  95.000       0.3889
  96.000       0.4085
  97.000       0.4949
  98.000       0.6638
  99.000       0.7154
 100.000       0.5607
 101.000       0.7013
 102.000       0.8889
 103.000       0.6997
 104.000       0.5204
 105.000       0.4609
 106.000       0.3817
 107.000       0.3879
 108.000       0.3763
 109.000       0.4252
 110.000       0.5740
 111.000       0.7153
 112.000       0.8720
 113.000       1.1640
 114.000       1.3732
 115.000       1.5117
 116.000       1.0518
 117.000       1.1479
 118.000       0.9668
 119.000       0.7612
 120.000       0.5795
 121.000       0.4837
 122.000       0.4093
 123.000       0.3681
 124.000       0.3502
 125.000       0.3572
 126.000       0.3531
 127.000       0.3853
 128.000       0.4596
 129.000       0.5129
 130.000       0.7792
 131.000       1.1890
 132.000       1.9745
 133.000       1.9316
 134.000       1.3283
 135.000       0.8706
 136.000       0.6163
 137.000       0.3914
 138.000       0.3616
 139.000       0.3584
 140.000       0.3436
 141.000       0.3247
 142.000       0.3579
 143.000       0.3922
 144.000       0.4246
 145.000       0.5630
 146.000       0.7106
 147.000       1.2373
 148.000       2.2591
 149.000       3.5877
 150.000       4.5562
 151.000       4.4794
 152.000       5.2546
 153.000       4.8587
 154.000       3.2756
 155.000       2.0457
 156.000       1.5138
 157.000       1.0511
 158.000       0.8705
 159.000       0.8939
 160.000       0.6899
 161.000       0.5595
 162.000       0.6403
 163.000       0.5911
 164.000       0.4726
 165.000       0.5136
 166.000       0.4986
 167.000       0.4045
 168.000       0.4258
 169.000       0.5106
 170.000       0.4676
 171.000       0.4361
 172.000       0.5256
 173.000       0.6191
 174.000       0.5699
 175.000       0.6853
 176.000       0.8850
 177.000       0.9835
 178.000       1.0787
 179.000       1.2861
 180.000       1.6521
 181.000       2.1577
 182.000       3.0085
 183.000       3.7104
 184.000       4.6063
 185.000       4.9510
 186.000       5.7518
 187.000       6.9822
 188.000       7.9716
 189.000       8.4576
 190.000       8.6710
 191.000       9.5186
