Run semi-empirical minimization
 &qmmm
  maxcyc=0, qm_theory='AM1', scfconv=1.d-10  qmcharge=0,
 /
   6    C1        1.0380       21.9190       33.5880 
   6    C2        0.0480       21.7530       34.5680 
   8    O1       -1.1910       21.1990       34.4030 
   6    C3       -1.8230       21.2360       35.6020 
   6    C4       -1.0150       21.8080       36.5540 
   6    C5        0.1990       22.1480       35.8980 
   6    C6        1.4060       22.7500       36.3030 
   6    C7        2.4220       22.9360       35.3570 
   6    C8        3.6870       23.5540       35.7290 
   6    C9        4.6400       23.7230       34.8080 
   6   C10        4.4680       23.3050       33.4070 
   8    O2        5.3640       23.4780       32.5900 
   8    O3        3.2570       22.7170       33.0790 
   6   C11        2.2250       22.5250       34.0360 
   8    O4        0.9860       21.5630       32.2520 
   6   C12        0.0120       22.2260       31.4460 
   6   C13        0.6760       25.2640       31.9680 
   6   C14        1.0420       24.4720       30.7430 
   6   C15        1.7830       25.2610       29.6950 
   6   C16        0.7580       23.1690       30.5450 
   1    H1       -2.8230       20.8240       35.6150 
   1    H2       -1.2680       21.9620       37.5930 
   1    H3        1.5360       23.0610       37.3360 
   1    H4        3.8410       23.8710       36.7540 
   1    H5        5.5930       24.1780       35.0480 
   1    H6       -0.7530       22.7390       32.0390 
   1    H7       -0.5020       21.4710       30.8420 
   1    H8        0.1130       24.6840       32.7030 
   1    H9        1.5820       25.6320       32.4620 
   1   H10        0.0600       26.1250       31.6900 
   1   H11        2.7200       25.6510       30.1080 
   1   H12        2.0330       24.6560       28.8170 
   1   H13        1.1740       26.1050       29.3550 
   1   H14        1.1090       22.6970       29.6280 

