#Frame           core
       1       0.6016
       2       0.6449
       3       0.6896
       4       0.6382
       5       0.7441
       6       0.7480
       7       0.7679
       8       0.7230
       9       0.7773
      10       0.7369
      11       0.7006
      12       0.7812
      13       0.7354
      14       0.8420
      15       0.7852
      16       0.8270
      17       0.8553
      18       0.8578
      19       0.8260
      20       0.7303
      21       0.9079
      22       0.8482
      23       0.7949
      24       0.8228
      25       0.8685
      26       0.7969
      27       0.8588
      28       0.8135
      29       0.7891
      30       0.8980
      31       0.8546
      32       0.8863
      33       0.9113
      34       0.9043
      35       0.8340
      36       0.9197
      37       0.8496
      38       0.7511
      39       0.7457
      40       0.7167
      41       0.8709
      42       0.8629
      43       0.7448
      44       0.8108
      45       0.7977
      46       0.8086
      47       0.8274
      48       0.8076
      49       0.8522
      50       0.8707
      51       0.8502
      52       0.8318
      53       0.8753
      54       0.8382
      55       0.8252
      56       0.8417
      57       0.7860
      58       0.7645
      59       0.8174
      60       0.7941
      61       0.8765
      62       0.7847
      63       0.8298
      64       0.8847
      65       0.8763
      66       0.8209
      67       0.8575
      68       0.8990
      69       0.9728
      70       0.8670
      71       0.8843
      72       0.9040
      73       1.0180
      74       0.8852
      75       0.9467
      76       0.9537
      77       0.9558
      78       1.0290
      79       1.0494
      80       0.9090
      81       0.9555
      82       0.9949
      83       1.0035
      84       1.0596
      85       1.0312
      86       1.1603
      87       1.0778
      88       1.0248
      89       0.9944
      90       0.9651
      91       1.0050
      92       0.9668
      93       0.9075
      94       0.9406
      95       0.9296
      96       0.9378
      97       0.9105
      98       0.9917
      99       0.9537
     100       0.9661
     101       0.9714
     102       1.0062
     103       0.9370
     104       0.9815
     105       0.9382
     106       0.9043
     107       0.9522
     108       1.0640
     109       1.0552
     110       1.0551
     111       1.0022
     112       0.9632
     113       1.1556
     114       1.1300
     115       1.0302
     116       1.0258
     117       1.1310
     118       1.2266
     119       1.1821
     120       1.2330
     121       1.1373
     122       1.0895
     123       0.9987
     124       1.0788
     125       1.0890
     126       1.2074
     127       1.1998
     128       1.1764
     129       1.2272
     130       1.2212
     131       1.1810
     132       1.1972
     133       1.1212
     134       1.2049
     135       1.2775
     136       1.1960
     137       1.2326
     138       1.1822
     139       1.2255
     140       1.2110
     141       1.1849
     142       1.1626
     143       1.2071
     144       1.2157
     145       1.2220
     146       1.1737
     147       1.1162
     148       0.9977
     149       0.9971
     150       1.0708
     151       1.0627
     152       1.1048
     153       1.1612
     154       1.2153
     155       1.0667
     156       1.0467
     157       1.0624
     158       1.0012
     159       0.9522
     160       0.9959
     161       0.9260
     162       0.9347
     163       0.9088
     164       0.8854
     165       0.9659
     166       0.9167
     167       0.9220
     168       0.9691
     169       0.9432
     170       0.9328
     171       0.9950
     172       1.1135
     173       1.0167
     174       0.9351
     175       0.8611
     176       0.9412
     177       0.9005
     178       0.9585
     179       0.9712
     180       0.9642
     181       0.8875
     182       0.9485
     183       0.8976
     184       0.9858
     185       0.8902
     186       0.9529
     187       1.0004
     188       1.0021
     189       1.0656
     190       1.0033
     191       0.9949
     192       1.0051
     193       0.9440
     194       0.9109
     195       0.8630
     196       0.9821
     197       1.0014
     198       0.9726
     199       1.0739
     200       0.9567
     201       1.1427
     202       1.0790
     203       1.1605
     204       1.1982
     205       1.0739
     206       1.2369
     207       1.1448
     208       1.2350
     209       1.1843
     210       1.2887
     211       1.3626
     212       1.1965
     213       1.1170
     214       1.0890
     215       1.1859
     216       1.2125
     217       1.2417
     218       1.2811
     219       1.2576
     220       1.2698
     221       1.2915
     222       1.1978
     223       1.2129
     224       1.2504
     225       1.1949
     226       1.0752
     227       1.1223
     228       1.0988
     229       1.1468
     230       1.0112
     231       0.9996
     232       1.0368
     233       1.0515
     234       1.0734
     235       1.0639
     236       1.0326
     237       1.0792
     238       1.0536
     239       0.9799
     240       1.0474
     241       1.0724
     242       1.0951
     243       1.1550
     244       1.1239
     245       1.1182
     246       1.0689
     247       0.9302
     248       0.9896
     249       0.9602
     250       0.9322
     251       0.8781
     252       0.8961
     253       0.9280
     254       0.9348
     255       1.0111
     256       1.1078
     257       0.8905
     258       0.9066
     259       0.9264
     260       0.8865
     261       0.8823
     262       0.9274
     263       0.8877
     264       0.9866
     265       1.0129
     266       0.9231
     267       0.9663
     268       0.9937
     269       1.0462
     270       1.0214
     271       0.9869
     272       0.9128
     273       0.9925
     274       0.9605
     275       0.9303
     276       0.8873
     277       0.9553
     278       0.9529
     279       0.9841
     280       0.9248
     281       0.9060
     282       0.9116
     283       0.9104
     284       0.9526
     285       0.9329
     286       0.8835
     287       0.9013
     288       0.8838
     289       0.9537
     290       0.9042
     291       0.9616
     292       0.9306
     293       1.0007
     294       0.9777
     295       0.8626
     296       0.9263
     297       0.8498
     298       0.8590
     299       0.9162
     300       0.9577
     301       0.9969
     302       0.9803
     303       0.9606
     304       0.9433
     305       0.9558
     306       0.9754
     307       0.9577
     308       0.9991
     309       1.0923
     310       1.0494
     311       0.9885
     312       0.9962
     313       1.0387
     314       0.9946
     315       0.9005
     316       0.9120
     317       0.9244
     318       1.0295
     319       0.9941
     320       0.9302
     321       0.8753
     322       0.8553
     323       0.9858
     324       1.0427
     325       1.0490
     326       1.0179
     327       0.9915
     328       1.0632
     329       1.0051
     330       0.9502
     331       0.9660
     332       0.8759
     333       0.8931
     334       0.8980
     335       0.9108
     336       0.9086
     337       1.0205
     338       0.9874
     339       1.0781
     340       1.0030
     341       1.0125
     342       1.0893
     343       1.0378
     344       1.1463
     345       1.0202
     346       0.9519
     347       0.9975
     348       1.0058
     349       1.0510
     350       1.0163
     351       0.9537
     352       1.0195
     353       0.9955
     354       1.0456
     355       1.0391
     356       1.0410
     357       1.1199
     358       1.0779
     359       1.1089
     360       1.0368
     361       0.9860
     362       1.0558
     363       1.1370
     364       1.1085
     365       1.1292
     366       1.0528
     367       1.0795
     368       1.1708
     369       1.1055
     370       1.1186
     371       1.1747
     372       1.1030
     373       1.2288
     374       1.1792
     375       1.2445
     376       1.1717
     377       1.1620
     378       1.2386
     379       1.2285
     380       1.0951
     381       1.1100
     382       1.0472
     383       1.1191
     384       1.0846
     385       1.0454
     386       1.0473
     387       1.1402
     388       1.0550
     389       1.0030
     390       0.9531
     391       0.9243
     392       0.9213
     393       0.9630
     394       0.8859
     395       0.9345
     396       0.8935
     397       0.8964
     398       0.8768
     399       0.8862
     400       0.8119
     401       0.9081
     402       1.0319
     403       0.9600
     404       1.0028
     405       0.9341
     406       0.9591
     407       1.0971
     408       1.0852
     409       0.9735
     410       1.0237
     411       1.0834
     412       1.2390
     413       1.1720
     414       1.1706
     415       1.1051
     416       1.0809
     417       1.1444
     418       1.0283
     419       1.0164
     420       0.9755
     421       1.1391
     422       1.0175
     423       0.9990
     424       1.0263
     425       0.9908
     426       1.0789
     427       1.0234
     428       1.0639
     429       1.0971
     430       1.1451
     431       1.1258
     432       1.0978
     433       1.0441
     434       0.9817
     435       1.0344
     436       1.0174
     437       1.0345
     438       1.0370
     439       1.1075
     440       1.0691
     441       1.0193
     442       1.0837
     443       1.0293
     444       0.9330
     445       1.0421
     446       1.0495
     447       1.0867
     448       0.9937
     449       1.1222
     450       1.1650
     451       1.1767
     452       1.0856
     453       1.1575
     454       1.2209
     455       1.2257
     456       1.1856
     457       1.2784
     458       1.1952
     459       1.1577
     460       1.2395
     461       0.9873
     462       1.1120
     463       1.0417
     464       1.0630
     465       1.1893
     466       1.2253
     467       1.1319
     468       1.1511
     469       1.1517
     470       1.1797
     471       1.1868
     472       1.2165
     473       1.1120
     474       1.0434
     475       1.1065
     476       1.1313
     477       1.1260
     478       1.1405
     479       1.1682
     480       1.1761
     481       1.1381
     482       1.2387
     483       1.3258
     484       1.3325
     485       1.1682
     486       1.3221
     487       1.1582
     488       1.1770
     489       1.1422
     490       1.1094
     491       1.1284
     492       1.1073
     493       1.1461
     494       1.1619
     495       1.1758
     496       1.0874
     497       1.2550
     498       1.1665
     499       1.2306
     500       1.0804
     501       1.1713
     502       1.1676
     503       1.0639
     504       1.2265
     505       1.1905
     506       1.2636
     507       1.1709
     508       1.1560
     509       1.1013
     510       1.1078
     511       1.1228
     512       1.1051
     513       1.1840
     514       1.0734
     515       1.1166
     516       1.0268
     517       1.1607
     518       1.1915
     519       1.2083
     520       1.2084
     521       1.1366
     522       1.1483
     523       1.2867
     524       1.3168
     525       1.2611
     526       1.2039
     527       1.2512
     528       1.2968
     529       1.2753
     530       1.3646
     531       1.3737
     532       1.4005
     533       1.3763
     534       1.3614
     535       1.1790
     536       1.2849
     537       1.2620
     538       1.2104
     539       1.4054
     540       1.3379
     541       1.2860
     542       1.3389
     543       1.3258
     544       1.2875
     545       1.4800
     546       1.5135
     547       1.4644
     548       1.4539
     549       1.4247
     550       1.3325
     551       1.3802
     552       1.3191
     553       1.2892
     554       1.2852
     555       1.3204
     556       1.2440
     557       1.1672
     558       1.1065
     559       1.2539
     560       1.1555
     561       1.1757
     562       1.1244
     563       1.2764
     564       1.2779
     565       1.3518
     566       1.2948
     567       1.3550
     568       1.3457
     569       1.3376
     570       1.2134
     571       1.3131
     572       1.3216
     573       1.3593
     574       1.2883
     575       1.1973
     576       1.1412
     577       1.2085
     578       1.3548
     579       1.3931
     580       1.4093
     581       1.4270
     582       1.4528
     583       1.3801
     584       1.4654
     585       1.3634
     586       1.4509
     587       1.3927
     588       1.3394
     589       1.2183
     590       1.3810
     591       1.3211
     592       1.4119
     593       1.4168
     594       1.4382
     595       1.4893
     596       1.3442
     597       1.4414
     598       1.3866
     599       1.4154
     600       1.4510
     601       1.5280
     602       1.6137
     603       1.5443
     604       1.5602
     605       1.5599
     606       1.6583
     607       1.5773
     608       1.5712
     609       1.4976
     610       1.4762
     611       1.4568
     612       1.3438
     613       1.3869
     614       1.4319
     615       1.5046
     616       1.4393
     617       1.4835
     618       1.4715
     619       1.5066
     620       1.4547
     621       1.5247
     622       1.4734
     623       1.5273
     624       1.5488
     625       1.3937
     626       1.4975
     627       1.4834
     628       1.5673
     629       1.5892
     630       1.5477
     631       1.5372
     632       1.6178
     633       1.5969
     634       1.4756
     635       1.5193
     636       1.5427
     637       1.5189
     638       1.4500
     639       1.4007
     640       1.3361
     641       1.3892
     642       1.4439
     643       1.4044
     644       1.4266
     645       1.3978
     646       1.4750
     647       1.5895
     648       1.4597
     649       1.4815
     650       1.5007
     651       1.5233
     652       1.5430
     653       1.6670
     654       1.7631
     655       1.6855
     656       1.6784
     657       1.6892
     658       1.6315
     659       1.7018
     660       1.6962
     661       1.7051
     662       1.7295
     663       1.8041
     664       1.8194
     665       1.8583
     666       1.8379
     667       1.8106
     668       1.6970
     669       1.7735
     670       1.5762
     671       1.4671
     672       1.5300
     673       1.4842
     674       1.6006
     675       1.4364
     676       1.4500
     677       1.5666
     678       1.5763
     679       1.5844
     680       1.6292
     681       1.5089
     682       1.4905
     683       1.5845
     684       1.5487
     685       1.5338
     686       1.4481
     687       1.2894
     688       1.3294
     689       1.4016
     690       1.3716
     691       1.5247
     692       1.5481
     693       1.5164
     694       1.5683
     695       1.5569
     696       1.6032
     697       1.5862
     698       1.4955
     699       1.3642
     700       1.5654
     701       1.4286
     702       1.4674
     703       1.5651
     704       1.5688
     705       1.6061
     706       1.6278
     707       1.5971
     708       1.5515
     709       1.6145
     710       1.6249
     711       1.5386
     712       1.5882
     713       1.4626
     714       1.5036
     715       1.5544
     716       1.4824
     717       1.5437
     718       1.5305
     719       1.5461
     720       1.7328
     721       1.6978
     722       1.5726
     723       1.6168
     724       1.5598
     725       1.5436
     726       1.5823
     727       1.4635
     728       1.6684
     729       1.5496
     730       1.5309
     731       1.5093
     732       1.4885
     733       1.4719
     734       1.4710
     735       1.5450
     736       1.5512
     737       1.5126
     738       1.5746
     739       1.5106
     740       1.5193
     741       1.6222
     742       1.5898
     743       1.5851
     744       1.6246
     745       1.5165
     746       1.5338
     747       1.6850
     748       1.5659
     749       1.7367
     750       1.6962
     751       1.6962
     752       1.7153
     753       1.6189
     754       1.6701
     755       1.5786
     756       1.6390
     757       1.6199
     758       1.6914
     759       1.6525
     760       1.6700
     761       1.8145
     762       1.8002
     763       1.6704
     764       1.5499
     765       1.6867
     766       1.6591
     767       1.7256
     768       1.7215
     769       1.5607
     770       1.6297
     771       1.4950
     772       1.5515
     773       1.5802
     774       1.6113
     775       1.5456
     776       1.5659
     777       1.5623
     778       1.5200
     779       1.5636
     780       1.6553
     781       1.5888
     782       1.5823
     783       1.5862
     784       1.6039
     785       1.5884
     786       1.6681
     787       1.5281
     788       1.6485
     789       1.6508
     790       1.6054
     791       1.6461
     792       1.6523
     793       1.6436
     794       1.6043
     795       1.6116
     796       1.5977
     797       1.7094
     798       1.6551
     799       1.7323
     800       1.7496
     801       1.7986
     802       1.8145
     803       1.7807
     804       1.6970
     805       1.7875
     806       1.6131
     807       1.5487
     808       1.6108
     809       1.6124
     810       1.7478
     811       1.6805
     812       1.6516
     813       1.5061
     814       1.5763
     815       1.5969
     816       1.5358
     817       1.6444
     818       1.6527
     819       1.7386
     820       1.7129
     821       1.7429
     822       1.7143
     823       1.7578
     824       1.7228
     825       1.5987
     826       1.7058
     827       1.7164
     828       1.7607
     829       1.7327
     830       1.6744
     831       1.5968
     832       1.5655
     833       1.4731
     834       1.4689
     835       1.4873
     836       1.6174
     837       1.6154
     838       1.5951
     839       1.5632
     840       1.6081
     841       1.5634
     842       1.5782
     843       1.5697
     844       1.5238
     845       1.5198
     846       1.5075
     847       1.4721
     848       1.5569
     849       1.5296
     850       1.5509
     851       1.4563
     852       1.5544
     853       1.6252
     854       1.5928
     855       1.5629
     856       1.7216
     857       1.7931
     858       1.7634
     859       1.8607
     860       1.7643
     861       1.7784
     862       1.8100
     863       1.8174
     864       1.7711
     865       1.7854
     866       1.7541
     867       1.7842
     868       1.7051
     869       1.7802
     870       1.7646
     871       1.7523
     872       1.6693
     873       1.7046
     874       1.6394
     875       1.6851
     876       1.6427
     877       1.5976
     878       1.5745
     879       1.6280
     880       1.6366
     881       1.6299
     882       1.6591
     883       1.6234
     884       1.7379
     885       1.7758
     886       1.7500
     887       1.7234
     888       1.6260
     889       1.6193
     890       1.5966
     891       1.6030
     892       1.6171
     893       1.6149
     894       1.6379
     895       1.5597
     896       1.6240
     897       1.5767
     898       1.6745
     899       1.4930
     900       1.5102
     901       1.5791
     902       1.5775
     903       1.6161
     904       1.7292
     905       1.8117
     906       1.7744
     907       1.6969
     908       1.7153
     909       1.7220
     910       1.7313
     911       1.7016
     912       1.6443
     913       1.6422
     914       1.5672
     915       1.5809
     916       1.4939
     917       1.4668
     918       1.6046
     919       1.5554
     920       1.6312
     921       1.6825
     922       1.6470
     923       1.5812
     924       1.6757
     925       1.6050
     926       1.5909
     927       1.5997
     928       1.6570
     929       1.5887
     930       1.5811
     931       1.4767
     932       1.4744
     933       1.5661
     934       1.5535
     935       1.4697
     936       1.5338
     937       1.5015
     938       1.5237
     939       1.5739
     940       1.5243
     941       1.5610
     942       1.5882
     943       1.6306
     944       1.7409
     945       1.8118
     946       1.8521
     947       1.7601
     948       1.8145
     949       1.8065
     950       1.7599
     951       1.7597
     952       1.6920
     953       1.6343
     954       1.5360
     955       1.4879
     956       1.4891
     957       1.4870
     958       1.6041
     959       1.6095
     960       1.6025
     961       1.6440
     962       1.5432
     963       1.5801
     964       1.5685
     965       1.6083
     966       1.5816
     967       1.5726
     968       1.5394
     969       1.5524
     970       1.6520
     971       1.5280
     972       1.6218
     973       1.5702
     974       1.5988
     975       1.6308
     976       1.6957
     977       1.5819
     978       1.5225
     979       1.6379
     980       1.5031
     981       1.5252
     982       1.4957
     983       1.5518
     984       1.6497
     985       1.7933
     986       1.7324
     987       1.7338
     988       1.7479
     989       1.6570
     990       1.7912
     991       1.9300
     992       1.8612
     993       1.8268
     994       1.7642
     995       1.8066
     996       1.8419
     997       1.8458
     998       1.7125
     999       1.7207
    1000       1.7022
    1001       1.6939
    1002       1.5351
    1003       1.5949
    1004       1.4916
    1005       1.4916
    1006       1.5422
    1007       1.4395
    1008       1.4503
    1009       1.4867
    1010       1.5155
    1011       1.4391
    1012       1.4540
    1013       1.4762
    1014       1.5436
    1015       1.4265
    1016       1.5044
    1017       1.5596
    1018       1.4662
    1019       1.4712
    1020       1.4992
    1021       1.4497
    1022       1.5078
    1023       1.4831
    1024       1.5204
    1025       1.4298
    1026       1.5214
    1027       1.3697
    1028       1.4558
    1029       1.5608
    1030       1.4510
    1031       1.4715
    1032       1.4965
    1033       1.4289
    1034       1.4214
    1035       1.5629
    1036       1.5404
    1037       1.4968
    1038       1.4486
    1039       1.5088
    1040       1.4694
    1041       1.5250
    1042       1.5478
    1043       1.5995
    1044       1.5462
    1045       1.5047
    1046       1.5103
    1047       1.5387
    1048       1.5575
    1049       1.4088
    1050       1.2919
    1051       1.2889
    1052       1.3402
    1053       1.4025
    1054       1.3910
    1055       1.3843
    1056       1.4566
    1057       1.4230
    1058       1.4590
    1059       1.4116
    1060       1.4441
    1061       1.4919
    1062       1.4897
    1063       1.5137
    1064       1.4640
    1065       1.4794
    1066       1.5397
    1067       1.5689
    1068       1.5248
    1069       1.4990
    1070       1.5670
    1071       1.4932
    1072       1.3304
    1073       1.3591
    1074       1.5466
    1075       1.3092
    1076       1.3401
    1077       1.3414
    1078       1.3577
    1079       1.3722
    1080       1.4710
    1081       1.3940
    1082       1.3900
    1083       1.4777
    1084       1.4616
    1085       1.5190
    1086       1.4351
    1087       1.4598
    1088       1.5201
    1089       1.4372
    1090       1.5090
    1091       1.5512
    1092       1.6296
    1093       1.5984
    1094       1.5066
    1095       1.4440
    1096       1.3892
    1097       1.5957
    1098       1.5911
    1099       1.5747
    1100       1.5023
    1101       1.4292
    1102       1.3700
    1103       1.4150
    1104       1.3583
    1105       1.4959
    1106       1.5056
    1107       1.3009
    1108       1.4254
    1109       1.5107
    1110       1.4509
    1111       1.5306
    1112       1.4526
    1113       1.4489
    1114       1.4403
    1115       1.4766
    1116       1.4598
    1117       1.4248
    1118       1.4844
    1119       1.4700
    1120       1.4732
    1121       1.4001
    1122       1.4542
    1123       1.4147
    1124       1.4099
    1125       1.4021
    1126       1.4148
    1127       1.3809
    1128       1.3585
    1129       1.3312
    1130       1.3114
    1131       1.3577
    1132       1.4125
    1133       1.5336
    1134       1.4305
    1135       1.4411
    1136       1.4786
    1137       1.4205
    1138       1.3915
    1139       1.3920
    1140       1.5246
    1141       1.5479
    1142       1.5365
    1143       1.4730
    1144       1.6209
    1145       1.5528
    1146       1.5653
    1147       1.4528
    1148       1.4043
    1149       1.4861
    1150       1.4555
    1151       1.3471
    1152       1.4492
    1153       1.4827
    1154       1.4971
    1155       1.4130
    1156       1.5367
    1157       1.5029
    1158       1.6080
    1159       1.5496
    1160       1.5275
    1161       1.4637
    1162       1.5790
    1163       1.5639
    1164       1.4365
    1165       1.5690
    1166       1.5372
    1167       1.5476
    1168       1.5579
    1169       1.6101
    1170       1.4935
    1171       1.4101
    1172       1.4474
    1173       1.4948
    1174       1.4538
    1175       1.4868
    1176       1.4801
    1177       1.6779
    1178       1.4645
    1179       1.5371
    1180       1.4812
    1181       1.3785
    1182       1.3798
    1183       1.3875
    1184       1.5578
    1185       1.6846
    1186       1.4994
    1187       1.5672
    1188       1.5142
    1189       1.5313
    1190       1.3417
    1191       1.2937
    1192       1.2481
    1193       1.3252
    1194       1.3314
    1195       1.2574
    1196       1.4016
    1197       1.5672
    1198       1.4642
    1199       1.5795
    1200       1.5740
    1201       1.5612
    1202       1.3300
    1203       1.4305
    1204       1.2987
    1205       1.2725
    1206       1.3080
    1207       1.3799
    1208       1.3779
    1209       1.5018
    1210       1.4827
    1211       1.5616
    1212       1.5719
    1213       1.4794
    1214       1.4870
    1215       1.4164
    1216       1.3202
    1217       1.4513
    1218       1.4697
    1219       1.3864
    1220       1.4994
    1221       1.5224
    1222       1.5781
    1223       1.6096
    1224       1.7177
    1225       1.6003
    1226       1.6136
    1227       1.6545
    1228       1.6033
    1229       1.6206
    1230       1.6561
    1231       1.6999
    1232       1.8378
    1233       1.8138
    1234       1.9085
    1235       1.8867
    1236       1.7779
    1237       1.7450
    1238       1.6026
    1239       1.7424
    1240       1.6306
    1241       1.4780
    1242       1.5857
    1243       1.5246
    1244       1.5475
    1245       1.6034
    1246       1.7592
    1247       1.6745
    1248       1.5861
    1249       1.7750
    1250       1.7419
    1251       1.6753
    1252       1.6728
    1253       1.9069
    1254       1.8467
    1255       1.8010
    1256       1.7137
    1257       1.7412
    1258       1.6756
    1259       1.6018
    1260       1.5813
    1261       1.5225
    1262       1.5343
    1263       1.6776
    1264       1.7591
    1265       1.6455
    1266       1.6916
    1267       1.7680
    1268       1.7304
    1269       1.5509
    1270       1.6266
    1271       1.5803
    1272       1.4977
    1273       1.5230
    1274       1.5446
    1275       1.6377
    1276       1.6269
    1277       1.6661
    1278       1.6446
    1279       1.5896
    1280       1.7295
    1281       1.6549
    1282       1.5893
    1283       1.4908
    1284       1.5072
    1285       1.4332
    1286       1.5463
    1287       1.5480
    1288       1.5874
    1289       1.5697
    1290       1.5914
    1291       1.6360
    1292       1.7507
    1293       1.7271
    1294       1.7049
    1295       1.6346
    1296       1.5799
    1297       1.5895
    1298       1.5458
    1299       1.6241
    1300       1.6208
    1301       1.6932
    1302       1.6580
    1303       1.6558
    1304       1.6905
    1305       1.7015
    1306       1.7203
    1307       1.6175
    1308       1.5686
    1309       1.5533
    1310       1.5317
    1311       1.6363
    1312       1.5408
    1313       1.5377
    1314       1.4671
    1315       1.4746
    1316       1.4550
    1317       1.4176
    1318       1.4061
    1319       1.3540
    1320       1.4483
    1321       1.4255
    1322       1.5354
    1323       1.4378
    1324       1.4888
    1325       1.5922
    1326       1.4945
    1327       1.4252
    1328       1.3283
    1329       1.2637
    1330       1.4023
    1331       1.3323
    1332       1.3882
    1333       1.3471
    1334       1.3858
    1335       1.4595
    1336       1.4202
    1337       1.4919
    1338       1.4777
    1339       1.5411
    1340       1.5099
    1341       1.4000
    1342       1.5496
    1343       1.5398
    1344       1.5093
    1345       1.4803
    1346       1.4429
    1347       1.5117
    1348       1.4815
    1349       1.4529
    1350       1.3730
    1351       1.3902
    1352       1.5507
    1353       1.5543
    1354       1.4580
    1355       1.4171
    1356       1.4978
    1357       1.5143
    1358       1.4326
    1359       1.5424
    1360       1.5369
    1361       1.5007
    1362       1.5067
    1363       1.5072
    1364       1.5370
    1365       1.4423
    1366       1.4340
    1367       1.5802
    1368       1.5692
    1369       1.6277
    1370       1.6358
    1371       1.6193
    1372       1.6924
    1373       1.7656
    1374       1.7528
    1375       1.8597
    1376       1.7723
    1377       1.7340
    1378       1.8098
    1379       1.6472
    1380       1.6346
    1381       1.6190
    1382       1.6451
    1383       1.6158
    1384       1.5362
    1385       1.5449
    1386       1.5140
    1387       1.4801
    1388       1.4818
    1389       1.5057
    1390       1.5377
    1391       1.4592
    1392       1.4984
    1393       1.6212
    1394       1.6984
    1395       1.6429
    1396       1.5036
    1397       1.5169
    1398       1.6219
    1399       1.5101
    1400       1.5138
    1401       1.4736
    1402       1.4644
    1403       1.3859
    1404       1.4718
    1405       1.5410
    1406       1.3733
    1407       1.2854
    1408       1.4113
    1409       1.2623
    1410       1.3317
    1411       1.4114
    1412       1.3832
    1413       1.4388
    1414       1.5184
    1415       1.4908
    1416       1.4773
    1417       1.4376
    1418       1.4644
    1419       1.5662
    1420       1.5518
    1421       1.6476
    1422       1.5702
    1423       1.6610
    1424       1.6071
    1425       1.7072
    1426       1.7100
    1427       1.6436
    1428       1.5755
    1429       1.5189
    1430       1.5145
    1431       1.5040
    1432       1.6527
    1433       1.4483
    1434       1.4109
    1435       1.4158
    1436       1.5300
    1437       1.4686
    1438       1.5391
    1439       1.5906
    1440       1.5213
    1441       1.5594
    1442       1.4731
    1443       1.4834
    1444       1.5409
    1445       1.5967
    1446       1.5595
    1447       1.4012
    1448       1.3744
    1449       1.4089
    1450       1.4077
    1451       1.3970
    1452       1.3584
    1453       1.2404
    1454       1.3700
    1455       1.3130
    1456       1.3003
    1457       1.3735
    1458       1.3755
    1459       1.3653
    1460       1.3968
    1461       1.3306
    1462       1.3509
    1463       1.3219
    1464       1.2381
    1465       1.3986
    1466       1.5322
    1467       1.3961
    1468       1.3627
    1469       1.5848
    1470       1.4923
    1471       1.4218
    1472       1.4794
    1473       1.4718
    1474       1.5016
    1475       1.5729
    1476       1.6851
    1477       1.6273
    1478       1.5752
    1479       1.5245
    1480       1.5422
    1481       1.4101
    1482       1.6408
    1483       1.5865
    1484       1.6236
    1485       1.5969
    1486       1.5821
    1487       1.6664
    1488       1.5905
    1489       1.6965
    1490       1.6382
    1491       1.6739
    1492       1.5912
    1493       1.5857
    1494       1.5713
    1495       1.6450
    1496       1.6994
    1497       1.6636
    1498       1.6882
    1499       1.7848
    1500       1.6690
    1501       1.6655
    1502       1.6308
    1503       1.5720
    1504       1.5974
    1505       1.4913
    1506       1.5995
    1507       1.6396
    1508       1.6915
    1509       1.6768
    1510       1.6693
    1511       1.6284
    1512       1.5893
    1513       1.5941
    1514       1.5493
    1515       1.6796
    1516       1.7384
    1517       1.7450
    1518       1.6275
    1519       1.7003
    1520       1.6909
    1521       1.6878
    1522       1.5760
    1523       1.7050
    1524       1.7074
    1525       1.6413
    1526       1.5405
    1527       1.6207
    1528       1.4527
    1529       1.6411
    1530       1.4732
    1531       1.5322
    1532       1.5920
    1533       1.4296
    1534       1.5224
    1535       1.4826
    1536       1.4839
    1537       1.4344
    1538       1.4204
    1539       1.4366
    1540       1.4824
    1541       1.4362
    1542       1.4688
    1543       1.4441
    1544       1.3883
    1545       1.2920
    1546       1.3887
    1547       1.3892
    1548       1.4415
    1549       1.5281
    1550       1.6152
    1551       1.5014
    1552       1.5255
    1553       1.4323
    1554       1.4112
    1555       1.4191
    1556       1.4960
    1557       1.6011
    1558       1.5407
    1559       1.5824
    1560       1.5529
    1561       1.5910
    1562       1.5584
    1563       1.5338
    1564       1.5042
    1565       1.4761
    1566       1.4762
    1567       1.3885
    1568       1.4102
    1569       1.3582
    1570       1.4113
    1571       1.5775
    1572       1.5005
    1573       1.5732
    1574       1.5254
    1575       1.4827
    1576       1.4046
    1577       1.3758
    1578       1.4744
    1579       1.4838
    1580       1.5282
    1581       1.5415
    1582       1.4580
    1583       1.5358
    1584       1.5911
    1585       1.5815
    1586       1.6058
    1587       1.6626
    1588       1.6370
    1589       1.5939
    1590       1.6641
    1591       1.8091
    1592       1.8326
    1593       1.7947
    1594       1.8723
    1595       1.8629
    1596       1.6332
    1597       1.6256
    1598       1.6343
    1599       1.6678
    1600       1.6244
    1601       1.6552
    1602       1.6150
    1603       1.5354
    1604       1.4444
    1605       1.5507
    1606       1.4562
    1607       1.5254
    1608       1.4347
    1609       1.4634
    1610       1.5463
    1611       1.5267
    1612       1.4593
    1613       1.4808
    1614       1.6520
    1615       1.6672
    1616       1.5757
    1617       1.5302
    1618       1.4145
    1619       1.4905
    1620       1.4887
    1621       1.4804
    1622       1.5219
    1623       1.5191
    1624       1.3878
    1625       1.5899
    1626       1.5253
    1627       1.4835
    1628       1.5826
    1629       1.6283
    1630       1.5724
    1631       1.6030
    1632       1.6237
    1633       1.6529
    1634       1.6264
    1635       1.6184
    1636       1.6221
    1637       1.6013
    1638       1.5911
    1639       1.5471
    1640       1.5669
    1641       1.6065
    1642       1.4731
    1643       1.5009
    1644       1.4611
    1645       1.4360
    1646       1.4385
    1647       1.4464
    1648       1.2815
    1649       1.5758
    1650       1.4505
    1651       1.3135
    1652       1.4106
    1653       1.3775
    1654       1.3700
    1655       1.4328
    1656       1.4180
    1657       1.3474
    1658       1.3521
    1659       1.5066
    1660       1.5152
    1661       1.5248
    1662       1.4518
    1663       1.3977
    1664       1.6217
    1665       1.6097
    1666       1.6816
    1667       1.6074
    1668       1.6113
    1669       1.5081
    1670       1.5735
    1671       1.5146
    1672       1.4971
    1673       1.5269
    1674       1.4674
    1675       1.4268
    1676       1.4987
    1677       1.4468
    1678       1.4960
    1679       1.4992
    1680       1.5455
    1681       1.5051
    1682       1.6135
    1683       1.5733
    1684       1.5930
    1685       1.5262
    1686       1.6159
    1687       1.6134
    1688       1.4855
    1689       1.5800
    1690       1.5441
    1691       1.5879
    1692       1.5493
    1693       1.4998
    1694       1.4810
    1695       1.3670
    1696       1.4798
    1697       1.4819
    1698       1.4052
    1699       1.3903
    1700       1.4040
    1701       1.4836
    1702       1.4827
    1703       1.3949
    1704       1.3367
    1705       1.5547
    1706       1.4260
    1707       1.4386
    1708       1.5871
    1709       1.6044
    1710       1.4314
    1711       1.4375
    1712       1.4899
    1713       1.4779
    1714       1.4969
    1715       1.6132
    1716       1.5779
    1717       1.5150
    1718       1.3056
    1719       1.5685
    1720       1.3726
    1721       1.3988
    1722       1.4794
    1723       1.3162
    1724       1.3546
    1725       1.4173
    1726       1.4102
    1727       1.3991
    1728       1.4732
    1729       1.5346
    1730       1.5458
    1731       1.5057
    1732       1.4754
    1733       1.4404
    1734       1.5119
    1735       1.5085
    1736       1.5077
    1737       1.3874
    1738       1.3219
    1739       1.3155
    1740       1.4112
    1741       1.5011
    1742       1.4813
    1743       1.4826
    1744       1.5549
    1745       1.3772
    1746       1.4148
    1747       1.4252
    1748       1.4494
    1749       1.4412
    1750       1.3967
    1751       1.3807
    1752       1.4944
    1753       1.6194
    1754       1.5735
    1755       1.6346
    1756       1.6303
    1757       1.5965
    1758       1.5229
    1759       1.5047
    1760       1.6784
    1761       1.5807
    1762       1.6906
    1763       1.6102
    1764       1.5642
    1765       1.4654
    1766       1.5075
    1767       1.4983
    1768       1.6382
    1769       1.6395
    1770       1.6790
    1771       1.5136
    1772       1.5072
    1773       1.4542
    1774       1.4740
    1775       1.3689
    1776       1.4157
    1777       1.4866
    1778       1.5514
    1779       1.4437
    1780       1.4838
    1781       1.4579
    1782       1.4345
    1783       1.5134
    1784       1.5764
    1785       1.5332
    1786       1.4733
    1787       1.4705
    1788       1.4092
    1789       1.4602
    1790       1.6015
    1791       1.4893
    1792       1.5065
    1793       1.6156
    1794       1.6200
    1795       1.4608
    1796       1.5131
    1797       1.4619
    1798       1.4729
    1799       1.4719
    1800       1.4957
    1801       1.6244
    1802       1.4582
    1803       1.4539
    1804       1.4865
    1805       1.5517
    1806       1.6116
    1807       1.5846
    1808       1.5813
    1809       1.5252
    1810       1.6502
    1811       1.5261
    1812       1.4308
    1813       1.4908
    1814       1.4527
    1815       1.3491
    1816       1.3396
    1817       1.3425
    1818       1.3440
    1819       1.3740
    1820       1.3877
    1821       1.4098
    1822       1.4698
    1823       1.5891
    1824       1.4832
    1825       1.4204
    1826       1.5625
    1827       1.4240
    1828       1.5601
    1829       1.4910
    1830       1.4863
    1831       1.5879
    1832       1.5947
    1833       1.6013
    1834       1.4446
    1835       1.5347
    1836       1.6151
    1837       1.4765
    1838       1.4557
    1839       1.4650
    1840       1.3736
    1841       1.4825
    1842       1.5426
    1843       1.5971
    1844       1.6137
    1845       1.5711
    1846       1.6608
    1847       1.5390
    1848       1.5856
    1849       1.5832
    1850       1.6356
    1851       1.5945
    1852       1.5085
    1853       1.5232
    1854       1.6084
    1855       1.4880
    1856       1.3974
    1857       1.3703
    1858       1.3689
    1859       1.3249
    1860       1.3353
    1861       1.5257
    1862       1.5416
    1863       1.6260
    1864       1.6020
    1865       1.6138
    1866       1.5069
    1867       1.5608
    1868       1.5296
    1869       1.5460
    1870       1.4042
    1871       1.4720
    1872       1.4327
    1873       1.4964
    1874       1.4671
    1875       1.5683
    1876       1.5136
    1877       1.6494
    1878       1.5202
    1879       1.6597
    1880       1.5028
    1881       1.5647
    1882       1.5821
    1883       1.5684
    1884       1.5318
    1885       1.5333
    1886       1.4235
    1887       1.3696
    1888       1.4914
    1889       1.3890
    1890       1.4300
    1891       1.5109
    1892       1.4571
    1893       1.4314
    1894       1.3906
    1895       1.3998
    1896       1.4040
    1897       1.3616
    1898       1.3388
    1899       1.3194
    1900       1.3690
    1901       1.2075
    1902       1.3130
    1903       1.2910
    1904       1.3100
    1905       1.3996
    1906       1.3038
    1907       1.3961
    1908       1.4325
    1909       1.3906
    1910       1.4031
    1911       1.3994
    1912       1.4008
    1913       1.3468
    1914       1.4043
    1915       1.3450
    1916       1.3610
    1917       1.3453
    1918       1.4220
    1919       1.4568
    1920       1.3595
    1921       1.3248
    1922       1.4402
    1923       1.4330
    1924       1.3176
    1925       1.3470
    1926       1.4631
    1927       1.4436
    1928       1.3858
    1929       1.3885
    1930       1.4428
    1931       1.4168
    1932       1.2488
    1933       1.3620
    1934       1.4082
    1935       1.4605
    1936       1.4065
    1937       1.3094
    1938       1.3476
    1939       1.4524
    1940       1.4249
    1941       1.4959
    1942       1.4521
    1943       1.3719
    1944       1.4201
    1945       1.3747
    1946       1.3228
    1947       1.3119
    1948       1.3051
    1949       1.2129
    1950       1.3701
    1951       1.3540
    1952       1.4306
    1953       1.5395
    1954       1.5024
    1955       1.5191
    1956       1.4799
    1957       1.4620
    1958       1.4708
    1959       1.5055
    1960       1.4569
    1961       1.4979
    1962       1.5114
    1963       1.4233
    1964       1.5257
    1965       1.4944
    1966       1.5705
    1967       1.5437
    1968       1.3992
    1969       1.3828
    1970       1.4103
    1971       1.5139
    1972       1.5120
    1973       1.3509
    1974       1.4870
    1975       1.4674
    1976       1.4635
    1977       1.3733
    1978       1.3817
    1979       1.4820
    1980       1.4662
    1981       1.5420
    1982       1.4205
    1983       1.4693
    1984       1.4646
    1985       1.5030
    1986       1.5881
    1987       1.4924
    1988       1.5070
    1989       1.5506
    1990       1.3872
    1991       1.4265
    1992       1.5384
    1993       1.5690
    1994       1.5078
    1995       1.4495
    1996       1.5088
    1997       1.4817
    1998       1.5595
    1999       1.5141
    2000       1.5242
