Run semi-empirical minimization
 &qmmm
  maxcyc=0, qm_theory='AM1', scfconv=1.d-10  qmcharge=0,
 /
   6    C1        1.4930       19.8520       31.1940 
   6    C2        1.6450       21.3890       31.0690 
   6    C3        3.0630       21.8000       31.4880 
   6    C4        3.2970       21.6100       32.9990 
   6    C5        2.2170       22.2890       33.8810 
   6    C6        2.3870       22.0810       35.3850 
   6    C7        3.6640       21.9770       35.9660 
   6    C8        3.8270       21.8290       37.3460 
   6    C9        2.7080       21.7970       38.1650 
   8    O1        2.8170       21.6500       39.5160 
   6   C10        1.4360       21.9200       37.6250 
   6   C11        1.2620       22.0790       36.2390 
   6   C12       -0.1500       22.1890       35.7170 
   6   C13       -0.2410       22.6500       34.2660 
   6   C14        0.7820       21.8950       33.4160 
   6   C15        0.6470       22.2010       31.9230 
   6   C16       -0.6930       21.9560       31.2380 
   6   C17       -0.3440       21.8480       29.7410 
   6   C18        1.1960       21.8030       29.6520 
   8    O2        1.6780       23.1020       29.3220 
   1    H1        3.7590       21.5790       39.7410 
   1    H2        1.3420       23.3230       28.4370 
   1    H3        1.6940       19.4840       32.2040 
   1    H4        0.4920       19.5020       30.9240 
   1    H5        2.1990       19.3480       30.5230 
   1    H6        3.8110       21.2280       30.9250 
   1    H7        3.2430       22.8560       31.2520 
   1    H8        3.3570       20.5410       33.2390 
   1    H9        4.2860       22.0260       33.2240 
   1   H10        2.3300       23.3730       33.7290 
   1   H11        4.5610       22.0180       35.3550 
   1   H12        4.8280       21.7460       37.7560 
   1   H13        0.5750       21.8950       38.2880 
   1   H14       -0.6200       21.2010       35.8080 
   1   H15       -0.7240       22.8840       36.3420 
   1   H16       -1.2610       22.4800       33.9050 
   1   H17       -0.0570       23.7310       34.2040 
   1   H18        0.6230       20.8220       33.5840 
   1   H19        0.8630       23.2740       31.7970 
   1   H20       -1.1620       21.0290       31.5900 
   1   H21       -1.4000       22.7720       31.4210 
   1   H22       -0.7820       20.9290       29.3360 
   1   H23       -0.7630       22.6940       29.1850 
   1   H24        1.5420       21.1120       28.8770 

