#Frame            l2o
       1      40.8042
       2      40.7124
       3      40.4914
       4      39.5506
       5      39.8216
       6      40.0892
       7      40.0841
       8      40.3347
       9      40.6589
      10      40.1172
      11      39.9761
      12      40.0406
      13      39.7494
      14      39.8018
      15      39.8350
      16      39.6850
      17      39.7180
      18      39.3785
      19      39.4262
      20      39.4828
      21      39.6289
      22      39.5720
      23      39.7141
      24      39.7016
      25      39.4240
      26      39.2773
      27      40.0396
      28      39.5605
      29      39.5598
      30      39.7396
      31      39.5562
      32      40.3197
      33      39.7520
      34      39.6308
      35      39.8498
      36      39.7671
      37      39.7610
      38      39.3897
      39      39.4590
      40      39.6335
      41      39.1734
      42      38.9925
      43      38.7853
      44      39.4970
      45      39.4573
      46      39.3340
      47      39.6527
      48      39.3271
      49      38.9441
      50      39.0066
      51      38.8696
      52      39.3876
      53      39.5760
      54      39.3243
      55      39.2638
      56      39.4490
      57      39.3214
      58      39.4881
      59      39.3294
      60      39.2883
      61      39.8433
      62      39.5001
      63      39.4060
      64      39.6649
      65      39.8646
      66      39.6455
      67      39.8297
      68      39.8530
      69      39.7003
      70      39.9134
      71      39.6092
      72      39.4551
      73      39.5730
      74      39.3969
      75      39.6482
      76      39.7224
      77      39.5613
      78      39.3000
      79      39.3654
      80      39.6203
      81      39.7810
      82      39.9890
      83      39.7111
      84      39.9197
      85      39.8121
      86      39.8668
      87      40.2685
      88      39.9590
      89      39.7636
      90      40.0058
      91      40.2767
      92      40.1209
      93      39.9563
      94      39.9737
      95      40.0841
      96      40.2602
      97      39.9196
      98      40.1547
      99      40.2783
     100      40.2849
     101      40.0310
     102      39.9128
     103      40.1491
     104      39.6867
     105      40.1425
     106      39.6286
     107      39.6771
     108      39.6575
     109      39.6956
     110      39.5387
     111      39.3089
     112      39.7424
     113      39.4158
     114      39.3490
     115      39.2250
     116      39.0052
     117      39.6861
     118      39.3346
     119      39.3093
     120      39.4344
     121      39.6778
     122      39.2848
     123      39.5590
     124      39.6200
     125      39.6321
     126      39.8279
     127      39.7856
     128      39.8387
     129      39.8140
     130      39.8526
     131      39.7984
     132      39.5307
     133      40.3850
     134      40.4097
     135      40.1776
     136      40.5335
     137      40.2507
     138      39.9197
     139      40.0682
     140      40.3217
     141      40.0040
     142      40.0642
     143      40.2725
     144      40.1466
     145      39.9018
     146      40.0518
     147      39.9345
     148      39.7809
     149      40.4213
     150      39.9881
     151      39.7327
     152      39.4798
     153      39.8032
     154      39.7194
     155      39.5808
     156      39.8462
     157      39.7871
     158      39.7923
     159      39.4045
     160      39.6447
     161      39.9994
     162      40.3172
     163      39.6935
     164      40.1174
     165      39.9620
     166      40.0146
     167      40.1620
     168      40.0304
     169      39.8601
     170      39.7415
     171      40.3123
     172      39.9197
     173      39.6073
     174      40.1303
     175      39.8157
     176      39.9651
     177      39.9167
     178      39.6526
     179      39.3261
     180      39.4535
     181      39.5662
     182      39.7312
     183      39.5136
     184      39.6487
     185      39.6343
     186      40.1148
     187      39.9753
     188      40.0370
     189      40.0276
     190      39.9838
     191      39.8074
     192      39.9452
     193      39.9959
     194      40.0390
     195      39.7409
     196      39.6688
     197      39.8108
     198      40.1062
     199      39.7467
     200      39.6326
     201      39.8527
     202      39.5188
     203      39.8266
     204      39.9591
     205      39.5651
     206      39.8506
     207      39.6920
     208      40.0276
     209      39.7964
     210      39.8746
     211      40.1057
     212      39.7201
     213      40.0662
     214      39.5679
     215      39.5438
     216      39.4140
     217      39.8027
     218      39.4178
     219      39.8215
     220      39.6986
     221      39.6006
     222      39.2964
     223      39.1525
     224      39.1253
     225      39.0770
     226      39.3800
     227      39.4591
     228      39.8522
     229      39.9715
     230      39.6774
     231      39.6907
     232      39.8420
     233      39.8160
     234      39.5253
     235      39.3776
     236      39.5469
     237      39.6031
     238      39.3521
     239      39.6893
     240      39.5387
     241      39.6418
     242      39.5148
     243      39.6717
     244      39.9664
     245      39.9016
     246      39.9804
     247      39.8987
     248      40.0198
     249      40.3221
     250      39.6035
     251      39.5766
     252      40.0511
     253      39.8133
     254      39.5948
     255      39.7127
     256      39.1990
     257      39.6793
     258      39.7839
     259      39.4869
     260      39.2667
     261      38.9263
     262      39.4122
     263      39.4683
     264      39.4317
     265      39.7323
     266      39.7801
     267      39.5896
     268      39.5244
     269      39.9149
     270      39.1451
     271      39.3079
     272      39.3725
     273      39.0540
     274      39.4214
     275      39.4083
     276      39.3422
     277      38.9322
     278      39.2682
     279      38.9607
     280      39.4163
     281      39.0671
     282      39.1901
     283      38.7087
     284      39.2182
     285      39.3918
     286      39.5363
     287      39.5965
     288      39.3524
     289      39.5031
     290      39.4885
     291      39.4599
     292      39.2748
     293      39.3933
     294      39.3224
     295      39.2357
     296      39.6395
     297      39.7401
     298      39.3861
     299      39.6207
     300      39.2038
     301      39.4681
     302      39.8243
     303      39.6782
     304      39.7975
     305      39.7618
     306      39.1960
     307      39.4956
     308      39.1485
     309      39.4387
     310      39.4650
     311      39.1516
     312      39.4921
     313      39.3905
     314      39.3112
     315      39.2338
     316      39.2638
     317      39.1392
     318      39.2253
     319      38.9277
     320      39.0333
     321      39.2697
     322      39.8303
     323      39.2641
     324      39.7718
     325      39.4743
     326      39.5267
     327      39.4013
     328      39.9141
     329      39.7679
     330      39.3367
     331      39.2541
     332      39.3330
     333      39.6080
     334      39.5319
     335      39.4994
     336      39.5443
     337      39.7828
     338      39.5350
     339      39.4901
     340      39.3798
     341      39.4078
     342      39.8754
     343      39.5509
     344      39.3803
     345      39.4723
     346      39.1181
     347      39.3606
     348      39.4604
     349      39.7048
     350      39.7538
     351      39.8463
     352      39.7676
     353      39.3663
     354      39.5575
     355      39.3841
     356      39.5643
     357      39.6542
     358      39.4763
     359      39.7075
     360      39.7877
     361      39.6891
     362      39.7826
     363      39.9041
     364      39.9908
     365      40.0611
     366      39.9312
     367      39.7375
     368      39.7230
     369      39.4243
     370      39.8786
     371      39.7377
     372      39.4902
     373      39.7145
     374      39.5844
     375      39.5790
     376      39.6424
     377      39.5552
     378      39.0168
     379      39.5185
     380      39.2666
     381      38.9684
     382      39.2700
     383      39.4334
     384      39.1466
     385      39.5931
     386      39.0502
     387      39.1576
     388      39.1664
     389      39.2940
     390      39.5726
     391      39.3282
     392      38.9006
     393      39.2104
     394      38.8906
     395      39.0523
     396      39.1953
     397      39.0949
     398      39.1391
     399      39.0529
     400      38.8435
     401      39.2479
     402      39.6013
     403      39.3598
     404      39.5072
     405      39.5073
     406      39.4487
     407      39.3296
     408      39.0463
     409      39.2377
     410      39.0390
     411      39.3587
     412      39.2200
     413      38.6582
     414      39.1458
     415      39.6158
     416      39.2715
     417      39.3664
     418      39.2341
     419      39.3376
     420      39.3356
     421      39.4711
     422      39.4137
     423      39.3092
     424      39.2457
     425      39.6264
     426      39.4820
     427      39.1783
     428      39.0480
     429      39.2286
     430      39.5301
     431      39.4605
     432      39.3050
     433      39.1185
     434      39.4226
     435      39.3367
     436      39.3946
     437      39.0749
     438      39.3897
     439      39.2671
     440      39.3340
     441      39.3260
     442      39.4301
     443      39.5271
     444      39.5164
     445      39.2789
     446      39.1995
     447      39.0647
     448      39.5199
     449      38.8020
     450      39.5099
     451      38.9931
     452      39.6086
     453      39.3927
     454      39.5859
     455      39.5944
     456      39.5434
     457      39.6652
     458      40.0053
     459      39.9503
     460      39.8927
     461      39.5922
     462      39.5665
     463      39.5566
     464      39.5830
     465      39.2970
     466      39.2831
     467      39.4138
     468      39.3904
     469      39.4344
     470      39.4490
     471      39.6071
     472      39.6757
     473      39.9346
     474      39.8358
     475      39.9774
     476      39.4607
     477      39.6061
     478      39.8437
     479      40.0135
     480      40.1527
     481      40.0607
     482      40.3642
     483      40.3291
     484      40.2392
     485      40.3228
     486      40.0103
     487      40.2312
     488      40.1908
     489      39.8621
     490      40.0337
     491      39.9173
     492      39.6393
     493      39.6433
     494      39.3093
     495      39.5702
     496      39.7402
     497      39.5264
     498      39.6578
     499      39.9353
     500      39.9519
     501      40.1394
     502      39.8193
     503      40.0495
     504      40.2436
     505      40.3896
     506      40.4870
     507      40.4038
     508      40.1474
     509      40.0580
     510      40.0158
     511      39.8841
     512      39.8694
     513      39.7816
     514      39.8627
     515      39.9830
     516      39.9435
     517      39.7823
     518      39.8308
     519      39.6929
     520      40.2107
     521      39.6667
     522      39.8522
     523      39.7928
     524      39.6346
     525      39.5678
     526      40.0281
     527      39.7238
     528      39.8686
     529      39.9263
     530      40.1332
     531      40.2078
     532      40.2561
     533      40.0230
     534      39.8024
     535      39.4569
     536      38.9811
     537      39.4768
     538      39.6952
     539      39.0910
     540      39.6449
     541      39.4687
     542      39.1436
     543      39.5762
     544      39.3049
     545      39.2578
     546      39.6519
     547      39.4742
     548      39.8449
     549      39.2814
     550      39.9252
     551      39.6756
     552      39.3138
     553      39.7052
     554      39.5189
     555      39.5562
     556      39.6062
     557      39.6707
     558      39.7212
     559      39.6186
     560      39.2532
     561      39.4045
     562      39.5122
     563      39.7370
     564      39.6536
     565      39.4572
     566      39.7021
     567      39.9267
     568      39.7043
     569      39.3037
     570      39.5045
     571      39.4554
     572      39.8468
     573      39.5499
     574      39.5216
     575      39.4758
     576      39.4800
     577      39.6062
     578      39.4889
     579      39.6021
     580      39.5167
     581      39.6429
     582      39.4977
     583      39.5952
     584      39.9645
     585      39.5020
     586      39.6874
     587      39.8501
     588      39.8116
     589      40.2241
     590      39.7420
     591      40.5928
     592      40.1138
     593      39.5512
     594      39.5269
     595      39.9028
     596      39.7084
     597      39.8805
     598      39.8197
     599      39.6736
     600      39.5145
     601      39.5773
     602      40.1564
     603      39.7112
     604      39.9895
     605      39.5901
     606      39.4431
     607      39.7178
     608      39.8966
     609      39.7579
     610      39.8754
     611      39.5915
     612      39.9843
     613      39.6681
     614      39.7554
     615      39.7331
     616      39.7844
     617      40.1052
     618      39.7578
     619      39.6084
     620      39.9822
     621      39.2808
     622      39.3102
     623      39.2182
     624      39.5132
     625      39.6911
     626      39.6859
     627      39.8345
     628      39.8652
     629      39.9057
     630      39.3483
     631      39.6724
     632      39.8663
     633      39.8262
     634      39.7597
     635      39.7490
     636      39.5206
     637      39.6990
     638      40.1573
     639      39.8609
     640      39.5520
     641      39.8426
     642      39.9527
     643      39.8306
     644      39.5545
     645      39.1075
     646      39.3158
     647      39.8001
     648      39.7618
     649      39.5955
     650      40.3284
     651      39.6325
     652      40.0903
     653      40.2194
     654      40.0138
     655      40.0252
     656      40.2771
     657      40.3732
     658      40.1184
     659      40.0766
