#Res        AtomicFlx
   1.000       1.1760
   2.000       0.6503
   3.000       0.8147
   4.000       0.8904
   5.000       0.7633
   6.000       1.0439
   7.000       1.1891
   8.000       1.1381
   9.000       0.7829
  10.000       0.7517
  11.000       0.8125
  12.000       0.7530
  13.000       0.5337
  14.000       0.5823
  15.000       0.6181
  16.000       0.5206
  17.000       0.4385
  18.000       0.5152
  19.000       0.5496
  20.000       0.5400
  21.000       0.4742
  22.000       0.6079
  23.000       0.8114
  24.000       1.1653
  25.000       1.2352
  26.000       1.3429
  27.000       1.2605
  28.000       0.7370
  29.000       0.7028
  30.000       0.4626
  31.000       0.3725
  32.000       0.3446
  33.000       0.3328
  34.000       0.3363
  35.000       0.3721
  36.000       0.3434
  37.000       0.3083
  38.000       0.3593
  39.000       0.5043
  40.000       0.5130
  41.000       0.6216
  42.000       0.4646
  43.000       0.4969
  44.000       0.4950
  45.000       0.3826
  46.000       0.3966
  47.000       0.4665
  48.000       0.4283
  49.000       0.4258
  50.000       0.4828
  51.000       0.5370
  52.000       0.5117
  53.000       0.5448
  54.000       0.5672
  55.000       0.5343
  56.000       0.5523
  57.000       0.6768
  58.000       0.5882
  59.000       0.5287
  60.000       0.7642
  61.000       0.5691
  62.000       0.5532
  63.000       0.6129
  64.000       0.6468
  65.000       0.5546
  66.000       0.6335
  67.000       0.5321
  68.000       0.8012
  69.000       1.3149
  70.000       1.4500
  71.000       1.2632
  72.000       1.2183
  73.000       0.8996
  74.000       0.9171
  75.000       0.7377
  76.000       0.6980
  77.000       0.5511
  78.000       0.4040
  79.000       0.4101
  80.000       0.5260
  81.000       0.5716
  82.000       0.5274
  83.000       0.6017
  84.000       0.6899
  85.000       0.9309
  86.000       1.2209
  87.000       1.0702
  88.000       1.1906
  89.000       0.8047
  90.000       0.7273
  91.000       0.6705
  92.000       0.5590
  93.000       0.4664
  94.000       0.4066
  95.000       0.3777
  96.000       0.3697
  97.000       0.4508
  98.000       0.4456
  99.000       0.4999
 100.000       0.4870
 101.000       0.5470
 102.000       0.6976
 103.000       0.5309
 104.000       0.4123
 105.000       0.3861
 106.000       0.3471
 107.000       0.3801
 108.000       0.4805
 109.000       0.3794
 110.000       0.4320
 111.000       0.5902
 112.000       0.9073
 113.000       0.7660
 114.000       0.7325
 115.000       0.6421
 116.000       0.7302
 117.000       0.7250
 118.000       0.9793
 119.000       0.5733
 120.000       0.4478
 121.000       0.3914
 122.000       0.4372
 123.000       0.4072
 124.000       0.4296
 125.000       0.3852
 126.000       0.3497
 127.000       0.3551
 128.000       0.4046
 129.000       0.4773
 130.000       0.7486
 131.000       1.3410
 132.000       1.9930
 133.000       1.7784
 134.000       1.3624
 135.000       0.8604
 136.000       0.6017
 137.000       0.3528
 138.000       0.3127
 139.000       0.2908
 140.000       0.3129
 141.000       0.3083
 142.000       0.3156
 143.000       0.3447
 144.000       0.3685
 145.000       0.4514
 146.000       0.6334
 147.000       0.8964
 148.000       1.7442
 149.000       2.1237
 150.000       1.8703
 151.000       1.2556
 152.000       0.9111
 153.000       0.7261
 154.000       0.8486
 155.000       0.8580
 156.000       0.6317
 157.000       0.5831
 158.000       0.8916
 159.000       0.6954
 160.000       0.5599
 161.000       0.4395
 162.000       0.6146
 163.000       0.5812
 164.000       0.3896
 165.000       0.4384
 166.000       0.4868
 167.000       0.3943
 168.000       0.3584
 169.000       0.4025
 170.000       0.4057
 171.000       0.3558
 172.000       0.3985
 173.000       0.4900
 174.000       0.4519
 175.000       0.4190
 176.000       0.5154
 177.000       0.6960
 178.000       0.6967
 179.000       0.7686
 180.000       1.2460
 181.000       1.5374
 182.000       2.0137
 183.000       2.5882
 184.000       3.0830
 185.000       3.7339
 186.000       4.4912
 187.000       5.0481
 188.000       5.7186
 189.000       6.2052
 190.000       6.2121
 191.000       6.6365
