Run semi-empirical minimization
 &qmmm
  maxcyc=0  qmcharge=0,
 /
   6    C1        1.5790       23.0530       34.9130 
   6    C2        0.3360       22.6610       34.4300 
   6    C3       -0.5110       21.9010       35.2290 
  17   Cl1       -2.0540       21.4130       34.6300 
   6    C4       -0.1160       21.5350       36.5100 
   6    C5        1.1270       21.9280       36.9930 
   6    C6        1.9750       22.6880       36.1940 
   6    C7        3.2170       23.0800       36.6770 
   8    O1        3.2340       24.5000       36.8500 
   6    C8        4.1230       24.8390       37.9170 
   6    C9        3.8610       26.2150       38.3550 
   6   C10        3.6500       27.3120       38.7050 
   6   C11        4.3040       22.6750       35.6800 
   8    O2        4.9740       21.6570       35.8530 
   7    N1        4.4530       23.5020       34.6360 
   6   C12        5.4530       23.2590       33.5860 
   6   C13        4.9950       23.9170       32.2820 
   6   C14        3.8380       23.2920       31.8290 
   6   C15        2.6510       24.0130       31.7420 
   6   C16        1.5060       23.3730       31.2870 
   8    O3        0.3080       24.0080       31.1730 
   6   C17        0.4330       25.1020       30.2610 
   6   C18        3.8730       21.9480       31.4650 
   6   C19        2.7240       21.3110       31.0090 
   6   C20        1.5420       22.0350       30.9230 
   8    O4        0.3760       21.4850       30.4880 
   6   C21        0.0450       20.3600       31.3060 
   6   C22       -1.1940       19.7440       30.8130 
   6   C23       -2.1810       19.2530       30.4210 
   1    H1        2.2500       23.6530       34.2810 
   1    H2        0.0230       22.9520       33.4160 
   1    H3       -0.7870       20.9340       37.1420 
   1    H4        1.4400       21.6380       38.0070 
   1    H5        3.4060       22.5900       37.6440 
   1    H6        3.9640       24.1500       38.7590 
   1    H7        5.1630       24.7580       37.5670 
   1    H8        3.4520       28.3430       39.0340 
   1    H9        3.8490       24.3330       34.5670 
   1   H10        6.4180       23.6870       33.8930 
   1   H11        5.5650       22.1760       33.4300 
   1   H12        4.7900       24.9830       32.4610 
   1   H13        5.7860       23.8180       31.5240 
   1   H14        2.6200       25.0740       32.0290 
   1   H15        0.5400       26.0400       30.8260 
   1   H16        1.3200       24.9520       29.6280 
   1   H17       -0.4650       25.1560       29.6280 
   1   H18        4.8160       21.3870       31.5390 
   1   H19        2.7510       20.2500       30.7210 
   1   H20        0.8620       19.6240       31.2650 
   1   H21       -0.0990       20.6920       32.3450 
   1   H22       -3.1090       18.7910       30.0520 

