Run semi-empirical minimization
 &qmmm
  maxcyc=0  qmcharge=0,
 /
   6    C1       19.0290      -12.7390      -18.0790 
   6    C2       21.0870      -10.0830      -14.6030 
   6    C3       20.3050       -9.5210      -13.5790 
   6    C4       20.1240      -10.1850      -12.3560 
   6    C5       20.7560      -11.4110      -12.2090 
   6    C6       21.7420      -13.0980      -10.8280 
   6    C7       22.0540      -13.9260      -12.0720 
   6    C8       20.9470      -14.9750      -12.3390 
   6    C9       18.5310      -14.6180      -11.9020 
   6   C10       17.3770      -13.7090      -12.3320 
   6   C11       18.2110      -13.7030      -14.5860 
   6   C12       18.4890      -11.8520      -19.0060 
   6   C13       19.3550      -14.6080      -14.1580 
   6   C14       22.3150      -11.1320      -17.3850 
   6   C15       23.0070      -10.0050      -17.8190 
   6   C16       22.4540       -9.1320      -18.7510 
   6   C17       21.1910       -9.3820      -19.2660 
   6   C18       20.4840      -10.5070      -18.8580 
   6   C19       21.0340      -11.3920      -17.9210 
   6   C20       20.2950      -12.5130      -17.5360 
   6   C21       19.2130      -10.7320      -19.3970 
   6   C22       22.9810      -11.9280      -16.4390 
   6   C23       22.4650      -12.1090      -15.1760 
   6   C24       22.7300      -13.1740      -14.3920 
   6   C25       23.5640      -14.4160      -14.7070 
   6   C26       21.4870      -11.8820      -13.2340 
   6   C27       21.6760      -11.2780      -14.4290 
   7    N1       22.1210      -13.0380      -13.2150 
   7    N2       19.6940      -14.3240      -12.7640 
   8    O1       24.1330      -12.2840      -16.7090 
   8    O2       20.6440      -12.1660      -11.0450 
   8    O3       17.0730      -13.9190      -13.7360 
   1    H1       18.4540      -13.6250      -17.7720 
   1    H2       21.2170       -9.5420      -15.5520 
   1    H3       19.8260       -8.5440      -13.7390 
   1    H4       19.5100       -9.7540      -11.5520 
   1    H5       21.4710      -13.7800      -10.0080 
   1    H6       22.6390      -12.5100      -10.5820 
   1    H7       23.0090      -14.4480      -11.9120 
   1    H8       21.2840      -15.6590      -13.1320 
   1    H9       20.7560      -15.5280      -11.4080 
   1   H10       18.7880      -14.4220      -10.8500 
   1   H11       18.2410      -15.6740      -12.0020 
   1   H12       16.4870      -13.9410      -11.7280 
   1   H13       17.6690      -12.6590      -12.1800 
   1   H14       18.5290      -12.6530      -14.5100 
   1   H15       17.9360      -13.9340      -15.6260 
   1   H16       17.4900      -12.0370      -19.4280 
   1   H17       19.0490      -15.6600      -14.2560 
   1   H18       20.2310      -14.4250      -14.7970 
   1   H19       24.0110       -9.8000      -17.4180 
   1   H20       23.0170       -8.2460      -19.0780 
   1   H21       20.7480       -8.6900      -19.9980 
   1   H22       20.7120      -13.2200      -16.8030 
   1   H23       18.7890      -10.0260      -20.1260 
   1   H24       23.8830      -14.8910      -13.7680 
   1   H25       22.9590      -15.1260      -15.2900 
   1   H26       24.4500      -14.1240      -15.2900 

