#Frame            lig
       1       0.8400
       2       0.7554
       3       0.6697
       4       0.7517
       5       0.5928
       6       0.7616
       7       0.8117
       8       0.7334
       9       0.6357
      10       0.6068
      11       0.6311
      12       0.7286
      13       0.7944
      14       0.8662
      15       1.0221
      16       0.6100
      17       0.9277
      18       0.6931
      19       0.7792
      20       0.6903
      21       0.4876
      22       0.4658
      23       0.9128
      24       0.9791
      25       0.9293
      26       0.8589
      27       0.8219
      28       0.9362
      29       0.8853
      30       0.8821
      31       1.0888
      32       0.6544
      33       0.8663
      34       0.9102
      35       0.7110
      36       0.7728
      37       0.7984
      38       0.7555
      39       0.9725
      40       0.8052
      41       0.7770
      42       0.8808
      43       0.5864
      44       0.9204
      45       0.7828
      46       0.8164
      47       0.9158
      48       0.7892
      49       1.0654
      50       0.9522
      51       0.8498
      52       0.7822
      53       1.0421
      54       0.9340
      55       1.0165
      56       0.9106
      57       0.7558
      58       0.9553
      59       0.9126
      60       1.2629
      61       1.2697
      62       0.9566
      63       1.1975
      64       1.1109
      65       1.1505
      66       0.8930
      67       1.3733
      68       0.9752
      69       1.4116
      70       1.1623
      71       1.2941
      72       1.0509
      73       1.1604
      74       0.9175
      75       1.2444
      76       1.2168
      77       1.0577
      78       1.0246
      79       1.0666
      80       0.9323
      81       0.9678
      82       0.8352
      83       0.9624
      84       1.0060
      85       0.6332
      86       0.5206
      87       1.1356
      88       0.8685
      89       0.9913
      90       1.0470
      91       1.0403
      92       1.1262
      93       1.0670
      94       1.2141
      95       0.9593
      96       1.0940
      97       0.9098
      98       1.2143
      99       1.2316
     100       1.3496
     101       1.4932
     102       1.7396
     103       1.1141
     104       1.0552
     105       1.0229
     106       0.8351
     107       1.4479
     108       1.0130
     109       1.3025
     110       1.1262
     111       1.2398
     112       1.5041
     113       1.4107
     114       1.4214
     115       0.9410
     116       1.1389
     117       1.4231
     118       0.8882
     119       1.2133
     120       1.2084
     121       1.1105
     122       1.2030
     123       0.9200
     124       1.2152
     125       1.1091
     126       1.0488
     127       1.0105
     128       0.8090
     129       1.0397
     130       0.7813
     131       0.8696
     132       0.9194
     133       0.9563
     134       0.9931
     135       0.9612
     136       1.0819
     137       1.1647
     138       1.1612
     139       0.8639
     140       1.0558
     141       1.1525
     142       0.8551
     143       1.1222
     144       1.2244
     145       1.2670
     146       1.1039
     147       0.7123
     148       1.1738
     149       0.8466
     150       1.1491
     151       0.9429
     152       1.0519
     153       1.0922
     154       1.0465
     155       1.2317
     156       1.0264
     157       1.5244
     158       1.0912
     159       1.2001
     160       1.7514
     161       1.1622
     162       1.1148
     163       1.1004
     164       1.1478
     165       1.0403
     166       1.1758
     167       0.9960
     168       1.0096
     169       1.0108
     170       0.9897
     171       0.8617
     172       1.0052
     173       1.1630
     174       1.2976
     175       0.8713
     176       0.9859
     177       1.0780
     178       1.0900
     179       1.1144
     180       1.0177
     181       1.0949
     182       0.8160
     183       0.9839
     184       0.8934
     185       1.1530
     186       0.9060
     187       1.0612
     188       1.3045
     189       1.0769
     190       0.9427
     191       0.7205
     192       0.7732
     193       1.0127
     194       0.8002
     195       0.9001
     196       0.9315
     197       1.3407
     198       1.0598
     199       1.0866
     200       1.0876
     201       1.1010
     202       0.6362
     203       0.6924
     204       0.6856
     205       0.8242
     206       0.8789
     207       0.7648
     208       0.8407
     209       1.0641
     210       1.1621
     211       0.8646
     212       0.7669
     213       0.9279
     214       0.8976
     215       1.0242
     216       0.9317
     217       1.0924
     218       1.0470
     219       1.1680
     220       1.2158
     221       1.0373
     222       1.0217
     223       0.8016
     224       1.0815
     225       1.2332
     226       0.8764
     227       1.2191
     228       0.9201
     229       0.9373
     230       1.0084
     231       0.8141
     232       0.7463
     233       0.8504
     234       0.5415
     235       1.3650
     236       0.8004
     237       0.7914
     238       0.8370
     239       0.7631
     240       0.6970
     241       0.9024
     242       0.7267
     243       0.7940
     244       0.8587
     245       1.0377
     246       0.9438
     247       0.8609
     248       0.9517
     249       0.8197
     250       0.8066
     251       0.6646
     252       0.8294
     253       0.7205
     254       1.0031
     255       0.8882
     256       0.9331
     257       1.1525
     258       1.2225
     259       1.0336
     260       1.1930
     261       0.6371
     262       0.9351
     263       1.0317
     264       1.1566
     265       0.7046
     266       0.8244
     267       0.9582
     268       1.2635
     269       0.8559
     270       0.8787
     271       1.0380
     272       1.2327
     273       1.0728
     274       1.1398
     275       1.0367
     276       1.2861
     277       1.5408
     278       1.1310
     279       1.1388
     280       1.4734
     281       0.9529
     282       1.2262
     283       1.1634
     284       0.7066
     285       0.7083
     286       0.9202
     287       0.8266
     288       0.8806
     289       0.7851
     290       1.0941
     291       0.7056
     292       1.0184
     293       1.0695
     294       1.0001
     295       0.9325
     296       1.1883
     297       1.0736
     298       1.2339
     299       0.9410
     300       0.9413
     301       0.9056
     302       0.8353
     303       0.9512
     304       0.9220
     305       1.0708
     306       1.0400
     307       0.6050
     308       0.6609
     309       0.6423
     310       0.9614
     311       1.0322
     312       1.1406
     313       0.9692
     314       1.1029
     315       1.0975
     316       0.8954
     317       1.0727
     318       1.0043
     319       1.0989
     320       1.2566
     321       1.0021
     322       1.1793
     323       1.1959
     324       0.9444
     325       1.5152
     326       1.0218
     327       0.7783
     328       0.9028
     329       0.8941
     330       0.9366
     331       1.2705
     332       1.3132
     333       1.2310
     334       0.8388
     335       0.8868
     336       1.1779
     337       1.2234
     338       0.9904
     339       1.1470
     340       0.9666
     341       0.9930
     342       0.6021
     343       1.1282
     344       0.9410
     345       1.2202
     346       1.0749
     347       0.8451
     348       0.7328
     349       1.0343
     350       0.8020
     351       0.7891
     352       1.1757
     353       0.9849
     354       1.1929
     355       1.1429
     356       0.8346
     357       1.2360
     358       0.9412
     359       0.7783
     360       0.7627
     361       1.0610
     362       1.0707
     363       1.0532
     364       0.7947
     365       0.7674
     366       0.8576
     367       1.2323
     368       1.2221
     369       1.0152
     370       0.8270
     371       1.1737
     372       0.8337
     373       0.9866
     374       1.0307
     375       0.7856
     376       0.8411
     377       0.7191
     378       1.0456
     379       1.0051
     380       0.9817
     381       1.0262
     382       0.9177
     383       0.8951
     384       0.9795
     385       1.0689
     386       0.8175
     387       1.0574
     388       0.9765
     389       1.0163
     390       0.9570
     391       0.9478
     392       0.6185
     393       1.0064
     394       1.0226
     395       1.0012
     396       0.9104
     397       0.8888
     398       1.2364
     399       1.2420
     400       1.2273
     401       1.0925
     402       1.1582
     403       1.2113
     404       1.0787
     405       1.1672
     406       1.0369
     407       0.9062
     408       1.3026
     409       1.0705
     410       0.9369
     411       1.0936
     412       1.0745
     413       1.0984
     414       1.1758
     415       1.0719
     416       1.4097
     417       1.2494
     418       1.1383
     419       1.3425
     420       1.1320
     421       1.0527
     422       1.0437
     423       1.2260
     424       0.7079
     425       1.0870
     426       1.3529
     427       1.0557
     428       1.1051
     429       0.6542
     430       1.1672
     431       1.2390
     432       0.9166
     433       1.0326
     434       1.1086
     435       1.0769
     436       1.0415
     437       0.9999
     438       1.1857
     439       1.3371
     440       0.8017
     441       1.3235
     442       1.0345
     443       1.1341
     444       1.0821
     445       1.0571
     446       1.3546
     447       1.1749
     448       1.0478
     449       1.0923
     450       0.9994
     451       1.3682
     452       1.4409
     453       1.0232
     454       0.8970
     455       1.0895
     456       1.3944
     457       1.2121
     458       0.8030
     459       1.0844
     460       1.1548
     461       1.1411
     462       0.8429
     463       1.1623
     464       1.1642
     465       1.1787
     466       1.0053
     467       1.1568
     468       1.4524
     469       1.0945
     470       0.8144
     471       0.9292
     472       1.0977
     473       1.2472
     474       1.0786
     475       1.0327
     476       0.9331
     477       1.0124
     478       0.9260
     479       1.0877
     480       1.2331
     481       1.2240
     482       0.9392
     483       1.2219
     484       1.4062
     485       1.4666
     486       1.2797
     487       1.1537
     488       1.3115
     489       1.4777
     490       1.1628
     491       1.4875
     492       1.0363
     493       0.7147
     494       0.8110
     495       1.0009
     496       0.9761
     497       0.7045
     498       0.8358
     499       1.0783
     500       0.8675
     501       0.8549
     502       1.0670
     503       0.9642
     504       0.9170
     505       0.7206
     506       1.0703
     507       0.7967
     508       0.9391
     509       0.8425
     510       1.0369
     511       1.1815
     512       0.7890
     513       0.9908
     514       0.7450
     515       0.8961
     516       0.9557
     517       0.9322
     518       1.1911
     519       0.9415
     520       0.9122
     521       1.1180
     522       1.2383
     523       0.8804
     524       1.0918
     525       0.9341
     526       1.0779
     527       0.9692
     528       1.0648
     529       1.2035
     530       1.0872
     531       0.6089
     532       1.0847
     533       1.2173
     534       1.2282
     535       0.8305
     536       1.0821
     537       0.7417
     538       1.0600
     539       1.0310
     540       2.2057
     541       0.7058
     542       1.1421
     543       1.3438
     544       1.1772
     545       0.9419
     546       1.4140
     547       1.0940
     548       1.1250
     549       1.2123
     550       1.2864
     551       1.9221
     552       1.6518
     553       1.5509
     554       1.3946
     555       1.5267
     556       1.3868
     557       1.3863
     558       1.5152
     559       1.9661
     560       1.2475
     561       1.6054
     562       1.9601
     563       2.1583
     564       1.4547
     565       1.3792
     566       1.9745
     567       1.4536
     568       1.5595
     569       1.3388
     570       1.4702
     571       1.6395
     572       1.3857
     573       1.9104
     574       1.7405
     575       1.4191
     576       1.7205
     577       1.3862
     578       1.3500
     579       1.6191
     580       1.3864
     581       1.4905
     582       1.4507
     583       1.7083
     584       1.9944
     585       2.1668
     586       2.2134
     587       2.0791
     588       2.3411
     589       2.1537
     590       1.5925
     591       1.6145
     592       1.2565
     593       1.3135
     594       1.0320
     595       1.5971
     596       1.8835
     597       1.4866
     598       1.3002
     599       1.7575
     600       1.9396
     601       1.9618
     602       1.7580
     603       1.7502
     604       2.0130
     605       1.6014
     606       2.0652
     607       2.1196
     608       2.2747
     609       1.3472
     610       2.0121
     611       1.9896
     612       1.8562
     613       2.3267
     614       2.0842
     615       1.9412
     616       2.0860
     617       2.1281
     618       1.8857
     619       2.2346
     620       1.7889
     621       2.2579
     622       1.9127
     623       1.6474
     624       1.3504
     625       1.5906
     626       1.4797
     627       2.0836
     628       1.9837
     629       1.9385
     630       2.3411
     631       1.8210
     632       2.1609
     633       2.0246
     634       1.6044
     635       1.8724
     636       1.2269
     637       1.8826
     638       2.0715
     639       1.6791
     640       1.5850
     641       1.8224
     642       1.9880
     643       1.8416
     644       2.7009
     645       2.7144
     646       2.6015
     647       2.6463
     648       2.7036
     649       2.7511
     650       2.5578
     651       2.3680
     652       2.6528
     653       2.5388
     654       2.7191
     655       2.4336
     656       1.7275
     657       1.6996
     658       2.3865
     659       2.2132
     660       2.2684
     661       2.5436
     662       2.4198
     663       2.1951
     664       2.6356
     665       2.5544
     666       2.5402
     667       2.6266
     668       2.5061
     669       2.6318
     670       2.5274
     671       2.7693
     672       2.6365
     673       2.7522
     674       2.8733
     675       2.9977
     676       2.9213
     677       2.4338
     678       1.9210
     679       1.3188
     680       2.1906
     681       2.3425
     682       1.3030
     683       1.8481
     684       1.5297
     685       1.3248
     686       1.2238
     687       1.3501
     688       1.1656
     689       0.9667
     690       1.1245
     691       1.4358
     692       1.6617
     693       1.1522
     694       1.5088
     695       1.4366
     696       1.7292
     697       1.3688
     698       1.3032
     699       1.0620
     700       1.5586
     701       1.5674
     702       1.3270
     703       1.2442
     704       1.3471
     705       1.1219
     706       0.9778
     707       1.1689
     708       1.2470
     709       1.4127
     710       1.3806
     711       1.3922
     712       1.3791
     713       1.1997
     714       1.0650
     715       1.1037
     716       0.9761
     717       1.3206
     718       1.1470
     719       1.2992
     720       0.9405
     721       1.1539
     722       1.1760
     723       1.1171
     724       1.4560
     725       1.4183
     726       1.5729
     727       1.4293
     728       1.2543
     729       1.1829
     730       1.7588
     731       1.3002
     732       1.7594
     733       1.2472
     734       1.2153
     735       1.2942
     736       1.0440
     737       1.3236
     738       1.2957
     739       1.3159
     740       1.1600
     741       1.4164
     742       1.2891
     743       1.7270
     744       1.3214
     745       0.9071
     746       1.5147
     747       1.1527
     748       1.1091
     749       1.1057
     750       1.3646
     751       1.4023
     752       1.7333
     753       1.6487
     754       1.2840
     755       1.7691
     756       1.4735
     757       1.4369
     758       1.5962
     759       1.1090
     760       1.5026
     761       1.5531
     762       1.6354
     763       1.8141
     764       1.5339
     765       1.7744
     766       1.3714
     767       1.1446
     768       1.1634
     769       1.4818
     770       1.9558
     771       1.7576
     772       1.8342
     773       1.2404
     774       0.9921
     775       1.2507
     776       1.5796
     777       1.7183
     778       1.4362
     779       1.3597
     780       1.5139
     781       1.3111
     782       1.6999
     783       1.1242
     784       1.6807
     785       1.8424
     786       1.5500
     787       1.5548
     788       1.1117
     789       1.1679
     790       1.1987
     791       1.3797
     792       1.1181
     793       0.8468
     794       0.8790
     795       1.4560
     796       1.2767
     797       1.7294
     798       1.7103
     799       1.5265
     800       1.5312
     801       1.7050
     802       1.4576
     803       1.3312
     804       1.2509
     805       1.8549
     806       2.0303
     807       1.2286
     808       0.9605
     809       1.1804
     810       1.6623
     811       0.8718
     812       1.0054
     813       0.9868
     814       0.8120
     815       1.2234
     816       1.3137
     817       1.5489
     818       1.3891
     819       1.4799
     820       1.4941
     821       1.1983
     822       1.5460
     823       1.4919
     824       1.4185
     825       1.4697
     826       1.1648
     827       1.4260
     828       1.2669
     829       1.3935
     830       1.4416
     831       1.3221
     832       1.2225
     833       1.3736
     834       1.5383
     835       1.4500
     836       1.3521
     837       1.6894
     838       1.7943
     839       1.5300
     840       1.5097
     841       1.5449
     842       0.9558
     843       1.2921
     844       1.5408
     845       1.5068
     846       1.2893
     847       1.9107
     848       2.0278
     849       1.3645
     850       1.5496
     851       1.3113
     852       1.1556
     853       1.8381
     854       1.3278
     855       2.0593
     856       1.3476
     857       1.5393
     858       1.3725
     859       1.8246
     860       1.8033
     861       1.6943
     862       1.7154
     863       2.6172
     864       2.6418
     865       2.9060
     866       3.0043
     867       2.6741
     868       2.3953
     869       2.8440
     870       3.3033
     871       2.9477
     872       2.8189
     873       2.6318
     874       2.4666
     875       2.8537
     876       2.7334
     877       2.9842
     878       2.4809
     879       2.8538
     880       3.1458
     881       3.1348
     882       2.4114
     883       2.7591
     884       2.3637
     885       2.8909
     886       3.1029
     887       3.3001
     888       3.1318
     889       3.0254
     890       2.8585
     891       2.7531
     892       2.8131
     893       2.8612
     894       2.5769
     895       2.7067
     896       2.8014
     897       2.8425
     898       2.7052
     899       2.7506
     900       3.1168
     901       3.0396
     902       2.8605
     903       2.6666
     904       2.7846
     905       2.8411
     906       2.1635
     907       2.6969
     908       2.7712
     909       2.4928
     910       2.7976
     911       2.8753
     912       2.8172
     913       2.9878
     914       2.7305
     915       2.5703
     916       2.4293
     917       2.9362
     918       3.1789
     919       2.8837
     920       2.7358
     921       2.5910
     922       2.6336
     923       2.8216
     924       3.0773
     925       2.7794
     926       2.6920
     927       2.3995
     928       2.9802
     929       2.7939
     930       2.5831
     931       2.8156
     932       2.5675
     933       2.7728
     934       2.6531
     935       2.8852
     936       2.7748
     937       2.6149
     938       2.4789
     939       2.8617
     940       2.5048
     941       2.4913
     942       2.3971
     943       2.4210
     944       2.7452
     945       2.7169
     946       2.6849
     947       2.0990
     948       2.6016
     949       2.4981
     950       2.7308
     951       2.6099
     952       2.5013
     953       2.8786
     954       2.2407
     955       1.9135
     956       1.9898
     957       1.8268
     958       1.7508
     959       1.8072
     960       1.8287
     961       1.7035
     962       1.1282
     963       1.4012
     964       2.1765
     965       1.4721
     966       1.6736
     967       1.8044
     968       1.7058
     969       1.3194
     970       1.2532
     971       1.6151
     972       1.4648
     973       1.9610
     974       1.6664
     975       1.6866
     976       1.3677
     977       1.9301
     978       2.0684
     979       1.6912
     980       1.9968
     981       1.5898
     982       1.2419
     983       1.3720
     984       1.3185
     985       1.3666
     986       1.8026
     987       1.1030
     988       1.3567
     989       1.2936
     990       1.1343
     991       1.5580
     992       1.6218
     993       1.5860
     994       1.2656
     995       1.6026
     996       1.1890
     997       0.8708
     998       1.6291
     999       1.6361
    1000       1.2584
    1001       1.4958
    1002       1.7711
    1003       1.2030
    1004       1.4838
    1005       1.0561
    1006       1.4247
    1007       1.2824
    1008       1.4285
    1009       1.1011
    1010       1.3100
    1011       1.2129
    1012       1.2495
    1013       1.5096
    1014       1.1387
    1015       1.3256
    1016       1.5078
    1017       1.4827
    1018       1.2048
    1019       1.2849
    1020       1.1679
    1021       1.5017
    1022       1.4300
    1023       1.4390
    1024       1.2024
    1025       1.3297
    1026       1.4371
    1027       1.1090
    1028       1.8409
    1029       1.2754
    1030       1.3901
    1031       1.3933
    1032       1.5628
    1033       1.4494
    1034       1.2225
    1035       1.4291
    1036       1.4390
    1037       1.3881
    1038       1.3481
    1039       1.3242
    1040       1.6363
    1041       1.2328
    1042       2.0929
    1043       1.7562
    1044       1.6884
    1045       2.4009
    1046       1.8928
    1047       1.7151
    1048       1.8040
    1049       2.0252
    1050       1.7524
    1051       2.0573
    1052       1.6962
    1053       1.7456
    1054       2.2710
    1055       2.0451
    1056       2.0295
    1057       1.5895
    1058       1.8779
    1059       1.9501
    1060       2.1994
    1061       2.0933
    1062       1.7440
    1063       1.7807
    1064       1.7229
    1065       1.9190
    1066       1.6457
    1067       1.6535
    1068       1.8041
    1069       1.2206
    1070       1.4081
    1071       1.4316
    1072       1.6887
    1073       1.6304
    1074       1.7337
    1075       1.7666
    1076       1.1794
    1077       1.7403
    1078       1.6857
    1079       1.8926
    1080       1.3085
    1081       1.8895
    1082       1.2914
    1083       1.5590
    1084       1.1730
    1085       1.2303
    1086       1.6074
    1087       1.6863
    1088       0.8971
    1089       1.5104
    1090       1.6394
    1091       1.5867
    1092       1.7924
    1093       1.4726
    1094       1.5009
    1095       1.9925
    1096       1.4451
    1097       1.5654
    1098       1.5204
    1099       1.2970
    1100       1.5438
    1101       1.5362
    1102       1.6732
    1103       1.6226
    1104       1.6716
    1105       1.3993
    1106       1.7872
    1107       1.5375
    1108       1.7205
    1109       1.5199
    1110       1.4323
    1111       1.8540
    1112       1.6887
    1113       1.9365
    1114       1.6769
    1115       1.5280
    1116       1.8490
    1117       1.6566
    1118       1.5938
    1119       1.3129
    1120       1.7093
    1121       1.6327
    1122       1.4991
    1123       2.0889
    1124       1.5714
    1125       1.7864
    1126       1.6429
    1127       1.5369
    1128       1.4172
    1129       1.5636
    1130       1.5600
    1131       1.4600
    1132       1.5735
    1133       1.3415
    1134       1.0683
    1135       1.6294
    1136       1.0186
    1137       1.5626
    1138       1.5409
    1139       1.6574
    1140       1.6553
    1141       1.6067
    1142       1.4429
    1143       2.1838
    1144       1.5945
    1145       1.4406
    1146       1.4376
    1147       1.2629
    1148       1.7394
    1149       1.5613
    1150       1.4411
    1151       1.3826
    1152       1.5515
    1153       1.7238
    1154       2.0446
    1155       1.9451
    1156       1.3994
    1157       1.5796
    1158       1.7008
    1159       1.3470
    1160       1.3787
    1161       1.9008
    1162       1.9501
    1163       1.3483
    1164       1.1794
    1165       1.3787
    1166       1.1972
    1167       1.2512
    1168       1.3207
    1169       1.5888
    1170       1.6275
    1171       1.8480
    1172       1.7869
    1173       1.1880
    1174       1.5241
    1175       1.7679
    1176       1.6704
    1177       1.5876
    1178       1.5461
    1179       1.5799
    1180       1.8170
    1181       2.0596
    1182       1.5318
    1183       1.7577
    1184       1.6453
    1185       1.4986
    1186       1.9399
    1187       1.9552
    1188       1.8957
    1189       1.8159
    1190       1.7811
    1191       1.6018
    1192       1.8043
    1193       1.5364
    1194       1.6197
    1195       1.5222
    1196       1.5057
    1197       1.9073
    1198       2.1527
    1199       2.0645
    1200       1.2569
    1201       1.5816
    1202       2.0386
    1203       1.9955
    1204       1.9086
    1205       2.5218
    1206       1.6118
    1207       1.7720
    1208       1.9763
    1209       1.7551
    1210       2.0215
    1211       2.1934
    1212       2.2386
    1213       1.6391
    1214       2.1648
    1215       2.2964
    1216       3.0109
    1217       3.0263
    1218       2.1810
    1219       2.3958
    1220       2.6343
    1221       2.9296
    1222       3.2731
    1223       3.0606
    1224       2.8563
    1225       3.1936
    1226       2.9082
    1227       2.9791
    1228       3.0087
    1229       2.8316
    1230       2.6017
    1231       2.9994
    1232       3.1550
    1233       2.9275
    1234       2.7251
    1235       2.1139
    1236       2.2295
    1237       2.4096
    1238       2.2849
    1239       2.0892
    1240       2.1048
    1241       2.3986
    1242       2.1779
    1243       2.5439
    1244       2.9203
    1245       3.0077
    1246       3.2441
    1247       2.8928
    1248       3.3532
    1249       3.4065
    1250       3.0778
    1251       3.0890
    1252       3.3208
    1253       2.9629
    1254       3.1802
    1255       3.2074
    1256       2.8952
    1257       2.2941
    1258       1.9590
    1259       1.6102
    1260       2.3216
    1261       2.2962
    1262       2.1990
    1263       1.8066
    1264       1.5538
    1265       2.0012
    1266       1.8387
    1267       2.0047
    1268       2.0015
    1269       2.5414
    1270       1.8719
    1271       1.6273
    1272       1.7087
    1273       1.7085
    1274       2.1100
    1275       2.1076
    1276       1.6505
    1277       1.5925
    1278       1.5886
    1279       1.7387
    1280       1.8781
    1281       1.8471
    1282       2.1093
    1283       1.8373
    1284       2.1340
    1285       1.5910
    1286       1.6168
    1287       2.0571
    1288       1.8242
    1289       1.8790
    1290       2.3737
    1291       1.7590
    1292       1.6875
    1293       1.3484
    1294       1.4129
    1295       1.9188
    1296       1.2366
    1297       1.4042
    1298       1.7998
    1299       1.7286
    1300       1.3116
    1301       1.6078
    1302       1.7572
    1303       1.7083
    1304       1.7372
    1305       1.4493
    1306       1.3482
    1307       1.1312
    1308       1.4773
    1309       1.6289
    1310       1.5892
    1311       1.7674
    1312       2.0899
    1313       2.0410
    1314       1.7014
    1315       1.7628
    1316       1.6658
    1317       1.6315
    1318       1.8930
    1319       1.9390
    1320       1.4326
    1321       1.3053
    1322       1.5062
    1323       1.1290
    1324       1.4586
    1325       1.3353
    1326       1.5355
    1327       0.9788
    1328       2.0252
    1329       1.6673
    1330       2.4129
    1331       2.3627
    1332       2.2432
    1333       1.8482
    1334       1.7703
    1335       2.4141
    1336       1.8510
    1337       2.2244
    1338       2.3488
    1339       2.1755
    1340       1.9513
    1341       2.1974
    1342       2.0764
    1343       2.1502
    1344       2.1902
    1345       1.8901
    1346       2.3823
    1347       1.9760
    1348       2.3675
    1349       2.3638
    1350       2.1621
    1351       2.1106
    1352       2.2711
    1353       2.3660
    1354       2.4156
    1355       2.0731
    1356       2.3534
    1357       2.1795
    1358       2.0099
    1359       1.8760
    1360       1.8781
    1361       2.2803
    1362       2.0302
    1363       2.5225
    1364       1.9411
    1365       2.0866
    1366       2.1604
    1367       1.8961
    1368       1.9373
    1369       2.1637
    1370       2.3361
    1371       2.1398
    1372       1.8811
    1373       2.1731
    1374       2.2986
    1375       2.6246
    1376       2.2120
    1377       2.1170
    1378       2.3015
    1379       2.0220
    1380       1.9404
    1381       1.9608
    1382       1.8470
    1383       2.1769
    1384       2.2753
    1385       2.2237
    1386       1.9624
    1387       1.9321
    1388       2.3555
    1389       2.0310
    1390       2.1740
    1391       2.2379
    1392       2.2425
    1393       2.1113
    1394       2.1551
    1395       2.2512
    1396       2.1358
    1397       2.3847
    1398       2.4558
    1399       2.5983
    1400       2.7101
    1401       1.9696
    1402       2.4895
    1403       2.0888
    1404       2.2323
    1405       2.6660
    1406       2.2716
    1407       2.4745
    1408       2.3637
    1409       2.2407
    1410       2.4256
    1411       2.6309
    1412       2.5491
    1413       2.2447
    1414       2.2001
    1415       2.5403
    1416       1.7791
    1417       2.1953
    1418       1.4515
    1419       2.5866
    1420       2.2580
    1421       2.5372
    1422       2.3534
    1423       2.5486
    1424       2.2892
    1425       2.3855
    1426       2.0791
    1427       2.2018
    1428       2.5160
    1429       2.5428
    1430       2.6051
    1431       2.3559
    1432       2.5963
    1433       2.2071
    1434       2.7155
    1435       2.4201
    1436       2.4457
    1437       2.4174
    1438       2.2123
    1439       2.3306
    1440       2.2787
    1441       1.8164
    1442       2.1880
    1443       1.8800
    1444       2.2575
    1445       2.4845
    1446       1.9669
    1447       1.7326
    1448       2.0482
    1449       1.9821
    1450       2.2116
    1451       2.0332
    1452       2.3220
    1453       2.1432
    1454       2.1984
    1455       2.2291
    1456       2.5698
    1457       2.2748
    1458       2.1310
    1459       2.4940
    1460       2.5234
    1461       2.3886
    1462       2.2065
    1463       2.6635
    1464       2.6098
    1465       1.9794
    1466       2.0498
    1467       2.4169
    1468       2.0380
    1469       1.9745
    1470       2.0984
    1471       2.2087
    1472       1.9624
    1473       2.1576
    1474       2.1750
    1475       2.4586
    1476       2.3093
    1477       1.9445
    1478       2.2770
    1479       2.1250
    1480       2.4323
    1481       2.0429
    1482       2.1540
    1483       2.4156
    1484       2.2672
    1485       2.4455
    1486       2.5592
    1487       2.3331
    1488       2.2998
    1489       1.7739
    1490       2.2710
    1491       2.3054
    1492       1.9927
    1493       1.5401
    1494       2.0600
    1495       2.0441
    1496       1.7404
    1497       2.0764
    1498       2.0784
    1499       1.4049
    1500       1.2235
    1501       1.1724
    1502       1.4711
    1503       1.6138
    1504       1.3771
    1505       1.3739
    1506       1.3674
    1507       1.6191
    1508       2.2126
    1509       2.0084
    1510       1.5202
    1511       1.7390
    1512       1.4023
    1513       1.7002
    1514       2.0876
    1515       1.3667
    1516       2.2260
    1517       2.4146
    1518       2.2468
    1519       1.7905
    1520       1.8953
    1521       2.0409
    1522       2.2469
    1523       2.3276
    1524       1.8985
    1525       1.8861
    1526       2.4753
    1527       1.9985
    1528       2.0975
    1529       2.1433
    1530       1.7235
    1531       1.9247
    1532       2.1707
    1533       2.2739
    1534       2.4462
    1535       2.4811
    1536       2.5992
    1537       2.1783
    1538       2.1295
    1539       2.2541
    1540       2.4759
    1541       2.0821
    1542       2.5686
    1543       2.4209
    1544       2.1159
    1545       2.4476
    1546       2.4769
    1547       2.4780
    1548       2.4373
    1549       2.5867
    1550       2.2380
    1551       2.4693
    1552       2.1524
    1553       1.8340
    1554       2.1553
    1555       2.5457
    1556       2.1959
    1557       2.3346
    1558       1.9275
    1559       2.4859
    1560       2.1868
    1561       2.4047
    1562       2.1953
    1563       2.0487
    1564       2.1097
    1565       2.0172
    1566       2.3997
    1567       2.4799
    1568       2.3107
    1569       2.0452
    1570       1.8744
    1571       1.7829
    1572       1.7973
    1573       1.6360
    1574       1.8726
    1575       1.8794
    1576       2.3478
    1577       2.0594
    1578       1.6224
    1579       2.1443
    1580       2.5107
    1581       2.5646
    1582       2.4915
    1583       2.0227
    1584       2.3459
    1585       1.9865
    1586       2.5475
    1587       2.6734
    1588       2.0593
    1589       2.1603
    1590       2.1257
    1591       2.3424
    1592       2.1339
    1593       2.0118
    1594       2.1887
    1595       2.3750
    1596       2.4764
    1597       2.5439
    1598       2.2625
    1599       2.0150
    1600       2.2743
    1601       2.3721
    1602       2.4260
    1603       2.4696
    1604       2.7754
    1605       2.9030
    1606       2.5390
    1607       3.0499
    1608       3.0274
    1609       3.0057
    1610       2.8689
    1611       2.8634
    1612       2.5364
    1613       2.7572
    1614       2.4043
    1615       2.6835
    1616       2.5761
    1617       2.8236
    1618       2.6405
    1619       2.8699
    1620       2.6125
    1621       2.4996
    1622       2.6071
    1623       2.8243
    1624       2.5164
    1625       2.3667
    1626       2.1965
    1627       2.4640
    1628       2.6744
    1629       2.3283
    1630       2.1407
    1631       2.3805
    1632       2.5313
    1633       2.3176
    1634       2.4453
    1635       2.2647
    1636       2.7169
    1637       2.5747
    1638       2.7908
    1639       2.2284
    1640       2.0622
    1641       2.2473
    1642       2.1268
    1643       2.3408
    1644       2.5408
    1645       2.1862
    1646       2.3430
    1647       2.5185
    1648       2.5095
    1649       2.3000
    1650       2.2365
    1651       2.3196
    1652       2.3701
    1653       2.0567
    1654       2.0810
    1655       2.3168
    1656       2.3452
    1657       2.5305
    1658       2.2433
    1659       2.1547
    1660       2.0679
    1661       2.2001
    1662       2.7350
    1663       2.3086
    1664       2.7731
    1665       2.3746
    1666       2.0466
    1667       2.2353
    1668       2.0791
    1669       2.6334
    1670       2.4286
    1671       2.3340
    1672       2.4224
    1673       2.2093
    1674       2.5673
    1675       2.3687
    1676       2.4570
    1677       2.3142
    1678       2.4411
    1679       2.5486
    1680       2.4454
    1681       2.6245
    1682       2.4861
    1683       2.5913
    1684       2.5160
    1685       1.7696
    1686       2.2018
    1687       2.4233
    1688       1.9909
    1689       2.5144
    1690       2.2291
    1691       2.3861
    1692       2.3371
    1693       2.2691
    1694       2.2794
    1695       2.6687
    1696       2.4061
    1697       2.5975
    1698       2.3108
    1699       2.5261
    1700       2.4455
    1701       2.4747
    1702       2.7573
    1703       2.8661
    1704       2.8042
    1705       2.1361
    1706       2.5455
    1707       2.6569
    1708       1.5615
    1709       1.9909
    1710       2.1939
    1711       2.4916
    1712       2.0363
    1713       2.5187
    1714       2.4185
    1715       2.4544
    1716       2.1209
    1717       2.0297
    1718       2.3977
    1719       2.1328
    1720       2.0791
    1721       2.2475
    1722       2.2857
    1723       2.4109
    1724       2.1371
    1725       2.3545
    1726       2.3186
    1727       2.4291
    1728       1.6217
    1729       1.7990
    1730       1.8724
    1731       2.3460
    1732       1.0599
    1733       1.7250
    1734       2.3069
    1735       1.4067
    1736       1.9898
    1737       2.0630
    1738       2.4434
    1739       2.0735
    1740       0.9867
    1741       1.7342
    1742       1.5287
    1743       1.3536
    1744       1.8882
    1745       1.8056
    1746       1.8956
    1747       2.3660
    1748       2.3224
    1749       2.3712
    1750       2.6609
    1751       2.4181
    1752       2.6193
    1753       2.8036
    1754       2.6022
    1755       2.2162
    1756       2.0975
    1757       2.3045
    1758       1.9759
    1759       2.2821
    1760       2.4794
    1761       2.1335
    1762       2.4703
    1763       2.4661
    1764       2.4598
    1765       2.4366
    1766       1.5191
    1767       2.0398
    1768       2.2366
    1769       1.9520
    1770       2.4750
    1771       2.4812
    1772       2.1253
    1773       2.6988
    1774       2.4844
    1775       2.2440
    1776       2.2843
    1777       2.4629
    1778       2.1596
    1779       1.4975
    1780       2.5184
    1781       2.1487
    1782       2.1108
    1783       2.2241
    1784       2.2333
    1785       2.1714
    1786       2.4282
    1787       2.0009
    1788       2.1915
    1789       2.2986
    1790       2.0703
    1791       2.4688
    1792       2.1385
    1793       2.2835
    1794       2.2167
    1795       1.9392
    1796       1.5132
    1797       2.2257
    1798       1.9900
    1799       1.7849
    1800       2.2926
    1801       2.1444
    1802       1.8107
    1803       2.0969
    1804       2.2290
    1805       2.2054
    1806       1.6712
    1807       1.9037
    1808       2.0163
    1809       2.1763
    1810       2.0007
    1811       2.0171
    1812       2.0819
    1813       2.3719
    1814       2.2561
    1815       2.2500
    1816       2.0093
    1817       2.0226
    1818       2.3121
    1819       1.6008
    1820       1.6465
    1821       2.3122
    1822       2.1584
    1823       2.7137
    1824       2.6366
    1825       1.9183
    1826       2.1342
    1827       2.0921
    1828       2.0269
    1829       2.1173
    1830       2.1592
    1831       2.1754
    1832       1.9246
    1833       1.2877
    1834       1.6448
    1835       2.1309
    1836       1.5555
    1837       1.6553
    1838       1.3579
    1839       1.6389
    1840       1.8640
    1841       1.6863
    1842       1.8002
    1843       1.9059
    1844       2.0695
    1845       1.6625
    1846       2.2040
    1847       2.1340
    1848       1.8644
    1849       1.2365
    1850       2.1811
    1851       1.4862
    1852       1.7853
    1853       1.6678
    1854       1.5702
    1855       1.4614
    1856       1.9217
    1857       1.7083
    1858       1.7520
    1859       2.0182
    1860       2.0814
    1861       1.5334
    1862       2.0344
    1863       2.2515
    1864       2.0574
    1865       2.2617
    1866       2.4907
    1867       2.2832
    1868       2.0850
    1869       1.8479
    1870       1.4600
    1871       1.3937
    1872       1.7172
    1873       1.5684
    1874       1.2732
    1875       1.1478
    1876       1.3975
    1877       1.4898
    1878       2.0133
    1879       2.1531
    1880       2.1326
    1881       2.3507
    1882       1.7481
    1883       2.4042
    1884       2.4555
    1885       2.2678
    1886       1.9497
    1887       2.1461
    1888       2.2027
    1889       2.4058
    1890       2.1548
    1891       2.2551
    1892       2.1241
    1893       2.2697
    1894       2.1153
    1895       2.0983
    1896       2.3992
    1897       2.3127
    1898       2.1579
    1899       1.7729
    1900       2.0895
    1901       1.6387
    1902       2.4201
    1903       2.2949
    1904       2.4698
    1905       2.3172
    1906       1.5863
    1907       2.3073
    1908       2.3506
    1909       2.2755
    1910       1.5701
    1911       2.3520
    1912       1.9532
    1913       2.3178
    1914       2.2842
    1915       2.4506
    1916       2.1678
    1917       2.2289
    1918       2.4023
    1919       2.3605
    1920       2.0792
    1921       2.2160
    1922       2.3772
    1923       2.6155
    1924       1.6956
    1925       1.7511
    1926       1.6177
    1927       1.7081
    1928       2.0253
    1929       1.9152
    1930       1.5265
    1931       2.3434
    1932       1.8894
    1933       2.0882
    1934       2.5494
    1935       1.4357
    1936       2.1830
    1937       2.0834
    1938       2.3133
    1939       1.5815
    1940       2.1012
    1941       1.5285
    1942       1.4402
    1943       2.1294
    1944       1.7939
    1945       1.9864
    1946       1.9756
    1947       1.7568
    1948       1.6056
    1949       2.1140
    1950       2.2188
    1951       2.1609
    1952       2.3402
    1953       2.4883
    1954       2.1820
    1955       1.7889
    1956       2.2661
    1957       2.1305
    1958       1.8354
    1959       2.1359
    1960       2.1817
    1961       2.2622
    1962       1.7781
    1963       1.3294
    1964       1.4042
    1965       1.5644
    1966       1.8010
    1967       1.6714
    1968       1.5653
    1969       2.1968
    1970       1.3848
    1971       1.8434
    1972       1.5883
    1973       1.6437
    1974       2.1748
    1975       2.2367
    1976       1.1479
    1977       1.7331
    1978       1.7993
    1979       1.4704
    1980       1.4568
    1981       1.3263
    1982       1.6848
    1983       1.7841
    1984       1.3973
    1985       1.4919
    1986       1.6496
    1987       1.8886
    1988       1.6276
    1989       1.3886
    1990       1.6502
    1991       2.0287
    1992       1.6917
    1993       1.6508
    1994       1.8801
    1995       1.1918
    1996       1.4171
    1997       1.3014
    1998       0.9176
    1999       1.2701
    2000       1.5192
