Run semi-empirical minimization
 &qmmm
  maxcyc=0, qm_theory='AM1', scfconv=1.d-10  qmcharge=0,
 /
   6    C1        1.2100       22.1110       32.5360 
   6    C2        2.5580       21.7670       32.3740 
   6    C3        3.4470       21.8400       33.4480 
   6    C4        2.9790       22.2580       34.7000 
   6    C5        1.6330       22.5880       34.9060 
   6    C6        0.7600       22.5170       33.7990 
   6    C7       -0.1490       23.0520       30.6480 
   8    O1        0.0330       24.2480       30.8490 
   7    N1        0.3850       22.0150       31.3970 
   1    H1        0.7520       21.2970       30.7860 
   6    C8       -0.9330       21.0290       29.3770 
   6    C9       -1.0230       22.5490       29.4940 
   6   C10       -2.4780       22.9790       29.6770 
   6   C11        1.1010       23.0070       36.2520 
   9    F1       -0.1800       23.4590       36.1960 
   9    F2        1.8130       24.0270       36.8090 
   9    F3        1.1260       22.0010       37.1640 
   7    N2        3.9520       22.3500       35.7810 
   8    O2        4.0820       21.3560       36.5060 
   8    O3        4.5970       23.4000       35.8680 
   1    H2        2.9420       21.4610       31.4030 
   1    H3        4.4950       21.5880       33.3010 
   1    H4       -0.2910       22.7840       33.9140 
   1    H5       -1.2530       20.5040       30.2840 
   1    H6       -1.5990       20.6860       28.5750 
   1    H7        0.0690       20.6930       29.0860 
   1    H8       -0.6270       22.9930       28.5730 
   1    H9       -2.8980       22.5650       30.5990 
   1   H10       -2.5540       24.0700       29.7430 
   1   H11       -3.0950       22.6470       28.8360 

