#Res        AtomicFlx
   1.000       2.7601
   2.000       2.4562
   3.000       1.8271
   4.000       1.2459
   5.000       0.9469
   6.000       1.1651
   7.000       1.3962
   8.000       1.2701
   9.000       0.8074
  10.000       0.8778
  11.000       0.9186
  12.000       0.7387
  13.000       0.6319
  14.000       0.7165
  15.000       0.7577
  16.000       0.6200
  17.000       0.5428
  18.000       0.6297
  19.000       0.6748
  20.000       0.6153
  21.000       0.5625
  22.000       0.8475
  23.000       1.0430
  24.000       1.4797
  25.000       1.6023
  26.000       1.5177
  27.000       1.3782
  28.000       0.9860
  29.000       0.7516
  30.000       0.6558
  31.000       0.4228
  32.000       0.5439
  33.000       0.4715
  34.000       0.4275
  35.000       0.4764
  36.000       0.4678
  37.000       0.3954
  38.000       0.4444
  39.000       0.5708
  40.000       0.6281
  41.000       0.6900
  42.000       0.4985
  43.000       0.5478
  44.000       0.5212
  45.000       0.3983
  46.000       0.3987
  47.000       0.4706
  48.000       0.4397
  49.000       0.4119
  50.000       0.4585
  51.000       0.5069
  52.000       0.4799
  53.000       0.5118
  54.000       0.4781
  55.000       0.4440
  56.000       0.4864
  57.000       0.5664
  58.000       0.5815
  59.000       0.4732
  60.000       0.6450
  61.000       0.7468
  62.000       0.5462
  63.000       0.7568
  64.000       0.7040
  65.000       0.5410
  66.000       0.6888
  67.000       0.8361
  68.000       1.6515
  69.000       2.3985
  70.000       2.7835
  71.000       2.3769
  72.000       1.6524
  73.000       1.1008
  74.000       0.9136
  75.000       0.6475
  76.000       0.6497
  77.000       0.5858
  78.000       0.5178
  79.000       0.4409
  80.000       0.4986
  81.000       0.5774
  82.000       0.7866
  83.000       0.7135
  84.000       0.7097
  85.000       0.9438
  86.000       1.1610
  87.000       1.0012
  88.000       1.1526
  89.000       0.7886
  90.000       0.9739
  91.000       0.9875
  92.000       0.6532
  93.000       0.5108
  94.000       0.4498
  95.000       0.4097
  96.000       0.3964
  97.000       0.4857
  98.000       0.5087
  99.000       0.5396
 100.000       0.5404
 101.000       0.5991
 102.000       0.7248
 103.000       0.6021
 104.000       0.4557
 105.000       0.4326
 106.000       0.3960
 107.000       0.3957
 108.000       0.3738
 109.000       0.4369
 110.000       0.4320
 111.000       0.5148
 112.000       0.6588
 113.000       0.7952
 114.000       0.8515
 115.000       0.7464
 116.000       1.0064
 117.000       1.0088
 118.000       1.2708
 119.000       1.0138
 120.000       0.7000
 121.000       0.4562
 122.000       0.3470
 123.000       0.3862
 124.000       0.4071
 125.000       0.3915
 126.000       0.3521
 127.000       0.3866
 128.000       0.4517
 129.000       0.5136
 130.000       0.8094
 131.000       1.2302
 132.000       1.8554
 133.000       1.9688
 134.000       1.5414
 135.000       0.9426
 136.000       0.6630
 137.000       0.3995
 138.000       0.3542
 139.000       0.3571
 140.000       0.3505
 141.000       0.3359
 142.000       0.3532
 143.000       0.3579
 144.000       0.3851
 145.000       0.5653
 146.000       0.8273
 147.000       1.0134
 148.000       1.8433
 149.000       2.2721
 150.000       2.1847
 151.000       1.5183
 152.000       1.2328
 153.000       1.0645
 154.000       1.1654
 155.000       1.1109
 156.000       0.8876
 157.000       1.0601
 158.000       1.1731
 159.000       0.9926
 160.000       0.8480
 161.000       0.6394
 162.000       0.6139
 163.000       0.7426
 164.000       0.5213
 165.000       0.4455
 166.000       0.5305
 167.000       0.3892
 168.000       0.4472
 169.000       0.5630
 170.000       0.4823
 171.000       0.4842
 172.000       0.6730
 173.000       0.6976
 174.000       0.6117
 175.000       0.9631
 176.000       1.1148
 177.000       1.0717
 178.000       1.0311
 179.000       1.5870
 180.000       2.3834
 181.000       3.6204
 182.000       4.4277
 183.000       4.1291
 184.000       4.8669
 185.000       4.3757
 186.000       4.1027
 187.000       5.2250
 188.000       6.0488
 189.000       6.2536
 190.000       6.4422
 191.000       7.7316
