Run semi-empirical minimization
 &qmmm
  maxcyc=0, qm_theory='AM1', scfconv=1.d-10  qmcharge=0,
 /
   6    C1        2.3210       21.9020       35.3330 
   6    C2        3.1740       22.7850       34.3860 
   6    C3        2.5180       24.1660       34.2440 
   6    C4        1.1930       24.0990       33.4610 
   6    C5        1.3210       23.3780       32.0920 
   6    C6        0.0170       23.2480       31.3070 
   6    C7       -0.9780       24.2410       31.3770 
   6    C8       -2.1540       24.1470       30.6280 
   6    C9       -2.3430       23.0610       29.7880 
   8    O1       -3.4750       22.9250       29.0410 
   6   C10       -1.3700       22.0770       29.6790 
   6   C11       -0.1790       22.1670       30.4200 
   6   C12        0.8280       21.0530       30.2670 
   6   C13        2.1960       21.3670       30.8650 
   6   C14        2.0260       21.9970       32.2490 
   6   C15        3.3600       22.2040       32.9680 
   6   C16        4.2720       21.0010       33.1910 
   6   C17        5.1980       21.4320       34.3450 
   6   C18        4.6320       22.7610       34.8880 
   8    O2        5.3800       23.8410       34.3380 
   1    H1       -4.0540       23.6840       29.2210 
   1    H2        6.2930       23.7590       34.6630 
   1    H3        2.2770       22.3560       36.3310 
   1    H4        1.2900       21.7820       34.9910 
   1    H5        2.7330       20.8960       35.4590 
   1    H6        2.3400       24.6100       35.2310 
   1    H7        3.1860       24.8560       33.7130 
   1    H8        0.4210       23.6110       34.0680 
   1    H9        0.8560       25.1320       33.3140 
   1   H10        1.9680       24.0140       31.4670 
   1   H11       -0.8530       25.1140       32.0110 
   1   H12       -2.9010       24.9300       30.7150 
   1   H13       -1.5400       21.2370       29.0100 
   1   H14        0.4200       20.1610       30.7600 
   1   H15        0.9570       20.8120       29.2050 
   1   H16        2.7790       20.4410       30.9180 
   1   H17        2.7450       22.0510       30.2040 
   1   H18        1.3920       21.3250       32.8410 
   1   H19        3.9410       22.9200       32.3640 
   1   H20        3.7010       20.1090       33.4700 
   1   H21        4.8490       20.7550       32.2930 
   1   H22        5.1850       20.6600       35.1230 
   1   H23        6.2300       21.5390       33.9930 
   1   H24        4.7080       22.8240       35.9790 

