#Res        AtomicFlx
   1.000       5.4764
   2.000       3.8310
   3.000       2.9121
   4.000       1.5894
   5.000       1.1176
   6.000       1.4766
   7.000       1.7497
   8.000       1.6137
   9.000       0.9628
  10.000       0.9731
  11.000       1.1008
  12.000       1.0642
  13.000       0.8872
  14.000       0.8642
  15.000       0.8721
  16.000       0.7110
  17.000       0.6233
  18.000       0.6719
  19.000       0.7374
  20.000       0.6243
  21.000       0.5996
  22.000       0.8245
  23.000       1.0319
  24.000       1.4557
  25.000       1.2179
  26.000       1.6371
  27.000       1.7096
  28.000       1.3646
  29.000       1.1148
  30.000       0.9162
  31.000       0.5893
  32.000       0.5282
  33.000       0.4994
  34.000       0.5721
  35.000       0.5346
  36.000       0.5063
  37.000       0.4504
  38.000       0.4524
  39.000       0.5997
  40.000       0.6674
  41.000       0.7270
  42.000       0.5525
  43.000       0.6256
  44.000       0.6020
  45.000       0.4612
  46.000       0.5031
  47.000       0.6201
  48.000       0.6115
  49.000       0.6202
  50.000       0.7789
  51.000       0.8026
  52.000       0.6498
  53.000       0.6235
  54.000       0.7110
  55.000       0.6443
  56.000       0.7241
  57.000       0.9449
  58.000       1.0755
  59.000       0.9915
  60.000       1.2164
  61.000       0.9804
  62.000       0.9926
  63.000       1.1402
  64.000       0.8931
  65.000       0.5805
  66.000       0.6388
  67.000       0.6056
  68.000       0.9637
  69.000       1.3016
  70.000       1.4866
  71.000       1.0396
  72.000       0.9814
  73.000       0.8768
  74.000       0.7642
  75.000       0.6431
  76.000       0.6314
  77.000       0.5601
  78.000       0.4633
  79.000       0.4560
  80.000       0.5389
  81.000       0.5840
  82.000       0.7958
  83.000       0.9365
  84.000       1.1489
  85.000       2.2275
  86.000       3.0942
  87.000       3.2289
  88.000       2.8211
  89.000       1.9673
  90.000       1.8543
  91.000       1.0885
  92.000       0.7523
  93.000       0.5358
  94.000       0.4198
  95.000       0.4241
  96.000       0.4146
  97.000       0.5499
  98.000       0.6528
  99.000       0.7134
 100.000       0.5917
 101.000       0.7749
 102.000       0.9152
 103.000       0.7114
 104.000       0.5465
 105.000       0.5257
 106.000       0.4855
 107.000       0.4573
 108.000       0.5282
 109.000       0.5023
 110.000       0.4799
 111.000       0.6503
 112.000       0.8451
 113.000       1.1281
 114.000       1.4375
 115.000       1.5022
 116.000       0.9968
 117.000       1.1789
 118.000       1.4476
 119.000       0.8223
 120.000       0.6309
 121.000       0.5278
 122.000       0.4545
 123.000       0.4389
 124.000       0.4197
 125.000       0.4222
 126.000       0.4050
 127.000       0.4416
 128.000       0.4972
 129.000       0.5840
 130.000       0.8432
 131.000       1.1761
 132.000       1.8999
 133.000       1.7588
 134.000       1.1768
 135.000       0.8161
 136.000       0.5898
 137.000       0.4226
 138.000       0.4236
 139.000       0.4031
 140.000       0.4410
 141.000       0.4529
 142.000       0.4738
 143.000       0.6292
 144.000       0.7444
 145.000       1.0041
 146.000       1.1437
 147.000       1.4527
 148.000       2.4061
 149.000       3.1278
 150.000       3.4852
 151.000       3.5277
 152.000       3.2667
 153.000       2.7476
 154.000       2.6178
 155.000       2.0400
 156.000       1.6602
 157.000       1.2906
 158.000       1.3145
 159.000       1.1980
 160.000       1.1825
 161.000       1.4155
 162.000       1.2376
 163.000       0.7559
 164.000       0.6421
 165.000       0.6276
 166.000       0.5664
 167.000       0.6139
 168.000       0.4831
 169.000       0.5317
 170.000       0.5184
 171.000       0.4334
 172.000       0.5305
 173.000       0.6889
 174.000       0.6359
 175.000       0.5916
 176.000       0.9858
 177.000       1.2059
 178.000       1.0515
 179.000       1.1519
 180.000       1.6561
 181.000       2.3764
 182.000       3.2176
 183.000       4.1242
 184.000       5.5191
 185.000       5.9182
 186.000       6.4243
 187.000       7.5531
 188.000       8.9232
 189.000       9.9043
 190.000      10.2307
 191.000      11.0864
