Run semi-empirical minimization
 &qmmm
  maxcyc=0, qm_theory='AM1', scfconv=1.d-10  qmcharge=0,
 /
   6    C1        2.3070       23.6200       33.7300 
   6    C2        1.7730       23.8120       32.4480 
   8    O1        2.3550       24.4740       31.4030 
   6    C3        1.4990       24.4220       30.3530 
   6    C4        0.3590       23.7350       30.6950 
   6    C5        0.5230       23.3350       32.0480 
   6    C6       -0.2650       22.6170       32.9690 
   6    C7        0.2290       22.4030       34.2630 
   6    C8       -0.5490       21.6680       35.2480 
   6    C9       -0.0570       21.4780       36.4760 
   6   C10        1.2610       21.9880       36.8870 
   8    O2        1.6770       21.7970       38.0230 
   8    O3        1.9820       22.6830       35.9300 
   6   C11        1.4860       22.9000       34.6170 
   8    O4        3.5270       24.0500       34.2220 
   6   C12        4.6850       23.7010       33.4640 
   6   C13        4.1430       21.0720       31.8090 
   6   C14        4.8110       21.1540       33.1540 
   6   C15        5.2290       19.8210       33.7190 
   6   C16        5.0450       22.2910       33.8400 
   1    H1        1.8360       24.9130       29.4510 
   1    H2       -0.4870       23.5470       30.0500 
   1    H3       -1.2390       22.2410       32.6700 
   1    H4       -1.5240       21.2810       34.9730 
   1    H5       -0.6080       20.9360       37.2350 
   1    H6        5.4980       24.3680       33.7710 
   1    H7        4.5510       23.8520       32.3910 
   1    H8        3.1810       20.5570       31.8980 
   1    H9        3.9620       22.0480       31.3560 
   1   H10        4.7720       20.5090       31.1110 
   1   H11        5.7050       19.9150       34.7010 
   1   H12        4.3560       19.1690       33.8340 
   1   H13        5.9440       19.3310       33.0490 
   1   H14        5.5190       22.2180       34.8180 

