Run semi-empirical minimization
 &qmmm
  maxcyc=0, qm_theory='AM1', scfconv=1.d-10  qmcharge=-1,
 /
   6    C1        3.3590       22.1480       37.1680 
   6    C2        1.9880       22.0070       37.0880 
   6    C3        1.1620       22.0760       36.0090 
   6    C4        1.6320       22.2780       34.7650 
   6    C5        0.8060       22.3300       33.5240 
   6    C6       -0.3310       21.9170       36.1790 
   6    C7        1.4650       22.7090       32.1850 
   8    O1        2.9020       22.8230       32.2410 
   6    C8        1.2700       21.5980       31.1510 
   6    C9       -0.1620       21.5250       30.6990 
   6   C10       -0.9130       22.6700       30.5140 
   8    O2       -1.9320       22.6480       29.6420 
   6   C11       -0.6150       23.9090       31.3060 
   8    O3        4.1200       22.2980       36.1660 
   6   C12        0.9080       24.0310       31.5930 
   8    O4        3.8540       22.1080       38.3270 
   6   C13        2.0400       20.2930       31.4560 
   6   C14        1.6310       24.4240       30.2870 
   6   C15        1.0030       25.2220       32.5410 
   1    H1        1.4850       21.8080       38.0460 
   1    H2        2.7170       22.4170       34.6530 
   1    H3       -0.2690       22.0990       33.5650 
   1    H4       -0.5770       21.8910       37.2510 
   1    H5       -0.8460       22.7650       35.7050 
   1    H6       -0.6560       20.9790       35.7050 
   1    H7        3.1950       22.8460       33.1870 
   1    H8       -0.6200       20.5430       30.5120 
   1    H9       -0.9460       24.7890       30.7350 
   1   H10       -1.1500       23.8500       32.2650 
   1   H11        2.1190       20.1600       32.5450 
   1   H12        1.5010       19.4390       31.0200 
   1   H13        3.0480       20.3520       31.0200 
   1   H14        2.5740       24.9360       30.5300 
   1   H15        1.8460       23.5190       29.7000 
   1   H16        0.9880       25.0970       29.7000 
   1   H17        0.9750       24.8660       33.5810 
   1   H18        1.9470       25.7580       32.3630 
   1   H19        0.1560       25.9010       32.3630 

