#Frame            sb1          sb2
       1       4.1101       2.7493
       2       3.2261       2.5832
       3       3.2372       2.9729
       4       4.0190       3.0243
       5       3.5689       2.8952
       6       3.2265       2.6036
       7       2.7644       2.6938
       8       4.1720       2.7515
       9       3.7734       2.5361
      10       2.9802       2.5845
      11       3.7772       2.7517
      12       3.8739       2.6657
      13       3.7438       2.6829
      14       4.0358       2.6450
      15       4.1556       2.7787
      16       4.1459       2.7213
      17       3.6479       2.9731
      18       3.7612       2.7834
      19       3.0567       2.7394
      20       3.0653       2.6599
      21       2.8815       2.7849
      22       3.2503       2.7597
      23       3.3318       2.7724
      24       3.5129       2.6808
      25       3.2498       2.9423
      26       3.2696       2.8267
      27       3.7415       2.6955
      28       3.4166       2.8028
      29       3.1259       2.7681
      30       3.1755       2.7953
      31       3.4284       2.7624
      32       2.7180       2.8189
      33       3.0585       2.7203
      34       3.5027       2.6744
      35       3.1878       2.7492
      36       3.4652       2.7214
      37       2.9727       2.7172
      38       3.0650       2.6302
      39       3.3853       3.0371
      40       2.8697       2.6598
      41       3.2141       2.6951
      42       3.3877       3.0768
      43       3.2132       2.7870
      44       2.8125       2.7644
      45       2.9068       2.6063
      46       3.6645       2.8033
      47       2.8324       2.9107
      48       2.7678       2.8422
      49       3.0014       2.6132
      50       3.0282       2.7791
      51       3.4553       2.9121
      52       3.6649       2.7261
      53       3.1570       2.7094
      54       3.0502       2.7826
      55       2.9469       2.6884
      56       3.7154       2.6903
      57       3.4523       2.7593
      58       2.9858       2.6541
      59       2.9625       2.7992
      60       3.0997       2.8438
      61       3.1612       2.8426
      62       3.7475       2.7286
      63       3.0195       2.9208
      64       3.5443       2.8144
      65       3.7067       2.5834
      66       2.7484       2.7749
      67       3.5793       2.7005
      68       2.8008       2.9132
      69       3.0270       2.8333
      70       3.2283       2.7019
      71       3.0779       2.6080
      72       3.5413       2.6371
      73       3.0664       2.7107
      74       3.2177       2.6113
      75       3.6411       2.6654
      76       2.8811       2.7327
      77       3.0555       2.8403
      78       3.0240       2.7262
      79       3.7067       2.7561
      80       2.9301       2.7001
      81       3.6633       2.6866
      82       2.7836       2.7312
      83       2.8769       2.8568
      84       3.0527       2.9846
      85       2.8762       2.7501
      86       2.8583       2.7176
      87       2.7440       2.9536
      88       3.6458       2.8234
      89       3.4317       2.7435
      90       2.8734       2.6878
      91       3.0748       2.7517
      92       3.3093       2.8380
      93       2.8685       2.6927
      94       3.4247       2.6985
      95       3.2098       2.9406
      96       3.2624       2.7898
      97       2.9480       2.6341
      98       3.3885       2.5919
      99       3.2272       2.7539
     100       3.1484       2.8074
     101       2.6791       2.9907
     102       2.8607       3.0817
     103       3.2437       2.8685
     104       2.7867       3.0336
     105       3.0306       2.7197
     106       2.9935       2.6810
     107       2.6938       2.9589
     108       3.0367       2.6632
     109       3.0789       2.8443
     110       2.9377       2.7936
     111       2.8718       2.7561
     112       2.8810       2.8996
     113       3.3335       2.7778
     114       2.9429       2.7708
     115       4.0060       2.8611
     116       2.8918       2.7586
     117       3.0385       2.7760
     118       2.9477       2.8284
     119       4.1440       2.8659
     120       3.0348       3.0283
     121       2.9137       2.8824
     122       3.0016       3.0196
     123       2.7662       2.8895
     124       2.8730       3.1162
     125       2.8243       2.7101
     126       2.9357       2.7420
     127       3.0568       2.8975
     128       2.8107       3.1763
     129       2.8537       2.9897
     130       3.4544       2.7625
     131       3.6458       2.7438
     132       4.1144       2.7661
     133       3.1063       2.7057
     134       2.7791       2.8089
     135       2.8841       2.8730
     136       2.7797       2.7941
     137       2.7956       2.8140
     138       2.8206       3.0748
     139       3.2699       2.6525
     140       2.7762       3.2395
     141       2.7308       2.9709
     142       2.7906       3.0733
     143       2.8388       3.1105
     144       3.3149       2.7869
     145       3.1227       2.9667
     146       2.7898       2.7564
     147       2.7309       2.7649
     148       2.8417       2.7896
     149       3.2427       2.7933
     150       3.1816       2.7866
     151       3.1778       2.7833
     152       3.1769       2.7082
     153       2.9452       2.7037
     154       3.3174       2.7069
     155       2.6573       2.8194
     156       3.2248       2.9449
     157       3.4478       2.8178
     158       2.9987       2.6523
     159       3.0176       2.9340
     160       2.9016       2.8613
     161       2.7252       3.1283
     162       3.0774       3.0245
     163       3.3406       2.8268
     164       3.0271       2.7984
     165       3.3181       2.7765
     166       2.7254       2.7030
     167       2.9782       2.8395
     168       3.1040       3.0756
     169       3.4989       2.7709
     170       2.8730       2.8151
     171       3.0342       2.7269
     172       2.9530       2.7867
     173       2.9865       2.8069
     174       2.9830       2.6941
     175       2.8653       2.7508
     176       2.8412       2.8230
     177       2.9520       2.8375
     178       2.6684       2.9950
     179       2.9116       3.0749
     180       2.9877       2.9387
     181       3.1753       2.6695
     182       3.3315       2.9411
     183       3.2825       2.8517
     184       3.0771       2.9062
     185       2.9073       2.7315
     186       3.0495       2.9212
     187       2.8513       2.8318
     188       3.3477       3.1068
     189       2.8474       2.7318
     190       3.1499       2.8235
     191       2.8210       2.8301
     192       2.9496       2.9249
     193       3.1770       2.6116
     194       3.1025       2.7122
     195       3.1914       2.7187
     196       2.7971       2.7484
     197       3.0522       2.8388
     198       2.9202       2.7197
     199       2.8569       2.7304
     200       2.9377       2.8140
     201       2.8424       2.7594
     202       3.1767       2.8068
     203       2.9473       2.7242
     204       3.0157       2.7438
     205       2.7248       2.8710
     206       3.1310       2.8628
     207       3.6203       2.7442
     208       3.7220       2.6581
     209       3.7058       2.6929
     210       2.9154       2.7894
     211       3.6695       2.8209
     212       2.9265       2.6004
     213       3.5411       2.8221
     214       3.1538       2.6315
     215       2.7652       2.8732
     216       3.3649       2.8985
     217       3.7352       2.8611
     218       2.8169       2.7626
     219       3.2609       3.0834
     220       3.7922       2.6674
     221       3.1760       2.7543
     222       2.9945       2.8191
     223       2.8892       2.8061
     224       2.8347       2.8786
     225       3.2769       2.6839
     226       3.1480       2.8531
     227       2.5939       2.7185
     228       3.0881       2.8136
     229       3.4234       2.7319
     230       2.7131       2.9092
     231       2.7866       2.9260
     232       2.8243       2.6776
     233       3.0853       2.7058
     234       2.5524       2.8641
     235       3.0988       2.7172
     236       3.0337       2.9559
     237       2.7417       2.8769
     238       2.9342       2.8759
     239       3.2183       2.8318
     240       2.9100       2.7496
     241       3.1617       2.6512
     242       2.9763       2.7320
     243       2.7978       3.0371
     244       2.9035       3.1264
     245       3.1899       3.1383
     246       3.1892       2.7455
     247       3.5112       2.8133
     248       2.9601       2.8417
     249       2.8492       2.7344
     250       2.7995       2.8674
     251       2.6347       2.7740
     252       3.1550       2.7801
     253       3.0634       2.8259
     254       2.9501       3.2039
     255       3.2024       2.7628
     256       2.9013       2.8581
     257       2.8941       2.8588
     258       3.7602       2.6773
     259       2.8813       2.7656
     260       3.4677       2.8137
     261       2.8254       2.8239
     262       3.2721       2.9489
     263       3.8969       2.7817
     264       3.1983       2.6939
     265       3.8384       2.8563
     266       2.7334       2.8697
     267       3.5202       2.7219
     268       2.8578       2.8602
     269       3.3806       2.8360
     270       3.2956       2.8094
     271       2.9245       2.9225
     272       3.3972       2.8607
     273       3.4306       2.6658
     274       3.2146       2.8337
     275       3.0174       2.7294
     276       3.2192       2.7671
     277       2.9062       3.1705
     278       2.8693       2.7753
     279       3.1226       2.7855
     280       2.6770       3.1686
     281       2.7832       3.1247
     282       3.0143       2.6951
     283       2.8285       2.7763
     284       3.3170       2.7742
     285       3.3783       2.7646
     286       3.1316       2.8417
     287       2.8301       2.9961
     288       2.7083       2.9196
     289       2.9739       2.7146
     290       3.2315       2.7371
     291       3.2554       2.8308
     292       3.0748       2.7220
     293       3.4440       2.8439
     294       3.7314       2.8297
     295       3.7609       2.7885
     296       3.8159       2.8479
     297       2.8230       2.9309
     298       3.4841       2.6841
     299       3.6037       2.9673
     300       3.0134       2.8663
     301       2.9909       2.9445
     302       2.9578       2.7985
     303       3.0836       2.9485
     304       3.1327       2.7937
     305       3.8819       2.6410
     306       4.1907       2.7701
     307       3.8734       2.6922
     308       3.6167       2.5202
     309       4.1114       2.7425
     310       3.9679       2.7088
     311       4.1417       2.8602
     312       3.9020       2.6274
     313       3.0387       2.8221
     314       4.1458       2.7471
     315       3.6351       2.6074
     316       3.7954       2.7794
     317       4.0975       2.7153
     318       3.5951       2.8599
     319       3.9837       2.6756
     320       4.3795       2.7899
     321       3.9370       2.7722
     322       3.9768       2.8649
     323       3.4143       2.7042
     324       4.2447       2.8611
     325       3.9446       2.7481
     326       4.3141       2.7076
     327       4.3955       2.5573
     328       4.7833       2.8342
     329       4.5772       2.8442
     330       4.6556       2.8077
     331       4.5706       2.8011
     332       4.6199       2.8354
     333       4.7008       2.8324
     334       4.6247       2.6627
     335       4.6365       2.6888
     336       4.6003       2.9171
     337       4.6715       2.9029
     338       4.2544       2.8361
     339       4.2570       2.6374
     340       4.5859       2.6615
     341       4.5802       2.6872
     342       4.6601       2.7161
     343       4.4873       2.6574
     344       4.6892       2.6996
     345       4.6218       2.7356
     346       4.5744       2.8587
     347       4.4872       2.9593
     348       4.5414       2.7929
     349       4.6574       2.7334
     350       4.3858       2.6380
     351       4.5984       2.6313
     352       4.3844       2.6641
     353       5.0246       2.9070
     354       4.7291       2.7462
     355       4.3696       2.6780
     356       4.8252       2.6912
     357       4.6574       2.7926
     358       4.6925       2.7336
     359       4.5655       2.8339
     360       4.8004       2.7937
     361       4.4168       2.8533
     362       4.5904       2.7998
     363       4.6141       2.6747
     364       4.8287       2.7864
     365       4.8393       2.7729
     366       4.6403       2.6502
     367       4.6401       2.6482
     368       4.3932       2.6619
     369       4.4255       2.7610
     370       4.4735       2.6341
     371       4.5049       2.7950
     372       4.6731       2.7035
     373       4.8580       2.6669
     374       4.3573       2.7443
     375       4.4188       2.6530
     376       4.5794       2.7088
     377       4.6307       2.7320
     378       4.4275       2.7753
     379       4.5486       2.7066
     380       4.5033       2.6926
     381       4.6546       2.7497
     382       4.6503       2.6516
     383       4.4433       2.8438
     384       4.4786       2.8040
     385       4.5873       2.6181
     386       4.7344       2.9914
     387       4.3175       2.7039
     388       4.7139       2.7028
     389       4.6526       2.7108
     390       4.8025       2.7958
     391       4.6828       2.7013
     392       4.4762       2.7355
     393       4.7029       2.7512
     394       4.7020       2.6202
     395       4.5022       2.8313
     396       4.8231       2.7575
     397       4.4451       2.5452
     398       4.6805       2.6855
     399       4.4503       2.6540
     400       4.8392       2.8651
     401       4.9040       2.9273
     402       4.8651       2.9031
     403       4.5997       2.6893
     404       4.5931       2.8753
     405       4.8177       2.8407
     406       4.7670       2.6933
     407       4.8225       2.6332
     408       4.7926       2.8850
     409       4.5201       2.7836
     410       4.5471       2.7200
     411       4.5491       2.8593
     412       4.6380       2.6173
     413       4.6793       2.6609
     414       4.5317       2.7380
     415       4.4214       2.6971
     416       4.6831       2.6695
     417       4.6104       2.8965
     418       4.4405       2.6052
     419       4.5166       2.6004
     420       4.6153       2.6997
     421       4.5302       2.7166
     422       4.5777       2.7385
     423       4.5048       2.7305
     424       4.5050       2.7435
     425       4.6859       3.0269
     426       4.7124       2.8287
     427       4.3943       2.6027
     428       4.3981       2.6440
     429       4.5905       2.7478
     430       4.5314       2.7720
     431       4.6743       2.7932
     432       4.7256       2.6231
     433       4.3802       2.6681
     434       4.7724       2.7652
     435       4.7043       2.7131
     436       4.5495       2.7866
     437       4.5714       2.7233
     438       4.3737       2.6381
     439       4.7408       2.9360
     440       4.6589       2.9573
     441       4.6791       2.6045
     442       4.6095       2.6872
     443       4.2259       2.7126
     444       4.3952       2.7952
     445       4.6456       2.7796
     446       4.6686       2.7667
     447       4.5029       2.8412
     448       4.6668       2.7099
     449       4.3849       2.8011
     450       4.7599       2.7675
     451       4.4729       2.8193
     452       4.4528       2.7220
     453       4.4414       2.6513
     454       4.5331       2.7380
     455       4.6315       2.6990
     456       4.5304       2.7496
     457       4.6283       2.7034
     458       4.5638       2.7651
     459       4.2557       2.7632
     460       4.3007       2.6682
     461       4.6132       2.7430
     462       4.6658       2.6978
     463       4.4154       2.8639
     464       4.6388       2.7630
     465       4.5682       2.8211
     466       4.3015       2.6525
     467       4.7065       2.8044
     468       4.5894       2.7126
     469       4.5675       2.9191
     470       4.5713       2.7387
     471       4.5540       2.7187
     472       4.3312       2.8048
     473       4.1146       2.7241
     474       4.4637       2.7745
     475       4.4221       2.6353
     476       4.5949       2.8318
     477       4.1884       2.7117
     478       4.4245       2.6971
     479       4.8231       2.9379
     480       4.2849       2.8933
     481       4.4296       2.7825
     482       4.6144       2.7762
     483       4.6385       2.8727
     484       4.5267       2.8408
     485       4.4531       2.7124
     486       4.6107       2.7223
     487       4.5512       2.7086
     488       4.4018       2.6786
     489       4.3484       2.6280
     490       4.8419       3.0010
     491       4.5675       2.7607
     492       4.4934       2.7126
     493       4.4607       2.7389
     494       4.5042       2.7740
     495       4.5060       2.7015
     496       4.7486       2.7891
     497       4.6287       2.6871
     498       4.4194       2.5991
     499       4.3092       2.6700
     500       4.1974       2.6101
     501       4.1222       2.6681
     502       4.4777       2.7428
     503       4.6583       2.6349
     504       4.4597       2.7957
     505       4.5999       2.7123
     506       4.2530       2.8394
     507       4.5548       2.6700
     508       4.7398       2.7070
     509       4.7123       2.6822
     510       4.7457       2.7563
     511       4.6461       2.8834
     512       4.4830       2.7837
     513       4.7396       2.8894
     514       4.5071       2.7112
     515       4.6919       2.8112
     516       4.7582       2.8232
     517       4.6481       2.8072
     518       4.4491       2.7307
     519       4.7339       2.8237
     520       4.5085       2.7601
     521       4.6353       2.7990
     522       4.6325       2.7055
     523       4.4899       2.6838
     524       4.6507       2.7740
     525       4.3075       2.7012
     526       4.4424       2.6483
     527       4.4817       2.6577
     528       4.4435       2.7623
     529       4.4141       2.8652
     530       4.4445       2.7279
     531       4.5154       2.8317
     532       4.5039       2.7153
     533       4.5166       2.8173
     534       4.3878       2.5847
     535       4.3126       2.8060
     536       4.6266       2.7878
     537       4.3330       2.6883
     538       4.7446       2.6987
     539       4.6614       2.7824
     540       4.7217       2.8252
     541       4.7850       2.7548
     542       4.3738       2.6496
     543       4.5664       2.8733
     544       4.2462       2.6740
     545       4.3138       2.6571
     546       4.2733       2.7184
     547       4.2639       2.6036
     548       4.5575       2.8362
     549       4.6457       2.7347
     550       4.5151       2.8095
     551       4.3814       2.6136
     552       4.9627       2.8929
     553       4.7785       2.7099
     554       4.7755       2.6612
     555       4.2111       2.6878
     556       4.6060       2.7163
     557       4.3720       2.8502
     558       4.7565       2.6710
     559       4.5519       2.6732
     560       4.4981       2.9450
     561       4.2884       2.5906
     562       4.4074       2.6578
     563       4.5352       2.8120
     564       4.3563       2.7421
     565       4.5148       2.8766
     566       4.3258       2.7368
     567       4.6640       2.8624
     568       4.4826       2.7507
     569       4.3418       2.6644
     570       4.5531       2.6759
     571       4.3804       2.7319
     572       4.5621       2.5927
     573       4.6628       2.7082
     574       4.4877       2.7129
     575       4.4975       2.7673
     576       4.3121       2.6642
     577       4.3205       2.6989
     578       4.4525       2.8263
     579       4.7113       2.7096
     580       4.4980       2.7518
     581       4.4607       2.7656
     582       4.5301       2.6675
     583       4.6709       2.7133
     584       4.6174       2.8479
     585       4.7404       2.8447
     586       4.6450       2.9171
     587       4.6092       2.7137
     588       4.7913       2.8099
     589       4.5203       2.6254
     590       4.4563       2.5940
     591       4.4675       2.7308
     592       4.7614       2.8281
     593       4.5372       2.8468
     594       4.4184       2.7275
     595       4.5946       2.7279
     596       4.6413       2.6845
     597       4.0193       2.8426
     598       4.5886       2.8800
     599       4.4227       2.6085
     600       4.3129       2.8084
     601       4.3811       2.7716
     602       4.6019       2.9718
     603       4.4291       2.8539
     604       4.7559       2.7507
     605       4.3460       2.7732
     606       4.3664       2.9169
     607       4.4600       2.8563
     608       4.3756       2.6672
     609       4.4048       2.6273
     610       4.1252       2.7786
     611       4.6881       2.8469
     612       4.3896       2.6827
     613       4.4553       2.7600
     614       4.5589       2.7441
     615       4.4370       2.8178
     616       4.6145       2.8894
     617       4.8768       2.8413
     618       4.5396       2.7128
     619       4.4022       2.6457
     620       4.4795       2.6978
     621       4.5710       2.6585
     622       4.4615       2.6608
     623       4.7924       2.9448
     624       4.3430       2.7366
     625       4.3544       2.7949
     626       4.6882       3.0025
     627       4.5172       2.7492
     628       4.2841       2.6161
     629       4.6164       2.7774
     630       4.3630       2.6997
     631       4.3076       2.6628
     632       4.5885       2.7345
     633       4.6186       2.6729
     634       4.6832       2.7970
     635       4.4406       2.9817
     636       4.6292       2.6327
     637       4.5303       2.6468
     638       4.5258       2.6645
     639       4.5038       2.7959
     640       4.6024       2.7355
     641       4.1473       2.7255
     642       4.8055       2.7279
     643       4.7372       2.9699
     644       4.6981       2.6625
     645       4.6626       2.7287
     646       4.7166       2.7785
     647       4.5572       2.7065
     648       4.2852       2.7613
     649       4.6086       2.6089
     650       4.7582       2.7772
     651       4.5548       2.7208
     652       4.2855       2.7094
     653       4.3783       2.7516
     654       4.7926       2.8352
     655       4.6655       2.7169
     656       4.4453       2.8815
     657       4.9307       3.1010
     658       4.4666       2.7531
     659       4.0296       2.8378
     660       4.4004       2.6315
     661       4.3362       2.6402
     662       4.6291       2.8657
     663       4.6845       3.0983
     664       4.5255       2.6912
     665       4.4934       2.8648
     666       4.3577       2.7476
     667       4.6586       2.7253
     668       4.4393       2.6649
     669       4.6176       2.7504
     670       4.3466       2.7660
     671       4.4898       2.6317
     672       4.2129       2.6331
     673       4.4477       2.7569
     674       4.5910       2.7633
     675       4.5173       2.7695
     676       4.5869       2.7086
     677       4.5700       2.7746
     678       4.6906       2.8289
     679       4.4082       2.9645
     680       4.4347       2.7127
     681       4.3920       2.7096
     682       4.5086       2.7514
     683       4.5590       2.7121
     684       4.5163       2.6585
     685       4.5323       2.7171
     686       4.4729       2.7398
     687       4.6084       2.8581
     688       4.3925       2.7690
     689       4.3327       2.7002
     690       4.8081       2.9796
     691       4.7350       2.9910
     692       4.7529       2.8051
     693       4.7306       2.7810
     694       4.5027       2.7061
     695       4.6139       2.7047
     696       4.2224       2.8658
     697       4.3663       2.6525
     698       4.3790       2.6727
     699       4.2584       2.7128
     700       4.3821       2.6991
     701       4.5275       2.6053
     702       4.1706       2.6751
     703       4.4031       2.9659
     704       4.6528       2.7308
     705       4.4002       2.7362
     706       4.5659       2.6908
     707       4.6575       2.7276
     708       4.2957       2.6295
     709       4.0268       2.6853
     710       4.3055       2.6441
     711       4.1503       2.6960
     712       4.6981       2.8102
     713       4.1895       2.7770
     714       4.8292       3.0264
     715       4.2900       2.5856
     716       4.6928       2.9094
     717       4.3130       2.7231
     718       4.2839       2.8690
     719       4.4335       2.8544
     720       4.4526       2.6857
     721       4.3618       2.7145
     722       4.7717       2.7843
     723       4.5495       2.6018
     724       4.6209       2.7873
     725       4.4748       2.8734
     726       4.6183       2.9011
     727       4.5009       2.7643
     728       4.3765       2.7470
     729       4.6353       2.6640
     730       4.8708       2.9593
     731       4.4857       2.7667
     732       4.4746       2.7622
     733       4.5674       2.6813
     734       4.4131       2.6295
     735       4.7798       2.7957
     736       4.7505       2.8420
     737       4.7131       2.7730
     738       4.4092       2.8389
     739       4.7234       2.8208
     740       4.6678       2.8189
     741       4.8400       2.7308
     742       4.8317       2.7789
     743       4.5631       2.6667
     744       4.5428       2.6358
     745       4.7490       2.7397
     746       4.6827       2.6664
     747       4.2719       2.7439
     748       4.5179       2.7842
     749       4.4574       2.6058
     750       4.0918       2.5969
     751       4.6032       2.7365
     752       4.6714       2.7054
     753       4.5275       2.7561
     754       4.6616       2.8577
     755       4.6745       2.7440
     756       4.8174       2.8202
     757       4.7554       2.7777
     758       4.6739       2.7522
     759       4.5264       2.7961
     760       4.5543       2.6990
     761       4.4614       2.6410
     762       4.1256       2.7847
     763       4.3976       2.6915
     764       4.3575       2.8325
     765       4.6905       2.8210
     766       4.3941       2.7613
     767       4.7139       2.8922
     768       4.6467       2.9175
     769       4.3495       2.6463
     770       4.5268       2.6517
     771       4.3225       2.7433
     772       4.5480       2.7425
     773       4.4682       2.7546
     774       4.4540       2.8667
     775       4.6855       2.6253
     776       4.5023       2.8394
     777       4.4504       2.6233
     778       4.3892       2.7119
     779       4.5392       2.8805
     780       4.4070       2.7294
     781       4.3755       2.7686
     782       4.7542       2.9031
     783       4.3943       2.7265
     784       4.5397       2.7131
     785       4.2012       2.6885
     786       4.3306       2.6169
     787       4.4285       2.8024
     788       4.2344       2.6862
     789       4.4347       2.6800
     790       4.2034       2.8149
     791       4.5322       2.6096
     792       4.2667       2.5730
     793       4.4546       2.6618
     794       4.3911       2.6850
     795       4.5348       2.6811
     796       4.4988       2.7019
     797       4.2349       2.5975
     798       4.4749       2.6887
     799       4.3426       2.6794
     800       4.7136       2.7811
     801       4.5177       2.6831
     802       4.5693       2.8156
     803       4.6578       2.8212
     804       4.5640       2.8393
     805       4.6057       2.7020
     806       4.6828       2.7204
     807       4.4359       2.8148
     808       4.5388       2.8479
     809       4.5546       2.8177
     810       4.3499       2.6740
     811       4.3024       2.6655
     812       4.6039       2.7532
     813       4.6056       2.7290
     814       4.5406       2.7140
     815       4.4399       2.8767
     816       4.8309       2.9035
     817       4.7500       2.8010
     818       4.5509       2.8136
     819       4.6946       2.8150
     820       4.8029       2.7603
     821       4.5443       2.5870
     822       4.7690       2.7991
     823       4.6161       2.7376
     824       4.4919       2.6886
     825       4.4005       2.9038
     826       4.6029       2.6964
     827       4.5854       2.7674
     828       4.2750       2.8380
     829       4.3249       2.7896
     830       4.2151       2.5997
     831       4.0342       2.8037
     832       4.4489       2.6115
     833       4.6294       2.7961
     834       4.3679       2.8383
     835       4.1231       2.5582
     836       4.1114       2.6868
     837       4.2345       2.6801
     838       4.5036       2.6502
     839       4.6495       2.8614
     840       4.5143       2.7198
     841       4.5529       2.7838
     842       4.3063       2.7264
     843       4.6930       2.8245
     844       4.5486       2.7266
     845       4.7596       2.7938
     846       4.5077       2.6646
     847       4.6054       2.6387
     848       4.6063       2.8874
     849       4.4190       2.7039
     850       4.4744       2.6384
     851       4.7183       2.7733
     852       4.5140       2.7027
     853       4.6617       2.7411
     854       4.4347       2.7215
     855       4.6835       2.9232
     856       4.7531       2.7826
     857       4.4550       2.6655
     858       4.4204       2.7444
     859       4.4637       2.6114
     860       4.3881       2.6978
     861       4.2458       2.8058
     862       4.2155       2.7116
     863       4.2782       2.8999
     864       4.4406       2.7942
     865       4.3493       2.8000
     866       4.5933       2.8260
     867       4.5291       2.8109
     868       4.3221       2.6449
     869       4.5045       2.7301
     870       4.5484       2.8294
     871       4.6195       2.9591
     872       4.3054       2.7608
     873       4.4065       2.7705
     874       4.2713       2.6654
     875       4.5752       2.7789
     876       4.3696       2.7389
     877       4.2931       2.7538
     878       4.6779       2.7227
     879       4.4831       2.7221
     880       4.5911       2.7402
     881       4.2521       2.7816
     882       4.1870       2.8653
     883       4.7040       2.7654
     884       4.3519       2.7192
     885       4.4132       2.7628
     886       4.4464       2.8555
     887       4.3851       2.8039
     888       4.5849       2.6681
     889       4.1117       2.7915
     890       4.4417       2.6830
     891       4.5338       2.6808
     892       4.5870       2.7883
     893       4.7079       2.8431
     894       4.3433       2.6802
     895       4.6765       2.7520
     896       4.0754       2.6267
     897       4.5203       2.6841
     898       4.4027       2.8095
     899       4.5881       2.8147
     900       4.3508       2.6915
     901       4.5211       2.6926
     902       4.4331       2.7078
     903       4.5365       2.7814
     904       4.4519       2.7167
     905       4.6520       2.7674
     906       4.7738       2.7156
     907       4.4983       2.7628
     908       4.5701       2.8589
     909       4.4300       2.7628
     910       4.4898       2.6915
     911       4.6594       2.8853
     912       4.3997       2.6719
     913       4.4968       2.6642
     914       4.2083       2.9122
     915       4.4227       2.6758
     916       4.8073       2.7537
     917       4.4276       2.8291
     918       4.4257       2.6905
     919       4.0502       2.6394
     920       4.5104       2.6973
     921       4.3662       2.6041
     922       4.0406       2.7332
     923       4.3754       2.7790
     924       4.3637       2.6183
     925       4.4807       2.6366
     926       4.6476       2.8383
     927       4.6937       2.9930
     928       4.3021       2.6401
     929       4.4597       2.7409
     930       4.5668       2.7496
     931       4.2289       2.8253
     932       4.4943       2.7771
     933       4.4133       2.9571
     934       4.5041       2.6949
     935       4.2185       2.7364
     936       4.7667       2.9986
     937       4.4979       2.6724
     938       4.4096       2.7663
     939       4.2324       2.6092
     940       4.2709       2.7423
     941       4.5269       2.6052
     942       4.3025       2.6511
     943       4.6309       2.6352
     944       4.5762       2.9740
     945       4.3866       2.8184
     946       4.6138       2.7745
     947       4.4741       2.7491
     948       4.4007       2.6974
     949       4.7611       2.7234
     950       4.2757       2.6711
     951       4.4968       2.8246
     952       4.5772       2.6940
     953       4.4821       2.7618
     954       4.6737       2.9657
     955       4.1479       2.7276
     956       4.3665       2.9244
     957       4.2757       2.7501
     958       4.6769       2.8626
     959       4.3362       2.6468
     960       4.4458       2.6590
     961       4.5748       2.6926
     962       4.2989       2.7904
     963       4.6046       2.6535
     964       4.3317       2.7431
     965       4.3337       2.7205
     966       4.4749       2.6993
     967       4.6115       2.6979
     968       4.6922       2.7438
     969       4.5186       2.8047
     970       4.2935       2.6646
     971       4.5443       2.8083
     972       4.5970       2.7309
     973       4.5280       2.7279
     974       4.4458       2.7348
     975       4.6263       2.6755
     976       4.6096       2.8122
     977       4.7884       2.8684
     978       4.5365       2.8934
     979       4.4387       2.7760
     980       4.4037       2.7525
     981       4.7031       2.8011
     982       4.1774       2.6055
     983       4.5067       2.9129
     984       4.3199       2.9360
     985       4.5662       2.7544
     986       4.5002       2.6894
     987       4.1701       2.7450
     988       4.1652       2.7023
     989       4.3594       2.7151
     990       4.6082       2.8088
     991       4.4076       2.6395
     992       4.3233       2.7960
     993       4.5027       2.7770
     994       4.3373       2.6356
     995       4.3611       2.8186
     996       4.4188       2.9202
     997       4.2252       2.7224
     998       4.3553       2.7341
     999       4.2168       2.7029
    1000       4.4189       2.6250
