#Frame            lig
       1       0.8930
       2       0.7596
       3       0.5127
       4       0.9644
       5       0.5905
       6       1.0828
       7       0.8471
       8       0.9994
       9       0.8304
      10       1.0224
      11       0.8081
      12       0.6576
      13       0.6102
      14       0.6669
      15       0.5191
      16       0.5878
      17       0.7643
      18       0.6640
      19       0.4629
      20       0.6520
      21       1.0268
      22       0.7796
      23       1.0809
      24       0.4972
      25       0.6971
      26       0.8067
      27       0.7212
      28       0.8595
      29       0.4759
      30       0.4800
      31       0.5858
      32       0.5479
      33       0.8248
      34       0.7707
      35       0.8642
      36       0.9544
      37       1.0373
      38       0.8727
      39       1.0096
      40       0.7682
      41       1.2147
      42       0.7518
      43       1.0547
      44       1.0671
      45       1.0111
      46       0.8135
      47       0.8251
      48       0.7417
      49       0.8092
      50       1.1160
      51       0.8884
      52       1.0071
      53       1.0722
      54       1.1274
      55       1.1707
      56       1.4725
      57       1.0024
      58       1.1837
      59       1.3867
      60       1.3721
      61       1.2517
      62       1.4569
      63       1.6724
      64       1.4437
      65       1.3510
      66       1.2584
      67       1.4654
      68       1.0582
      69       1.1612
      70       1.4745
      71       1.2755
      72       1.3226
      73       1.2397
      74       1.4672
      75       1.2107
      76       1.4267
      77       1.2255
      78       1.3479
      79       1.2164
      80       1.3542
      81       1.4062
      82       1.2749
      83       1.3348
      84       1.1733
      85       1.4232
      86       1.1343
      87       1.0238
      88       1.0200
      89       1.1254
      90       1.0678
      91       0.9900
      92       1.1756
      93       1.1576
      94       0.8098
      95       0.8529
      96       1.3000
      97       0.8106
      98       1.0168
      99       1.4136
     100       0.8391
     101       1.3763
     102       0.9640
     103       1.4931
     104       1.0678
     105       1.2645
     106       1.1455
     107       0.7891
     108       1.0443
     109       1.7447
     110       1.5346
     111       0.7627
     112       1.0182
     113       1.0386
     114       1.1128
     115       1.3528
     116       1.0765
     117       1.3293
     118       0.9210
     119       0.9854
     120       1.1457
     121       1.0246
     122       1.6632
     123       1.1877
     124       1.5034
     125       1.2390
     126       0.9807
     127       1.2222
     128       0.9194
     129       1.3051
     130       1.0603
     131       0.9931
     132       0.8588
     133       1.1961
     134       1.0310
     135       0.6925
     136       0.8255
     137       0.9117
     138       1.0572
     139       1.3082
     140       1.1691
     141       0.8137
     142       0.8990
     143       0.7764
     144       0.7510
     145       0.8356
     146       0.9984
     147       0.7845
     148       0.7528
     149       0.7698
     150       1.0242
     151       0.9340
     152       1.2644
     153       1.5241
     154       0.8401
     155       1.2203
     156       1.4993
     157       0.7992
     158       1.1660
     159       1.1241
     160       1.5739
     161       1.2647
     162       1.2303
     163       1.3159
     164       1.1659
     165       1.4373
     166       1.4662
     167       1.3185
     168       1.4698
     169       1.3928
     170       1.3048
     171       1.2206
     172       1.3910
     173       1.4906
     174       1.4662
     175       0.9047
     176       1.1290
     177       1.2662
     178       1.2677
     179       1.1205
     180       1.1643
     181       1.1933
     182       1.0516
     183       0.9386
     184       1.2472
     185       0.9334
     186       0.8753
     187       1.5717
     188       1.3810
     189       1.4880
     190       1.3195
     191       1.0860
     192       1.1363
     193       1.4201
     194       1.0936
     195       1.1612
     196       1.3397
     197       1.1754
     198       1.0364
     199       1.1551
     200       1.2240
     201       0.9662
     202       1.4218
     203       1.5993
     204       1.2065
     205       1.2514
     206       0.9723
     207       1.3963
     208       1.1636
     209       0.8673
     210       0.9280
     211       1.1629
     212       0.7421
     213       1.2396
     214       1.5134
     215       1.1495
     216       0.9356
     217       0.5281
     218       0.5837
     219       0.9036
     220       0.9816
     221       0.5030
     222       1.0551
     223       0.6559
     224       0.8746
     225       0.8473
     226       1.0085
     227       0.5898
     228       1.2898
     229       0.9630
     230       1.1795
     231       1.0325
     232       0.9287
     233       1.0139
     234       1.0887
     235       0.9143
     236       1.1922
     237       0.9687
     238       1.3030
     239       1.1189
     240       0.7672
     241       1.0156
     242       1.0133
     243       0.9418
     244       1.3097
     245       1.0758
     246       0.8622
     247       0.7356
     248       0.8349
     249       0.6992
     250       0.7440
     251       1.1921
     252       0.4625
     253       0.8453
     254       1.1650
     255       1.4219
     256       1.1707
     257       1.2373
     258       0.9971
     259       0.9536
     260       1.0761
     261       0.9434
     262       1.1546
     263       1.2344
     264       1.0197
     265       1.1295
     266       1.2546
     267       1.3209
     268       1.1366
     269       0.8286
     270       1.3104
     271       1.2510
     272       0.9637
     273       1.1744
     274       0.8552
     275       0.8818
     276       0.5530
     277       0.8449
     278       0.7863
     279       1.0769
     280       0.6763
     281       1.2667
     282       1.5611
     283       1.5682
     284       1.0820
     285       1.7002
     286       1.6255
     287       1.5383
     288       1.3748
     289       1.6833
     290       1.4091
     291       1.8190
     292       1.8213
     293       1.7021
     294       1.6402
     295       1.4249
     296       1.5163
     297       1.2989
     298       1.2336
     299       0.7930
     300       1.5934
     301       1.3775
     302       1.3147
     303       1.6213
     304       1.5009
     305       1.9393
     306       1.3842
     307       1.6782
     308       1.7808
     309       1.2095
     310       1.5893
     311       1.5218
     312       1.6247
     313       1.3889
     314       1.4813
     315       1.2546
     316       1.0224
     317       1.0563
     318       0.6609
     319       1.0971
     320       1.2047
     321       1.2934
     322       0.8982
     323       1.0794
     324       1.1244
     325       1.2031
     326       0.9646
     327       0.8043
     328       0.9491
     329       0.9073
     330       1.2277
     331       1.0048
     332       1.0993
     333       1.0850
     334       0.7745
     335       1.2245
     336       0.7369
     337       1.1705
     338       1.2970
     339       1.0081
     340       0.8983
     341       1.1121
     342       1.1242
     343       0.8358
     344       1.1540
     345       1.0441
     346       1.2888
     347       1.1486
     348       1.2723
     349       1.5526
     350       1.5729
     351       1.4390
     352       1.2312
     353       1.1622
     354       1.2024
     355       1.2927
     356       1.0697
     357       1.4633
     358       1.0883
     359       1.2085
     360       1.0562
     361       0.8136
     362       0.8410
     363       1.2193
     364       1.1359
     365       1.4310
     366       1.5071
     367       1.5558
     368       1.7414
     369       1.6118
     370       1.6087
     371       1.7567
     372       1.3225
     373       1.5230
     374       1.5589
     375       1.6764
     376       1.5338
     377       1.5231
     378       1.4273
     379       1.2418
     380       1.1319
     381       1.0173
     382       0.9932
     383       1.1682
     384       1.3163
     385       1.4974
     386       1.0952
     387       0.8531
     388       1.2195
     389       1.1167
     390       1.0549
     391       1.3360
     392       1.1833
     393       0.9878
     394       1.1883
     395       1.1650
     396       1.1161
     397       1.1381
     398       0.9552
     399       0.8235
     400       1.0164
     401       0.9831
     402       1.0323
     403       0.9830
     404       1.2253
     405       1.3259
     406       1.1356
     407       1.0338
     408       0.9223
     409       1.0135
     410       0.8423
     411       1.0529
     412       0.8591
     413       0.9191
     414       0.8873
     415       1.3533
     416       0.9614
     417       1.1411
     418       1.2081
     419       1.0695
     420       0.9970
     421       1.1282
     422       0.9784
     423       0.9124
     424       1.1569
     425       1.1519
     426       0.8222
     427       1.0270
     428       1.0949
     429       0.7602
     430       0.8950
     431       0.9994
     432       1.1163
     433       1.1281
     434       0.9253
     435       1.0848
     436       0.6529
     437       1.2180
     438       1.0646
     439       0.9285
     440       0.7656
     441       0.6908
     442       0.8971
     443       1.1505
     444       1.1957
     445       0.7693
     446       1.3067
     447       0.8415
     448       1.2527
     449       1.0434
     450       0.9319
     451       0.8851
     452       1.0813
     453       1.3408
     454       1.0469
     455       1.2858
     456       1.1408
     457       0.9507
     458       1.1550
     459       1.5265
     460       0.8712
     461       0.8276
     462       1.0023
     463       1.0891
     464       1.0195
     465       0.7779
     466       1.0088
     467       0.8906
     468       0.8105
     469       1.1650
     470       1.0270
     471       0.9196
     472       0.8849
     473       0.9670
     474       1.2562
     475       1.3322
     476       0.9498
     477       1.2654
     478       1.1085
     479       0.8273
     480       1.0262
     481       1.1288
     482       0.9006
     483       1.1050
     484       1.2529
     485       1.0408
     486       1.1373
     487       1.0454
     488       1.0538
     489       1.3644
     490       1.1492
     491       1.1513
     492       1.1741
     493       0.9530
     494       1.0518
     495       1.2881
     496       1.4437
     497       1.1546
     498       1.0674
     499       0.9308
     500       1.0517
     501       1.0420
     502       0.8045
     503       1.0537
     504       1.1173
     505       0.9446
     506       0.9483
     507       1.3297
     508       1.1695
     509       0.9620
     510       1.3569
     511       1.0236
     512       1.0246
     513       0.9014
     514       1.1708
     515       1.3312
     516       1.0921
     517       0.8285
     518       1.4046
     519       0.9963
     520       1.3532
     521       0.9445
     522       1.3357
     523       1.2118
     524       1.2019
     525       1.0469
     526       1.2165
     527       1.3346
     528       1.4468
     529       1.2716
     530       1.0899
     531       1.3577
     532       1.3886
     533       0.9368
     534       0.7618
     535       1.1066
     536       1.1769
     537       0.9150
     538       1.1422
     539       1.0995
     540       0.9423
     541       1.0223
     542       1.0848
     543       0.9479
     544       1.3042
     545       0.9264
     546       0.8488
     547       1.0597
     548       0.9599
     549       1.2309
     550       1.2284
     551       0.9895
     552       0.9016
     553       1.0596
     554       0.8188
     555       1.1729
     556       1.0333
     557       1.0007
     558       1.5316
     559       1.0801
     560       0.8632
     561       0.9518
     562       1.0742
     563       0.8376
     564       0.8018
     565       1.1020
     566       0.9913
     567       1.1889
     568       0.9658
     569       1.0390
     570       0.9704
     571       0.7540
     572       1.0243
     573       0.9177
     574       0.8428
     575       0.9169
     576       1.3534
     577       1.3956
     578       1.0771
     579       0.9116
     580       1.0103
     581       1.0605
     582       1.1755
     583       1.2110
     584       1.0941
     585       0.9993
     586       0.6279
     587       0.9613
     588       1.0316
     589       1.3022
     590       1.5653
     591       1.2920
     592       1.0125
     593       1.0065
     594       0.9777
     595       1.1864
     596       1.1992
     597       1.3748
     598       1.1407
     599       1.0914
     600       1.2373
     601       1.2621
     602       0.9840
     603       1.3843
     604       0.9690
     605       1.2414
     606       1.3157
     607       1.3196
     608       1.2102
     609       2.0146
     610       0.9725
     611       0.9123
     612       1.1236
     613       1.3514
     614       0.7740
     615       1.2219
     616       1.0517
     617       1.6415
     618       1.2772
     619       1.1746
     620       1.0561
     621       1.0881
     622       1.3782
     623       1.3058
     624       1.3325
     625       1.2938
     626       1.3487
     627       1.2408
     628       0.7879
     629       1.2752
     630       1.2000
     631       1.4879
     632       1.3164
     633       1.1695
     634       1.1583
     635       1.2438
     636       1.4787
     637       1.0255
     638       0.9024
     639       1.0031
     640       1.0337
     641       0.9019
     642       1.1166
     643       1.3460
     644       0.9365
     645       1.1471
     646       0.9166
     647       0.8989
     648       0.8341
     649       1.1693
     650       1.3471
     651       0.8786
     652       1.0082
     653       1.0779
     654       1.0631
     655       1.0363
     656       1.0175
     657       1.0244
     658       0.9116
     659       1.0314
     660       0.9580
     661       1.0556
     662       1.3614
     663       1.1569
     664       1.0472
     665       0.9643
     666       1.0860
     667       1.0890
     668       0.7353
     669       1.0501
     670       1.0885
     671       1.0334
     672       1.2129
     673       1.0423
     674       1.0141
     675       0.8733
     676       1.3615
     677       1.1654
     678       1.0527
     679       1.1379
     680       1.2768
     681       1.0143
     682       0.9617
     683       1.3222
     684       1.1218
     685       1.0281
     686       1.2674
     687       1.0962
     688       1.1571
     689       1.1455
     690       1.0129
     691       1.0310
     692       1.0815
     693       1.0414
     694       0.9862
     695       1.0946
     696       0.9715
     697       1.0539
     698       1.4167
     699       1.1618
     700       1.2992
     701       1.3516
     702       1.2793
     703       1.5305
     704       1.5066
     705       1.0187
     706       1.2305
     707       0.9664
     708       1.0326
     709       1.0236
     710       1.2241
     711       1.1608
     712       0.9759
     713       1.2667
     714       1.3170
     715       1.2636
     716       1.3660
     717       1.5217
     718       1.3988
     719       1.5474
     720       0.9133
     721       1.1925
     722       1.5651
     723       1.1291
     724       1.2276
     725       1.1706
     726       0.9755
     727       1.2721
     728       1.0741
     729       1.0835
     730       0.9977
     731       0.9180
     732       0.9905
     733       1.2395
     734       1.1557
     735       1.0463
     736       1.0234
     737       1.0486
     738       0.8283
     739       0.9394
     740       1.0277
     741       0.7030
     742       0.6330
     743       0.9049
     744       0.7767
     745       0.8261
     746       1.0405
     747       0.7298
     748       1.3922
     749       0.5969
     750       1.2028
     751       1.2012
     752       1.0259
     753       0.7818
     754       1.2283
     755       1.0650
     756       1.1927
     757       1.2422
     758       1.0580
     759       1.2162
     760       1.3826
     761       0.8286
     762       0.6546
     763       1.1232
     764       0.9038
     765       0.8955
     766       0.7708
     767       0.9231
     768       0.9893
     769       0.8300
     770       1.2177
     771       1.1630
     772       1.2757
     773       1.0498
     774       1.4573
     775       1.2047
     776       1.1309
     777       1.2078
     778       1.0591
     779       1.4238
     780       1.1191
     781       0.8985
     782       0.9927
     783       1.1908
     784       1.0489
     785       1.2417
     786       1.2149
     787       2.1253
     788       1.2663
     789       1.2723
     790       0.9631
     791       1.1551
     792       0.9070
     793       0.9189
     794       1.5349
     795       0.7562
     796       1.0712
     797       1.0393
     798       1.1779
     799       1.0073
     800       1.0372
     801       1.1034
     802       0.9364
     803       0.9367
     804       1.2534
     805       1.3584
     806       1.0539
     807       1.3060
     808       0.9005
     809       0.8759
     810       0.9836
     811       0.9938
     812       0.8814
     813       1.0514
     814       1.0330
     815       0.9712
     816       0.5888
     817       0.9322
     818       1.3812
     819       0.9935
     820       0.8225
     821       0.9278
     822       0.7970
     823       0.8272
     824       1.0422
     825       1.1152
     826       1.2188
     827       1.0638
     828       1.1686
     829       0.9554
     830       1.0101
     831       0.9128
     832       0.9069
     833       0.7783
     834       0.9417
     835       1.3148
     836       0.9950
     837       0.8521
     838       0.6495
     839       0.9475
     840       1.5033
     841       1.1807
     842       1.4255
     843       1.1075
     844       0.9196
     845       0.6950
     846       0.7380
     847       1.2770
     848       1.4490
     849       1.2653
     850       0.9472
     851       0.9899
     852       1.0365
     853       0.9786
     854       0.9258
     855       0.8860
     856       0.8066
     857       0.9717
     858       1.0729
     859       0.9336
     860       1.2948
     861       0.9168
     862       0.9389
     863       0.8869
     864       1.1452
     865       1.3189
     866       0.9984
     867       1.2719
     868       0.9932
     869       1.1329
     870       1.0068
     871       1.6835
     872       1.1171
     873       1.6024
     874       1.1353
     875       1.0647
     876       0.7573
     877       0.9557
     878       1.1386
     879       1.4406
     880       1.0894
     881       0.9681
     882       0.7829
     883       1.1284
     884       1.1428
     885       1.1349
     886       1.1836
     887       1.6059
     888       1.0591
     889       1.1364
     890       1.1184
     891       0.7962
     892       1.0503
     893       1.0048
     894       0.9840
     895       0.9611
     896       1.2920
     897       1.3150
     898       0.9114
     899       0.7700
     900       0.9995
     901       1.0177
     902       1.2112
     903       0.9722
     904       0.9470
     905       1.0849
     906       1.3466
     907       1.0106
     908       0.9919
     909       0.9154
     910       1.1178
     911       1.1658
     912       0.9874
     913       1.0091
     914       0.9228
     915       1.1263
     916       1.0079
     917       0.9666
     918       0.8689
     919       0.8314
     920       1.2658
     921       1.2747
     922       1.3881
     923       1.0619
     924       0.8765
     925       0.9637
     926       1.3187
     927       1.1298
     928       1.4345
     929       1.5107
     930       1.4847
     931       1.0976
     932       0.8801
     933       1.2331
     934       1.2775
     935       0.9275
     936       1.0522
     937       0.8413
     938       1.4444
     939       1.0195
     940       1.7721
     941       1.3797
     942       1.1692
     943       1.0890
     944       0.8733
     945       1.1419
     946       0.8849
     947       0.9615
     948       1.0695
     949       1.0767
     950       1.1102
     951       1.4591
     952       1.3669
     953       0.6487
     954       1.4109
     955       1.1646
     956       1.0522
     957       1.0218
     958       1.2993
     959       0.8908
     960       0.8520
     961       0.6486
     962       0.9583
     963       1.1071
     964       0.9531
     965       1.0445
     966       1.0182
     967       0.8998
     968       1.1981
     969       1.1859
     970       1.2749
     971       0.8462
     972       0.5717
     973       0.9523
     974       1.0551
     975       0.8119
     976       1.5793
     977       0.9074
     978       0.8487
     979       0.9130
     980       0.8269
     981       1.4443
     982       0.9938
     983       0.9050
     984       1.1491
     985       1.1386
     986       1.1690
     987       1.0181
     988       1.0614
     989       1.1469
     990       1.2308
     991       1.2433
     992       1.4727
     993       1.0821
     994       1.2933
     995       0.8058
     996       1.3912
     997       1.1388
     998       0.8801
     999       1.3742
    1000       1.2949
    1001       1.0024
    1002       0.7856
    1003       1.2119
    1004       1.0769
    1005       0.9307
    1006       1.1953
    1007       1.0303
    1008       0.9498
    1009       1.0798
    1010       0.9860
    1011       1.1229
    1012       1.3842
    1013       1.1854
    1014       1.0414
    1015       1.1839
    1016       1.1944
    1017       1.1974
    1018       1.4825
    1019       1.0888
    1020       1.1564
    1021       1.1468
    1022       1.2569
    1023       1.0893
    1024       1.4219
    1025       0.8451
    1026       1.1432
    1027       1.2580
    1028       1.0226
    1029       1.0601
    1030       0.9175
    1031       1.0247
    1032       0.9381
    1033       0.8693
    1034       1.0327
    1035       1.5704
    1036       1.2360
    1037       0.9100
    1038       0.8876
    1039       0.8606
    1040       1.0845
    1041       1.2510
    1042       0.6252
    1043       0.9596
    1044       0.7517
    1045       0.7795
    1046       1.2773
    1047       1.1880
    1048       1.1791
    1049       1.1133
    1050       0.9102
    1051       0.7831
    1052       1.3615
    1053       0.9931
    1054       1.5335
    1055       0.9713
    1056       1.2794
    1057       1.2221
    1058       0.9160
    1059       1.0718
    1060       1.1130
    1061       0.9009
    1062       1.1721
    1063       1.0326
    1064       1.2472
    1065       0.8031
    1066       1.1840
    1067       0.7811
    1068       1.2015
    1069       0.9481
    1070       0.9198
    1071       1.0193
    1072       1.1621
    1073       1.0929
    1074       1.0459
    1075       0.8798
    1076       1.1727
    1077       1.2285
    1078       0.9612
    1079       1.0979
    1080       0.8580
    1081       0.9819
    1082       0.7464
    1083       1.0369
    1084       0.8858
    1085       1.2300
    1086       1.1925
    1087       1.2547
    1088       1.3504
    1089       1.6074
    1090       1.1350
    1091       1.0995
    1092       1.0177
    1093       1.1262
    1094       1.6963
    1095       1.2947
    1096       1.5676
    1097       1.5150
    1098       1.3063
    1099       1.2133
    1100       1.4226
    1101       1.2767
    1102       1.2497
    1103       1.4667
    1104       0.9806
    1105       1.4242
    1106       1.5150
    1107       1.3998
    1108       1.6512
    1109       1.4842
    1110       1.2112
    1111       1.0961
    1112       1.3241
    1113       1.6968
    1114       1.3349
    1115       1.6858
    1116       1.4042
    1117       1.5243
    1118       1.4604
    1119       1.2541
    1120       1.5217
    1121       0.9724
    1122       1.3921
    1123       1.1233
    1124       1.4519
    1125       1.1727
    1126       1.3537
    1127       1.0482
    1128       1.5053
    1129       1.2485
    1130       1.1155
    1131       1.3348
    1132       1.1438
    1133       1.3603
    1134       1.2683
    1135       1.5503
    1136       1.4373
    1137       1.4686
    1138       1.0637
    1139       1.1480
    1140       1.3351
    1141       1.4464
    1142       1.5012
    1143       1.3066
    1144       1.5222
    1145       0.8701
    1146       1.2040
    1147       1.1348
    1148       1.1098
    1149       0.8627
    1150       0.9649
    1151       1.2084
    1152       1.0630
    1153       1.1716
    1154       0.9411
    1155       1.3551
    1156       1.5292
    1157       1.5656
    1158       1.0511
    1159       1.5728
    1160       1.2869
    1161       1.2373
    1162       1.1731
    1163       1.6020
    1164       1.2155
    1165       1.0738
    1166       1.1367
    1167       1.3378
    1168       1.2668
    1169       1.3773
    1170       1.1453
    1171       1.3652
    1172       1.0274
    1173       1.4765
    1174       1.4848
    1175       1.4710
    1176       1.5210
    1177       1.8796
    1178       1.2540
    1179       1.0446
    1180       1.6718
    1181       1.1459
    1182       1.2094
    1183       1.0914
    1184       1.3747
    1185       1.7382
    1186       1.1903
    1187       1.1224
    1188       1.1217
    1189       1.3855
    1190       1.0137
    1191       1.2216
    1192       1.3629
    1193       1.1924
    1194       1.3374
    1195       1.2867
    1196       1.3911
    1197       1.1349
    1198       1.2336
    1199       1.0135
    1200       1.2334
    1201       1.4397
    1202       1.1308
    1203       1.4932
    1204       1.2942
    1205       1.2396
    1206       1.3037
    1207       1.5350
    1208       1.0263
    1209       1.0105
    1210       1.2200
    1211       1.4812
    1212       1.2355
    1213       1.3887
    1214       1.2934
    1215       1.2227
    1216       1.1287
    1217       1.2658
    1218       1.3078
    1219       1.1922
    1220       1.5935
    1221       1.8834
    1222       0.9381
    1223       1.7287
    1224       1.5516
    1225       1.6438
    1226       1.4967
    1227       1.2363
    1228       1.3407
    1229       1.4546
    1230       1.1373
    1231       1.2945
    1232       1.1735
    1233       1.4267
    1234       1.1122
    1235       1.5891
    1236       1.5948
    1237       1.6051
    1238       0.7726
    1239       1.2546
    1240       1.0540
    1241       1.4136
    1242       0.9262
    1243       1.0894
    1244       1.5516
    1245       1.2417
    1246       1.2594
    1247       1.2646
    1248       1.5756
    1249       1.5179
    1250       1.1329
    1251       1.3647
    1252       1.3391
    1253       1.4429
    1254       1.6612
    1255       1.5576
    1256       1.8052
    1257       1.6762
    1258       1.4757
    1259       1.7030
    1260       1.6537
    1261       1.4544
    1262       1.4488
    1263       1.1663
    1264       1.9197
    1265       1.7309
    1266       1.2155
    1267       1.2562
    1268       1.5802
    1269       1.6722
    1270       1.8174
    1271       1.4468
    1272       1.2170
    1273       1.0413
    1274       1.0992
    1275       1.3084
    1276       1.4798
    1277       1.3893
    1278       1.0760
    1279       1.6281
    1280       1.3310
    1281       1.2264
    1282       1.3626
    1283       1.4808
    1284       1.5017
    1285       1.5365
    1286       1.0720
    1287       1.6188
    1288       1.7456
    1289       1.6757
    1290       1.5220
    1291       1.3608
    1292       0.9956
    1293       1.2423
    1294       1.4696
    1295       1.3111
    1296       1.6716
    1297       1.5801
    1298       1.3323
    1299       1.3166
    1300       1.4370
    1301       1.3575
    1302       1.6264
    1303       1.3235
    1304       1.5009
    1305       1.7891
    1306       1.4581
    1307       1.3254
    1308       1.7049
    1309       1.6069
    1310       1.4230
    1311       1.3512
    1312       1.5531
    1313       1.2320
    1314       1.3205
    1315       1.3791
    1316       1.3933
    1317       1.6753
    1318       1.5944
    1319       1.9294
    1320       1.2305
    1321       1.5233
    1322       1.6895
    1323       1.7640
    1324       1.3878
    1325       1.7608
    1326       1.5206
    1327       1.5975
    1328       1.5699
    1329       1.2835
    1330       1.6851
    1331       1.1982
    1332       1.3849
    1333       1.3621
    1334       1.6195
    1335       1.5662
    1336       1.5309
    1337       1.5657
    1338       1.7320
    1339       1.4633
    1340       1.6644
    1341       1.7062
    1342       1.3357
    1343       1.3726
    1344       1.7657
    1345       1.7732
    1346       1.4174
    1347       1.5797
    1348       1.5144
    1349       1.2284
    1350       1.4590
    1351       1.0439
    1352       1.0695
    1353       1.2697
    1354       1.1394
    1355       1.4891
    1356       1.4111
    1357       1.4022
    1358       1.4398
    1359       1.1943
    1360       1.6315
    1361       1.3871
    1362       1.6601
    1363       1.2362
    1364       1.9026
    1365       1.7570
    1366       1.5789
    1367       1.1191
    1368       1.3399
    1369       1.2693
    1370       1.2558
    1371       1.3177
    1372       1.4247
    1373       1.5786
    1374       1.2616
    1375       1.8113
    1376       1.0487
    1377       1.8668
    1378       1.5590
    1379       1.9962
    1380       1.5478
    1381       1.6120
    1382       1.4909
    1383       1.4362
    1384       1.2978
    1385       1.2792
    1386       0.9300
    1387       0.9952
    1388       1.1040
    1389       1.5038
    1390       1.1138
    1391       1.2246
    1392       1.3612
    1393       1.4121
    1394       1.1837
    1395       1.6382
    1396       1.6436
    1397       1.1834
    1398       1.3909
    1399       1.3799
    1400       1.0112
    1401       0.8794
    1402       1.3375
    1403       0.8314
    1404       0.9392
    1405       1.2582
    1406       0.8433
    1407       1.1348
    1408       1.4374
    1409       1.7509
    1410       1.2240
    1411       1.4748
    1412       1.2427
    1413       0.8993
    1414       1.4407
    1415       0.7946
    1416       1.2664
    1417       1.1372
    1418       1.4059
    1419       0.7971
    1420       1.0820
    1421       1.4565
    1422       0.9815
    1423       1.2980
    1424       1.2751
    1425       1.1050
    1426       1.1777
    1427       1.0886
    1428       1.1651
    1429       1.1259
    1430       1.1531
    1431       0.9181
    1432       1.6528
    1433       1.2911
    1434       1.2736
    1435       1.2140
    1436       1.2901
    1437       1.7052
    1438       1.0601
    1439       1.3762
    1440       1.6558
    1441       1.0696
    1442       1.0981
    1443       1.0144
    1444       1.0911
    1445       1.1134
    1446       1.2120
    1447       1.0429
    1448       0.9607
    1449       0.9348
    1450       1.2891
    1451       0.9447
    1452       1.4673
    1453       1.0547
    1454       0.9281
    1455       1.0700
    1456       1.3194
    1457       1.2132
    1458       1.3435
    1459       0.8676
    1460       1.1050
    1461       0.8480
    1462       1.1041
    1463       1.1540
    1464       0.4375
    1465       0.6219
    1466       1.0614
    1467       1.2401
    1468       1.2758
    1469       0.8634
    1470       0.8709
    1471       1.2929
    1472       0.5310
    1473       1.2039
    1474       1.1250
    1475       1.2512
    1476       1.0101
    1477       1.0793
    1478       1.3513
    1479       1.3171
    1480       1.2968
    1481       1.0049
    1482       1.1405
    1483       1.5044
    1484       0.8504
    1485       1.0916
    1486       0.9330
    1487       1.2641
    1488       1.2494
    1489       1.4765
    1490       1.4632
    1491       1.4745
    1492       1.0270
    1493       1.6032
    1494       1.2118
    1495       1.1230
    1496       1.1350
    1497       0.7058
    1498       1.0680
    1499       0.7128
    1500       0.8907
    1501       1.3018
    1502       0.7238
    1503       1.5207
    1504       1.5340
    1505       0.9667
    1506       1.0081
    1507       0.8570
    1508       1.1564
    1509       1.2868
    1510       1.3278
    1511       1.5634
    1512       1.1916
    1513       1.6131
    1514       1.2607
    1515       1.1531
    1516       1.1475
    1517       1.2095
    1518       1.3691
    1519       1.1900
    1520       0.9505
    1521       1.3157
    1522       1.6320
    1523       1.0808
    1524       1.1035
    1525       1.4021
    1526       1.0706
    1527       1.0979
    1528       1.1843
    1529       0.8109
    1530       1.0377
    1531       1.1910
    1532       1.2817
    1533       1.1274
    1534       0.9936
    1535       1.1840
    1536       1.0050
    1537       0.9065
    1538       1.0870
    1539       1.1864
    1540       1.2943
    1541       1.1677
    1542       1.1567
    1543       0.9059
    1544       1.0911
    1545       1.0701
    1546       1.0049
    1547       1.0195
    1548       0.9697
    1549       1.2503
    1550       1.1245
    1551       1.2990
    1552       0.8847
    1553       1.1928
    1554       1.4732
    1555       0.9675
    1556       1.3911
    1557       1.0755
    1558       1.0360
    1559       1.1064
    1560       0.9351
    1561       1.2353
    1562       1.4298
    1563       1.5952
    1564       1.4017
    1565       1.1670
    1566       1.3925
    1567       1.4751
    1568       1.0299
    1569       1.1281
    1570       1.0789
    1571       0.9134
    1572       1.1783
    1573       1.3962
    1574       1.4973
    1575       1.3166
    1576       0.8462
    1577       1.1598
    1578       1.5084
    1579       1.4591
    1580       1.1958
    1581       1.3212
    1582       0.7035
    1583       1.1123
    1584       0.7871
    1585       1.6431
    1586       1.2857
    1587       1.4172
    1588       0.9955
    1589       1.5848
    1590       1.0503
    1591       0.9877
    1592       1.4322
    1593       0.9086
    1594       1.1610
    1595       0.8165
    1596       1.0225
    1597       1.1366
    1598       1.2331
    1599       1.0746
    1600       1.0448
    1601       0.7690
    1602       1.0763
    1603       1.0801
    1604       0.9702
    1605       1.1448
    1606       1.3891
    1607       1.0395
    1608       1.2182
    1609       0.9588
    1610       1.1306
    1611       1.3074
    1612       0.9528
    1613       1.0980
    1614       1.0444
    1615       1.0575
    1616       0.9964
    1617       1.0881
    1618       0.9394
    1619       0.7279
    1620       1.3501
    1621       1.3321
    1622       0.9096
    1623       1.2544
    1624       0.9667
    1625       1.0410
    1626       1.3630
    1627       1.4853
    1628       1.2538
    1629       1.0401
    1630       1.3958
    1631       1.1587
    1632       1.1300
    1633       1.3516
    1634       1.3040
    1635       1.0702
    1636       0.9600
    1637       1.1302
    1638       1.0697
    1639       1.2215
    1640       1.0778
    1641       1.1081
    1642       1.1763
    1643       1.1954
    1644       1.0738
    1645       1.1688
    1646       1.1454
    1647       1.5694
    1648       1.4200
    1649       1.3551
    1650       0.9188
    1651       1.2696
    1652       1.4301
    1653       1.2331
    1654       1.6349
    1655       1.5235
    1656       1.4602
    1657       1.4467
    1658       1.4367
    1659       1.9489
    1660       1.4875
    1661       1.2924
    1662       1.1836
    1663       1.6131
    1664       1.1269
    1665       1.1963
    1666       1.2105
    1667       1.2970
    1668       1.0344
    1669       1.1692
    1670       1.2337
    1671       1.3053
    1672       1.2712
    1673       1.4176
    1674       1.2411
    1675       1.7929
    1676       1.5392
    1677       1.1709
    1678       1.5109
    1679       1.3848
    1680       1.2557
    1681       1.1096
    1682       1.4338
    1683       1.4946
    1684       1.1513
    1685       1.3203
    1686       1.2445
    1687       1.5621
    1688       1.2685
    1689       1.2356
    1690       1.3902
    1691       1.4123
    1692       1.0051
    1693       1.3292
    1694       1.3024
    1695       1.1728
    1696       1.3584
    1697       1.4631
    1698       1.2003
    1699       1.3520
    1700       1.4310
    1701       1.5222
    1702       1.6136
    1703       1.5400
    1704       1.6920
    1705       1.5510
    1706       1.7405
    1707       1.4253
    1708       1.6694
    1709       1.8440
    1710       1.5008
    1711       1.4547
    1712       1.3064
    1713       1.5762
    1714       1.6001
    1715       1.6765
    1716       1.5701
    1717       1.3760
    1718       1.4093
    1719       1.7144
    1720       1.4015
    1721       1.1959
    1722       1.5062
    1723       1.5108
    1724       1.4799
    1725       1.5214
    1726       1.3361
    1727       1.2291
    1728       1.1147
    1729       1.4128
    1730       1.3438
    1731       1.3797
    1732       1.4828
    1733       0.9971
    1734       1.1862
    1735       1.0454
    1736       0.9709
    1737       0.8617
    1738       1.1135
    1739       1.1534
    1740       0.8788
    1741       0.8500
    1742       1.1454
    1743       1.0413
    1744       1.2834
    1745       0.8847
    1746       1.2427
    1747       1.4316
    1748       1.2991
    1749       1.2264
    1750       1.0023
    1751       0.9729
    1752       1.1764
    1753       1.0038
    1754       1.6231
    1755       1.0060
    1756       1.3498
    1757       1.2377
    1758       1.3317
    1759       0.8683
    1760       1.1429
    1761       1.2271
    1762       1.1606
    1763       1.1268
    1764       1.0310
    1765       1.3324
    1766       0.8558
    1767       1.2263
    1768       1.0750
    1769       1.3100
    1770       1.3165
    1771       1.0530
    1772       1.0266
    1773       1.3431
    1774       1.2316
    1775       1.2263
    1776       1.2975
    1777       1.4195
    1778       1.1905
    1779       0.9173
    1780       1.1307
    1781       1.3288
    1782       1.2971
    1783       1.1851
    1784       0.7214
    1785       1.0802
    1786       1.1914
    1787       1.0304
    1788       0.6762
    1789       0.9274
    1790       1.1827
    1791       1.5068
    1792       1.1625
    1793       1.3605
    1794       0.7155
    1795       0.9003
    1796       0.7791
    1797       1.1415
    1798       1.1917
    1799       0.9597
    1800       1.0555
    1801       1.1881
    1802       1.0683
    1803       1.8087
    1804       1.4291
    1805       1.0229
    1806       1.3994
    1807       1.3775
    1808       1.3754
    1809       0.9073
    1810       1.0468
    1811       1.3259
    1812       1.2077
    1813       0.9173
    1814       1.3646
    1815       1.0838
    1816       1.2692
    1817       1.0100
    1818       1.4619
    1819       1.2428
    1820       1.2805
    1821       1.5692
    1822       1.3976
    1823       1.3777
    1824       1.5343
    1825       1.2357
    1826       1.3852
    1827       1.5800
    1828       1.3905
    1829       1.3070
    1830       1.1384
    1831       1.2648
    1832       1.3701
    1833       1.2900
    1834       1.1716
    1835       1.3297
    1836       1.5059
    1837       1.2322
    1838       1.5533
    1839       1.4158
    1840       1.6201
    1841       1.1291
    1842       1.6246
    1843       1.3543
    1844       1.3809
    1845       1.0522
    1846       1.5130
    1847       1.0460
    1848       1.7517
    1849       1.6991
    1850       1.6334
    1851       1.1975
    1852       1.9169
    1853       1.3990
    1854       1.9668
    1855       1.4381
    1856       1.7158
    1857       1.7542
    1858       1.2655
    1859       1.6860
    1860       1.6495
    1861       2.0544
    1862       1.6179
    1863       1.1763
    1864       1.8979
    1865       1.3045
    1866       1.9727
    1867       1.8716
    1868       1.4504
    1869       1.4415
    1870       1.7745
    1871       1.6711
    1872       1.9490
    1873       1.5225
    1874       1.3336
    1875       1.3900
    1876       1.2819
    1877       1.2806
    1878       1.6479
    1879       1.6137
    1880       1.6139
    1881       1.8340
    1882       1.5720
    1883       1.9297
    1884       1.9673
    1885       1.7516
    1886       1.7522
    1887       1.2855
    1888       1.7884
    1889       1.9208
    1890       1.3443
    1891       1.2529
    1892       1.5783
    1893       1.3480
    1894       1.6823
    1895       1.6988
    1896       1.8951
    1897       1.4669
    1898       2.0380
    1899       1.6339
    1900       1.4670
    1901       1.3166
    1902       1.4923
    1903       0.9324
    1904       1.5807
    1905       1.2947
    1906       1.3901
    1907       1.5991
    1908       1.5566
    1909       1.7390
    1910       1.1763
    1911       1.4683
    1912       1.2145
    1913       1.5936
    1914       1.6838
    1915       1.2844
    1916       1.9542
    1917       1.6642
    1918       1.3491
    1919       1.2148
    1920       1.3167
    1921       1.0817
    1922       1.2580
    1923       1.4058
    1924       1.5219
    1925       1.5913
    1926       1.0816
    1927       1.2311
    1928       1.2261
    1929       0.9782
    1930       1.4073
    1931       1.0320
    1932       1.0386
    1933       1.2524
    1934       1.2869
    1935       1.0977
    1936       0.9340
    1937       1.3848
    1938       1.1822
    1939       1.2705
    1940       1.5634
    1941       0.9995
    1942       0.9893
    1943       0.8748
    1944       1.0932
    1945       1.2194
    1946       0.8997
    1947       1.0632
    1948       0.8945
    1949       1.6009
    1950       1.2172
    1951       1.6335
    1952       1.1390
    1953       1.3295
    1954       1.1419
    1955       1.4339
    1956       1.6895
    1957       0.8905
    1958       0.9262
    1959       1.0308
    1960       1.1215
    1961       1.2351
    1962       1.0357
    1963       1.3981
    1964       0.9850
    1965       1.0199
    1966       1.0757
    1967       1.0023
    1968       1.1409
    1969       0.9558
    1970       1.2970
    1971       0.8799
    1972       1.1082
    1973       1.0060
    1974       1.3280
    1975       1.1106
    1976       1.1677
    1977       0.9415
    1978       1.0281
    1979       1.0097
    1980       1.0121
    1981       0.7220
    1982       0.7855
    1983       1.1543
    1984       1.2155
    1985       1.1003
    1986       1.0182
    1987       1.3121
    1988       0.9704
    1989       1.1961
    1990       1.3456
    1991       1.4429
    1992       1.2063
    1993       1.2199
    1994       1.2454
    1995       1.0464
    1996       0.8385
    1997       1.5095
    1998       0.9854
    1999       1.2130
    2000       1.4480
