#Frame              d
       1      15.0795
       2      14.7468
       3      14.7024
       4      15.0570
       5      15.1989
       6      15.5127
       7      15.1851
       8      15.1952
       9      15.6181
      10      15.1714
      11      15.1259
      12      15.5620
      13      15.3987
      14      14.9671
      15      15.0262
      16      14.9597
      17      14.8306
      18      14.9019
      19      14.6514
      20      15.0228
      21      15.7117
      22      15.4664
      23      15.1838
      24      14.8777
      25      14.9406
      26      15.5413
      27      15.5786
      28      14.8200
      29      14.7966
      30      14.2835
      31      14.8729
      32      15.6454
      33      15.2930
      34      15.0595
      35      14.6884
      36      14.7316
      37      15.0024
      38      15.0254
      39      14.9799
      40      15.0594
      41      15.1828
      42      14.9288
      43      14.9927
      44      14.9138
      45      14.9646
      46      14.8613
      47      14.9601
      48      14.9094
      49      14.7724
      50      14.9112
      51      14.3358
      52      14.2277
      53      14.1528
      54      14.7459
      55      14.2599
      56      14.0685
      57      15.0898
      58      14.8077
      59      14.9814
      60      14.9906
      61      14.6983
      62      14.5404
      63      14.5623
      64      13.9129
      65      14.7193
      66      14.6748
      67      14.9125
      68      14.6732
      69      14.5810
      70      14.5987
      71      14.5997
      72      14.9339
      73      14.8688
      74      15.0048
      75      14.6366
      76      14.5917
      77      14.6441
      78      14.4833
      79      13.9023
      80      14.6471
      81      13.6054
      82      14.0195
      83      14.2021
      84      14.2926
      85      14.5637
      86      14.9651
      87      14.7627
      88      15.0509
      89      14.8261
      90      14.6165
      91      14.7281
      92      14.3895
      93      14.7599
      94      15.0732
      95      14.7104
      96      14.8692
      97      14.6651
      98      15.2742
      99      14.9047
     100      14.5389
     101      14.7859
     102      14.8909
     103      14.8900
     104      14.6988
     105      14.9787
     106      15.1531
     107      15.1897
     108      14.9163
     109      14.7976
     110      14.4422
     111      15.3250
     112      14.9495
     113      15.2480
     114      15.1582
     115      15.0064
     116      15.5434
     117      14.6925
     118      15.5011
     119      14.8174
     120      15.0489
     121      15.0589
     122      15.2543
     123      15.1493
     124      14.9793
     125      15.4862
     126      15.2504
     127      15.3616
     128      15.4570
     129      14.9750
     130      15.3350
     131      15.5786
     132      15.2838
     133      15.3068
     134      15.4024
     135      14.9643
     136      15.0250
     137      15.0756
     138      15.3712
     139      15.3607
     140      15.3884
     141      15.1382
     142      15.0983
     143      15.8539
     144      15.6750
     145      15.6310
     146      15.0350
     147      14.4357
     148      15.2484
     149      15.0136
     150      14.7806
     151      15.0006
     152      14.8817
     153      14.8470
     154      14.8226
     155      14.9960
     156      14.8640
     157      15.0750
     158      14.8367
     159      15.2114
     160      14.8003
     161      14.4888
     162      14.5185
     163      14.6456
     164      14.5079
     165      15.1220
     166      15.0767
     167      15.2038
     168      15.3110
     169      14.9438
     170      15.0348
     171      15.0648
     172      14.9780
     173      14.7775
     174      14.9894
     175      14.9382
     176      15.0617
     177      14.8600
     178      14.3377
     179      15.0693
     180      15.1187
     181      15.1709
     182      14.8377
     183      14.7349
     184      14.7658
     185      14.8703
     186      14.9144
     187      14.9144
     188      14.4590
     189      14.2040
     190      14.4896
     191      15.1330
     192      14.7838
     193      14.2185
     194      14.5620
     195      14.2920
     196      14.1411
     197      14.3462
     198      14.6551
     199      14.7982
     200      14.5313
     201      14.4649
     202      14.5562
     203      14.7007
     204      14.9696
     205      15.0244
     206      15.1732
     207      14.4870
     208      14.3403
     209      15.0933
     210      14.7332
     211      14.3207
     212      14.8147
     213      15.2399
     214      14.9421
     215      15.4482
     216      14.8587
     217      14.6911
     218      15.0768
     219      14.7538
     220      14.7423
     221      14.5081
     222      14.8049
     223      15.0533
     224      14.9587
     225      14.9002
     226      14.8090
     227      15.1585
     228      14.7098
     229      14.0647
     230      14.2858
     231      14.5575
     232      14.9272
     233      14.4627
     234      14.8489
     235      14.8839
     236      15.3047
     237      14.7516
     238      14.8564
     239      14.9648
     240      14.6406
     241      14.4977
     242      14.3669
     243      15.0149
     244      15.3472
     245      14.8940
     246      15.2772
     247      14.4807
     248      14.5951
     249      15.2660
     250      15.3202
     251      15.3712
     252      15.4144
     253      15.4266
     254      15.2243
     255      15.1423
     256      14.7665
     257      15.2948
     258      14.9218
     259      14.7956
     260      14.9059
     261      15.2856
     262      15.2194
     263      14.8034
     264      14.6917
     265      15.6536
     266      15.0565
     267      15.1192
     268      15.1153
     269      15.0575
     270      14.9718
     271      15.0159
     272      15.2891
     273      15.1469
     274      15.1444
     275      15.1746
     276      15.1607
     277      14.8260
     278      15.0472
     279      14.7560
     280      14.9895
     281      15.1685
     282      15.3748
     283      14.8230
     284      15.1351
     285      15.3135
     286      15.4904
     287      15.6354
     288      15.2458
     289      15.1936
     290      15.3135
     291      14.9156
     292      14.9909
     293      15.2984
     294      15.5383
     295      15.3803
     296      15.7859
     297      14.9727
     298      14.9443
     299      15.1517
     300      15.4501
     301      15.2134
     302      15.4032
     303      15.3774
     304      15.4053
     305      15.3540
     306      15.2434
     307      15.1814
     308      15.0747
     309      14.9946
     310      15.5585
     311      15.5355
     312      15.0797
     313      15.0618
     314      15.2056
     315      15.2711
     316      15.2596
     317      15.1356
     318      15.3361
     319      15.0713
     320      15.0153
     321      15.0963
     322      14.9855
     323      15.1269
     324      15.1501
     325      14.9923
     326      15.1555
     327      15.0112
     328      15.0529
     329      15.2877
     330      15.0107
     331      15.2006
     332      15.1033
     333      15.0951
     334      15.1774
     335      15.2554
     336      15.5354
     337      15.6363
     338      15.1073
     339      15.2058
     340      14.9449
     341      15.4000
     342      14.9868
     343      14.9457
     344      15.2500
     345      14.9949
     346      15.3685
     347      14.9292
     348      14.9849
     349      15.1514
     350      15.1202
     351      14.8850
     352      14.7952
     353      14.8990
     354      15.1735
     355      15.4196
     356      14.8388
     357      15.0686
     358      15.4003
     359      14.7221
     360      14.5705
     361      15.2952
     362      14.8333
     363      14.7630
     364      15.6588
     365      14.8397
     366      14.8910
     367      15.3678
     368      15.4563
     369      14.9194
     370      15.2029
     371      14.7621
     372      15.0739
     373      15.2409
     374      14.7027
     375      14.9603
     376      15.2395
     377      15.6578
     378      15.1919
     379      14.7916
     380      15.5438
     381      15.4882
     382      15.2472
     383      15.2543
     384      15.0614
     385      15.3979
     386      14.7619
     387      14.8897
     388      14.7545
     389      14.4515
     390      15.3152
     391      14.8980
     392      14.6067
     393      14.9799
     394      15.2312
     395      15.0498
     396      15.2491
     397      15.4633
     398      15.5493
     399      15.1742
     400      15.4141
     401      15.2035
     402      15.2031
     403      15.0255
     404      14.9938
     405      15.0579
     406      14.9528
     407      15.5275
     408      15.5649
     409      15.8961
     410      15.4837
     411      15.7011
     412      14.9932
     413      15.2485
     414      14.5653
     415      15.6181
     416      15.3683
     417      15.2015
     418      15.3123
     419      15.2579
     420      14.9218
     421      15.2046
     422      15.3205
     423      14.8769
     424      15.1103
     425      14.9985
     426      15.0227
     427      14.9736
     428      15.1150
     429      14.9698
     430      15.2079
     431      15.3515
     432      15.0035
     433      15.2774
     434      15.1452
     435      15.0127
     436      14.4838
     437      14.9750
     438      15.0463
     439      14.9746
     440      15.0868
     441      15.1981
     442      15.0513
     443      15.2518
     444      14.9592
     445      15.1428
     446      15.1606
     447      15.4988
     448      15.5303
     449      15.3916
     450      15.4198
     451      14.8407
     452      15.2331
     453      15.3149
     454      15.1068
     455      15.6610
     456      15.6053
     457      15.0389
     458      15.4461
     459      15.2785
     460      14.8502
     461      14.9571
     462      15.1598
     463      15.2687
     464      15.1258
     465      14.8160
     466      14.9765
     467      15.1564
     468      15.4161
     469      14.6657
     470      15.3210
     471      14.9057
     472      15.3341
     473      15.3733
     474      15.3015
     475      14.9792
     476      15.1468
     477      15.6869
     478      15.7617
     479      15.2769
     480      15.0001
     481      15.2906
     482      14.8586
     483      15.0868
     484      14.9869
     485      15.1156
     486      15.3538
     487      15.4203
     488      15.5832
     489      15.4613
     490      15.1030
     491      15.2072
     492      14.9213
     493      14.8343
     494      15.3407
     495      14.8173
     496      14.7429
     497      14.7561
     498      14.7825
     499      14.5512
     500      14.9163
     501      15.3496
     502      14.9004
     503      15.3609
     504      15.4518
     505      15.2991
     506      15.5457
     507      15.3709
     508      15.3866
     509      15.5396
     510      15.4421
     511      15.3587
     512      14.8478
     513      14.9993
     514      15.2806
     515      14.8703
     516      15.2653
     517      15.0319
     518      15.1323
     519      15.1581
     520      14.8695
     521      14.9485
     522      15.3074
     523      15.0240
     524      15.4105
     525      15.4668
     526      15.0561
     527      15.3337
     528      15.0632
     529      15.0932
     530      15.2894
     531      14.9871
     532      15.3394
     533      14.6704
     534      14.8745
     535      15.1662
     536      14.3270
     537      14.6732
     538      14.7599
     539      14.6746
     540      14.9338
     541      15.1493
     542      15.2148
     543      15.0269
     544      15.4569
     545      14.7974
     546      15.6521
     547      14.8086
     548      15.3361
     549      15.4611
     550      15.6254
     551      15.2977
     552      15.6347
     553      15.2839
     554      15.1542
     555      14.8739
     556      15.2017
     557      15.2955
     558      15.9735
     559      15.5353
     560      15.5290
     561      14.6267
     562      15.5002
     563      15.2292
     564      14.9488
     565      15.1422
     566      15.2187
     567      14.7297
     568      15.1204
     569      15.5003
     570      15.1144
     571      15.2512
     572      15.1509
     573      15.4194
     574      15.4035
     575      15.0897
     576      14.8464
     577      15.3518
     578      14.4489
     579      14.4911
     580      15.1720
     581      15.0779
     582      15.2078
     583      15.3195
     584      15.5721
     585      15.5008
     586      14.9992
     587      15.3268
     588      15.2640
     589      15.0745
     590      15.4581
     591      15.2559
     592      15.2213
     593      15.6400
     594      15.3533
     595      16.1304
     596      15.0469
     597      14.7523
     598      14.8502
     599      15.3063
     600      15.2899
     601      15.1055
     602      15.1091
     603      15.2336
     604      15.1459
     605      15.2609
     606      15.5332
     607      15.5415
     608      15.9596
     609      15.7146
     610      15.4307
     611      14.9953
     612      15.2055
     613      15.2840
     614      15.4354
     615      15.4637
     616      14.9590
     617      15.2942
     618      15.3412
     619      15.5769
     620      15.3631
     621      15.3439
     622      15.3545
     623      15.6543
     624      14.6929
     625      15.1092
     626      15.2166
     627      15.1477
     628      15.0755
     629      15.1775
     630      15.2283
     631      15.5911
     632      15.3563
     633      15.1135
     634      15.4415
     635      15.4202
     636      14.7666
     637      15.2236
     638      15.5646
     639      15.2224
     640      15.0530
     641      14.9283
     642      14.9833
     643      15.3600
     644      14.9058
     645      14.6825
     646      15.0479
     647      15.1884
     648      15.3190
     649      15.3899
     650      14.9480
     651      15.5235
     652      15.0873
     653      14.5388
     654      14.9284
     655      14.3013
     656      14.4457
     657      14.4890
     658      15.4011
     659      15.0259
     660      15.6574
     661      15.5319
     662      15.1363
     663      15.6355
     664      14.9647
     665      15.1340
     666      14.9485
     667      15.0084
     668      15.2151
     669      15.0439
     670      14.8134
     671      15.1815
     672      15.3230
     673      15.0157
     674      15.2644
     675      14.8122
     676      14.9280
     677      14.4623
     678      14.8635
     679      15.1846
     680      14.6523
     681      15.2808
     682      15.2266
     683      15.1061
     684      15.3894
     685      14.7467
     686      15.2004
     687      14.6214
     688      15.0819
     689      14.5823
     690      14.9069
     691      14.8863
     692      15.4227
     693      15.4577
     694      14.8524
     695      14.7517
     696      14.4008
     697      14.7601
     698      15.0959
     699      15.1615
     700      15.2721
     701      15.2939
     702      15.1238
     703      15.1635
     704      14.8922
     705      15.0354
     706      15.1324
     707      14.8437
     708      14.5574
     709      14.8955
     710      14.7959
     711      14.7346
     712      14.6105
     713      15.2132
     714      14.8233
     715      14.5753
     716      14.4817
     717      15.3774
     718      15.0290
     719      14.5887
     720      14.5244
     721      14.7935
     722      14.6241
     723      14.3045
     724      14.5455
     725      15.1703
     726      15.1290
     727      15.0167
     728      15.5108
     729      14.7075
     730      15.1941
     731      15.5134
     732      15.1441
     733      15.2084
     734      15.4748
     735      15.1526
     736      15.2046
     737      15.4918
     738      15.3541
     739      15.3842
     740      14.7397
     741      15.0062
     742      15.3688
     743      15.1332
     744      15.3086
     745      15.0207
     746      14.4712
     747      14.7323
     748      15.2419
     749      14.9722
     750      15.3428
     751      14.9053
     752      15.0286
     753      14.8247
     754      14.9312
     755      14.7383
     756      14.9979
     757      14.9734
     758      14.7149
     759      14.9585
     760      14.7213
     761      15.5682
     762      15.4387
     763      14.6766
     764      15.1542
     765      14.9091
     766      14.7352
     767      14.4654
     768      14.8029
     769      14.8405
     770      15.2634
     771      14.8186
     772      14.5248
     773      14.8724
     774      15.2270
     775      15.2344
     776      15.0586
     777      14.9674
     778      14.8281
     779      14.8345
     780      14.6941
     781      15.0915
     782      14.9051
     783      14.7731
     784      14.7211
     785      14.5185
     786      14.6636
     787      14.7639
     788      15.0506
     789      14.6690
     790      15.0110
     791      14.5012
     792      14.5395
     793      14.7774
     794      15.1108
     795      14.7818
     796      14.9346
     797      14.8770
     798      14.4821
     799      15.1937
     800      14.7477
     801      14.6547
     802      14.7671
     803      15.1384
     804      14.8547
     805      14.7481
     806      14.2668
     807      14.1918
     808      14.6622
     809      15.0086
     810      14.7344
     811      14.4667
     812      14.6094
     813      15.0455
     814      14.5316
     815      14.9144
     816      15.0014
     817      14.1488
     818      14.6769
     819      14.6350
     820      14.9976
     821      14.3632
     822      14.7371
     823      14.7910
     824      14.8085
     825      14.4783
     826      14.4937
     827      14.5260
     828      14.4791
     829      14.6083
     830      14.2529
     831      14.6586
     832      14.1596
     833      14.4421
     834      14.7499
     835      14.4655
     836      14.6552
     837      14.4707
     838      14.8233
     839      14.8280
     840      14.6803
     841      15.2217
     842      15.3782
     843      14.6624
     844      15.1622
     845      14.9795
     846      15.0056
     847      15.0184
     848      14.4467
     849      14.5887
     850      14.6057
     851      14.9129
     852      14.9154
     853      15.3296
     854      14.9663
     855      15.0167
     856      14.8105
     857      15.2384
     858      14.9269
     859      15.1980
     860      14.6413
     861      14.7405
     862      15.0800
     863      14.8538
     864      15.1532
     865      14.9041
     866      14.6761
     867      14.7834
     868      15.2083
     869      14.5343
     870      14.8983
     871      15.0020
     872      14.7730
     873      15.2172
     874      15.1329
     875      14.7989
     876      15.3294
     877      15.0990
     878      15.2346
     879      15.3192
     880      15.1268
     881      14.8371
     882      15.1308
     883      14.7361
     884      14.8836
     885      15.0798
     886      14.9604
     887      14.9149
     888      15.3300
     889      15.3554
     890      14.8470
     891      15.1667
     892      15.3901
     893      15.3594
     894      15.0793
     895      15.1728
     896      15.3620
     897      15.1871
     898      14.9934
     899      14.9885
     900      14.7819
     901      14.9109
     902      15.3376
     903      14.8419
     904      15.0341
     905      14.7185
     906      15.1756
     907      14.7836
     908      14.4301
     909      14.6931
     910      14.5529
     911      15.0978
     912      14.4591
     913      14.6926
     914      14.5925
     915      14.6492
     916      14.5306
     917      14.9260
     918      15.2744
     919      15.0383
     920      15.6854
     921      15.6368
     922      15.6790
     923      16.1662
     924      15.7174
     925      15.7115
     926      15.9355
     927      15.8409
     928      15.6051
     929      15.6592
     930      15.4033
     931      15.8453
     932      15.6442
     933      15.8797
     934      15.8756
     935      15.3553
     936      15.9808
     937      16.2431
     938      15.7905
     939      15.7646
     940      15.6610
     941      15.7339
     942      14.9625
     943      15.1406
     944      14.9983
     945      14.4810
     946      14.9700
     947      14.5914
     948      14.7017
     949      14.7164
     950      15.1655
     951      15.0426
     952      15.1233
     953      14.8979
     954      14.8489
     955      15.0545
     956      14.4641
     957      14.9077
     958      15.2253
     959      15.0804
     960      14.6836
     961      14.7553
     962      14.9200
     963      15.0261
     964      14.8119
     965      15.2059
     966      14.8318
     967      15.1271
     968      14.9692
     969      14.7597
     970      14.9706
     971      15.5435
     972      15.3624
     973      14.4155
     974      14.9133
     975      15.2914
     976      15.3419
     977      15.2802
     978      15.1491
     979      15.1438
     980      15.2526
     981      15.4768
     982      15.5631
     983      15.5988
     984      14.6962
     985      14.0913
     986      14.3263
     987      14.2386
     988      13.3004
     989      13.4470
     990      13.7276
     991      14.4420
     992      14.7479
     993      14.6886
     994      15.4271
     995      14.6217
     996      15.0480
     997      14.8814
     998      14.9791
     999      15.1748
    1000      15.1504
    1001      14.9544
    1002      14.5320
    1003      14.8093
    1004      14.5567
    1005      14.9970
    1006      14.9438
    1007      15.1078
    1008      15.3165
    1009      15.1996
    1010      15.0326
    1011      14.9939
    1012      14.9204
    1013      15.8104
    1014      15.3980
    1015      14.9052
    1016      14.6402
    1017      14.5468
    1018      14.2841
    1019      14.5573
    1020      14.8114
    1021      15.0659
    1022      14.8797
    1023      15.3480
    1024      14.7992
    1025      14.6758
    1026      14.8791
    1027      15.1142
    1028      14.9423
    1029      14.7568
    1030      14.6016
    1031      15.0056
    1032      14.6203
    1033      14.6257
    1034      14.6453
    1035      15.2975
    1036      14.4935
    1037      14.7305
    1038      14.6979
    1039      14.4825
    1040      14.6929
    1041      15.1872
    1042      14.6483
    1043      14.3705
    1044      15.2867
    1045      15.0035
    1046      14.8393
    1047      15.0440
    1048      14.9469
    1049      14.8717
    1050      15.3503
    1051      15.2469
    1052      15.2941
    1053      15.2823
    1054      15.2498
    1055      15.0430
    1056      15.2696
    1057      15.0482
    1058      15.1858
    1059      14.8938
    1060      15.4038
    1061      14.9471
    1062      14.7329
    1063      14.7611
    1064      14.8541
    1065      15.2502
    1066      14.3505
    1067      14.6732
    1068      15.0734
    1069      14.9390
    1070      15.3931
    1071      15.4805
    1072      15.2132
    1073      15.0940
    1074      15.1312
    1075      15.4812
    1076      15.6147
    1077      15.1055
    1078      15.2521
    1079      14.8773
    1080      15.0481
    1081      14.6372
    1082      14.9927
    1083      14.5252
    1084      14.3634
    1085      14.6606
    1086      15.3706
    1087      15.6263
    1088      15.6678
    1089      15.3229
    1090      14.8553
    1091      14.6774
    1092      14.8244
    1093      15.1303
    1094      15.3853
    1095      14.8558
    1096      14.6685
    1097      14.7612
    1098      14.3866
    1099      14.3858
    1100      14.2049
    1101      14.6885
    1102      14.9500
    1103      14.5632
    1104      14.9506
    1105      15.1064
    1106      15.1095
    1107      15.0866
    1108      15.3160
    1109      15.6228
    1110      15.3059
    1111      15.9741
    1112      14.9416
    1113      15.5165
    1114      15.3894
    1115      15.1435
    1116      15.9496
    1117      15.0739
    1118      15.1867
    1119      15.5012
    1120      15.4626
    1121      15.7465
    1122      15.1285
    1123      15.3068
    1124      15.6364
    1125      15.9144
    1126      15.1286
    1127      14.6737
    1128      15.1550
    1129      15.6564
    1130      15.3248
    1131      15.4557
    1132      15.5519
    1133      14.9251
    1134      15.0789
    1135      15.0842
    1136      15.4935
    1137      15.3502
    1138      14.8448
    1139      14.9458
    1140      14.7400
    1141      14.3748
    1142      14.7020
    1143      14.6142
    1144      14.7422
    1145      15.3459
    1146      14.5502
    1147      14.9320
    1148      14.8771
    1149      14.7405
    1150      14.2739
    1151      14.6551
    1152      14.7231
    1153      14.7256
    1154      14.5834
    1155      14.5268
    1156      14.3621
    1157      14.4280
    1158      14.5982
    1159      13.6027
    1160      14.3008
    1161      14.1272
    1162      14.8744
    1163      15.0115
    1164      14.8262
    1165      14.5941
    1166      14.6063
    1167      14.4523
    1168      14.7977
    1169      14.8289
    1170      15.0975
    1171      15.4305
    1172      14.8065
    1173      14.8942
    1174      13.7686
    1175      14.0668
    1176      13.9888
    1177      14.5872
    1178      14.3020
    1179      14.5363
    1180      14.5513
    1181      14.9184
    1182      15.5282
    1183      14.9979
    1184      15.0160
    1185      15.0963
    1186      15.2023
    1187      15.6436
    1188      15.3823
    1189      14.1421
    1190      14.9384
    1191      15.1129
    1192      14.7588
    1193      14.8886
    1194      14.8263
    1195      15.6970
    1196      14.8490
    1197      14.8646
    1198      14.9217
    1199      14.9136
    1200      15.1037
    1201      14.9279
    1202      15.3573
    1203      15.0003
    1204      14.8093
    1205      15.2214
    1206      15.1351
    1207      14.5117
    1208      14.7219
    1209      14.8513
    1210      14.8076
    1211      14.6865
    1212      14.7213
    1213      14.9079
    1214      15.1339
    1215      14.9540
    1216      15.1793
    1217      14.6669
    1218      14.8553
    1219      15.0205
    1220      14.9748
    1221      15.2155
    1222      14.9644
    1223      15.1009
    1224      15.3514
    1225      15.4109
    1226      14.6899
    1227      15.1342
    1228      14.6946
    1229      15.1706
    1230      14.3627
    1231      14.3359
    1232      14.8699
    1233      14.4689
    1234      14.5565
    1235      14.7178
    1236      14.9504
    1237      14.6799
    1238      15.0837
    1239      14.9958
    1240      14.5792
    1241      14.0748
    1242      14.8162
    1243      14.8288
    1244      14.4873
    1245      14.7441
    1246      15.1454
    1247      14.7597
    1248      14.7683
    1249      14.5579
    1250      14.7940
    1251      14.3967
    1252      14.3586
    1253      14.3836
    1254      14.4499
    1255      14.7182
    1256      14.8326
    1257      14.2761
    1258      14.5568
    1259      14.5168
    1260      14.5470
    1261      14.4243
    1262      15.1290
    1263      15.2870
    1264      14.8988
    1265      15.1377
    1266      14.9313
    1267      15.0149
    1268      14.5154
    1269      15.1076
    1270      14.7845
    1271      14.7332
    1272      14.4366
    1273      15.0733
    1274      14.7791
    1275      14.9722
    1276      14.5948
    1277      14.2795
    1278      14.4717
    1279      14.7179
    1280      14.3078
    1281      14.6673
    1282      14.5893
    1283      14.5340
    1284      14.9131
    1285      15.1390
    1286      14.4906
    1287      14.6578
    1288      15.0724
    1289      15.2640
    1290      15.0354
    1291      15.1422
    1292      15.3675
    1293      15.2030
    1294      14.7564
    1295      14.6490
    1296      15.1423
    1297      15.4858
    1298      14.7947
    1299      15.0280
    1300      14.6786
    1301      14.6715
    1302      14.7212
    1303      14.5265
    1304      14.4667
    1305      14.6711
    1306      14.8700
    1307      14.5886
    1308      15.1616
    1309      14.7394
    1310      14.9885
    1311      15.0478
    1312      14.7599
    1313      14.9764
    1314      14.7615
    1315      14.9871
    1316      14.6988
    1317      14.8584
    1318      14.9014
    1319      14.9402
    1320      15.1196
    1321      15.0858
    1322      14.8550
    1323      14.9650
    1324      15.2454
    1325      14.5449
    1326      15.2606
    1327      15.1894
    1328      15.4588
    1329      14.6387
    1330      15.1427
    1331      15.3724
    1332      15.3333
    1333      15.2584
    1334      15.3358
    1335      15.2774
    1336      15.2555
    1337      15.0131
    1338      15.1908
    1339      15.2333
    1340      15.5475
    1341      14.6173
    1342      15.2899
    1343      15.0668
    1344      15.8865
    1345      15.5102
    1346      15.8337
    1347      15.0987
    1348      15.4244
    1349      15.7341
    1350      15.9550
    1351      15.2342
    1352      15.1842
    1353      15.2972
    1354      14.8037
    1355      15.1266
    1356      15.0024
    1357      15.0878
    1358      15.3784
    1359      15.2619
    1360      15.3701
    1361      15.1336
    1362      15.1235
    1363      15.1453
    1364      15.1331
    1365      15.3104
    1366      15.0663
    1367      15.2563
    1368      15.4336
    1369      14.7484
    1370      14.9394
    1371      15.3733
    1372      14.8756
    1373      15.3245
    1374      15.2934
    1375      15.1875
    1376      14.8983
    1377      14.8512
    1378      14.7796
    1379      15.1565
    1380      14.8765
    1381      14.8807
    1382      14.7400
    1383      15.0706
    1384      14.8468
    1385      14.9344
    1386      14.9421
    1387      14.8479
    1388      15.0845
    1389      15.1407
    1390      15.5070
    1391      14.7739
    1392      15.1199
    1393      15.3282
    1394      15.2479
    1395      15.4774
    1396      15.2849
    1397      14.7722
    1398      14.8395
    1399      14.6842
    1400      15.0156
    1401      15.1951
    1402      15.1009
    1403      15.0466
    1404      15.5349
    1405      15.1823
    1406      14.5980
    1407      14.7725
    1408      15.1183
    1409      15.0049
    1410      14.5010
    1411      15.1312
    1412      14.7795
    1413      14.9193
    1414      14.8116
    1415      15.2340
    1416      14.8842
    1417      14.6957
    1418      14.7708
    1419      14.8430
    1420      15.2558
    1421      15.1313
    1422      14.8898
    1423      15.1216
    1424      15.4458
    1425      15.3162
    1426      14.6488
    1427      15.2635
    1428      15.0327
    1429      15.6157
    1430      15.3479
    1431      15.0068
    1432      15.2230
    1433      14.6804
    1434      14.9823
    1435      15.4450
    1436      15.2034
    1437      14.8815
    1438      14.9035
    1439      15.5914
    1440      15.1856
    1441      15.1797
    1442      15.4362
    1443      15.1242
    1444      15.1561
    1445      14.6874
    1446      14.7457
    1447      14.5554
    1448      14.7563
    1449      14.6914
    1450      15.2891
    1451      14.6829
    1452      14.5236
    1453      15.0911
    1454      14.7832
    1455      14.3616
    1456      15.0748
    1457      14.8614
    1458      15.1218
    1459      14.9485
    1460      15.2572
    1461      14.5763
    1462      14.8549
    1463      14.6264
    1464      13.9839
    1465      14.4068
    1466      14.8320
    1467      15.4086
    1468      15.3107
    1469      14.9931
    1470      15.6526
    1471      14.7847
    1472      15.5352
    1473      15.2842
    1474      14.9308
    1475      15.0331
    1476      15.5243
    1477      15.1033
    1478      15.4011
    1479      15.5177
    1480      15.2404
    1481      14.5989
    1482      15.0673
    1483      14.7911
    1484      15.0786
    1485      14.9185
    1486      15.0722
    1487      14.7540
    1488      14.8449
    1489      14.8265
    1490      15.2998
    1491      14.2333
    1492      14.4637
    1493      14.6299
    1494      15.2560
    1495      14.9005
    1496      15.0658
    1497      15.0829
    1498      15.1928
    1499      15.1426
    1500      14.8269
    1501      14.4344
    1502      14.9038
    1503      14.4681
    1504      14.7557
    1505      14.7023
    1506      14.9207
    1507      14.4974
    1508      14.6212
    1509      14.8539
    1510      15.3064
    1511      15.2764
    1512      14.8903
    1513      14.8711
    1514      14.4235
    1515      14.8755
    1516      14.2579
    1517      14.0810
    1518      14.8792
    1519      15.1224
    1520      14.8002
    1521      14.7299
    1522      14.3879
    1523      14.4249
    1524      14.0253
    1525      14.3791
    1526      14.0989
    1527      14.5013
    1528      14.3069
    1529      13.8423
    1530      14.5915
    1531      14.6628
    1532      14.7120
    1533      14.7681
    1534      14.8706
    1535      14.4109
    1536      15.1242
    1537      14.7730
    1538      14.6102
    1539      14.3399
    1540      14.4861
    1541      14.1453
    1542      14.3007
    1543      14.4387
    1544      14.3304
    1545      14.6184
    1546      15.0534
    1547      14.5677
    1548      14.2570
    1549      14.8397
    1550      14.5501
    1551      14.1600
    1552      14.5269
    1553      14.2532
    1554      14.0993
    1555      15.0484
    1556      14.6885
    1557      14.6294
    1558      14.7073
    1559      14.5448
    1560      14.3123
    1561      14.7059
    1562      14.7970
    1563      14.3118
    1564      14.3019
    1565      14.4726
    1566      14.6727
    1567      14.4851
    1568      14.8235
    1569      14.8843
    1570      14.5987
    1571      14.6057
    1572      14.6025
    1573      14.6905
    1574      15.0114
    1575      14.6739
    1576      14.1193
    1577      14.6988
    1578      14.7214
    1579      15.0331
    1580      14.8746
    1581      14.8247
    1582      15.3829
    1583      15.1907
    1584      14.9649
    1585      15.4318
    1586      14.9040
    1587      15.0928
    1588      14.6520
    1589      14.7140
    1590      14.6685
    1591      15.0851
    1592      14.7654
    1593      15.0039
    1594      14.9840
    1595      15.3811
    1596      15.5247
    1597      14.9113
    1598      15.0604
    1599      14.6861
    1600      15.5342
    1601      14.9300
    1602      14.9417
    1603      15.7244
    1604      15.2576
    1605      14.8130
    1606      15.1274
    1607      15.1067
    1608      15.0784
    1609      15.2440
    1610      15.0752
    1611      14.9568
    1612      14.7065
    1613      15.4318
    1614      15.0748
    1615      15.5586
    1616      14.9388
    1617      15.2510
    1618      15.1015
    1619      15.1495
    1620      15.2817
    1621      14.8653
    1622      14.9244
    1623      15.1273
    1624      14.6065
    1625      14.9111
    1626      15.0228
    1627      14.8739
    1628      14.6358
    1629      14.1492
    1630      14.6604
    1631      15.1116
    1632      14.3900
    1633      14.3988
    1634      14.5210
    1635      14.3345
    1636      14.5738
    1637      14.7356
    1638      14.7988
    1639      14.8661
    1640      15.3215
    1641      15.2401
    1642      14.8786
    1643      15.4010
    1644      15.0459
    1645      14.6538
    1646      14.7094
    1647      13.9637
    1648      14.8459
    1649      14.4050
    1650      14.9248
    1651      13.8324
    1652      14.4396
    1653      14.1541
    1654      14.1837
    1655      14.1271
    1656      13.8021
    1657      13.1567
    1658      14.4883
    1659      14.2142
    1660      13.9214
    1661      13.5480
    1662      13.3718
    1663      13.8457
    1664      13.3415
    1665      13.3846
    1666      13.7728
    1667      14.0278
    1668      13.5409
    1669      13.6341
    1670      14.1156
    1671      13.8773
    1672      13.7683
    1673      13.4525
    1674      14.2548
    1675      14.0591
    1676      14.0654
    1677      14.0208
    1678      13.7142
    1679      14.0046
    1680      13.9613
    1681      13.5741
    1682      13.8034
    1683      14.3039
    1684      14.5143
    1685      14.2594
    1686      14.1228
    1687      13.5963
    1688      13.9918
    1689      14.1105
    1690      13.8099
    1691      14.0910
    1692      14.8385
    1693      14.0736
    1694      13.8811
    1695      13.7080
    1696      15.2431
    1697      14.9134
    1698      14.8604
    1699      14.6931
    1700      15.0634
    1701      14.2391
    1702      14.2837
    1703      14.3116
    1704      14.1268
    1705      13.6071
    1706      13.9089
    1707      14.8868
    1708      14.5573
    1709      14.0509
    1710      14.0501
    1711      14.3562
    1712      14.4934
    1713      14.1331
    1714      14.2186
    1715      14.6124
    1716      14.8112
    1717      13.6443
    1718      13.9595
    1719      13.7507
    1720      14.3379
    1721      13.7887
    1722      14.4385
    1723      14.1562
    1724      13.6895
    1725      13.6681
    1726      13.8811
    1727      14.3500
    1728      14.0582
    1729      14.1909
    1730      14.3476
    1731      14.3433
    1732      14.5801
    1733      14.9749
    1734      14.9567
    1735      15.2232
    1736      15.1607
    1737      14.9908
    1738      15.0563
    1739      15.1743
    1740      14.7735
    1741      15.1541
    1742      14.8194
    1743      15.1222
    1744      14.6416
    1745      14.5308
    1746      14.5105
    1747      14.2936
    1748      14.6951
    1749      15.3505
    1750      14.9209
    1751      15.3007
    1752      14.9077
    1753      15.0145
    1754      15.0970
    1755      15.4264
    1756      15.1685
    1757      15.3342
    1758      15.0282
    1759      14.4405
    1760      15.1426
    1761      14.9061
    1762      14.8625
    1763      15.0065
    1764      14.8886
    1765      14.8018
    1766      14.7898
    1767      15.0143
    1768      15.0370
    1769      15.4124
    1770      15.1444
    1771      15.0348
    1772      14.8399
    1773      15.0402
    1774      14.9019
    1775      15.0595
    1776      15.2370
    1777      14.8732
    1778      15.1779
    1779      14.8168
    1780      14.9532
    1781      14.9299
    1782      15.4526
    1783      14.9088
    1784      15.1516
    1785      14.2717
    1786      15.2581
    1787      14.7249
    1788      14.4901
    1789      14.6013
    1790      15.2092
    1791      15.0306
    1792      15.2304
    1793      15.2623
    1794      15.6820
    1795      15.7302
    1796      15.5898
    1797      15.1335
    1798      14.9090
    1799      15.3050
    1800      14.8214
    1801      15.0764
    1802      15.1956
    1803      15.2141
    1804      15.5518
    1805      15.1480
    1806      15.4179
    1807      14.9828
    1808      14.9582
    1809      15.1403
    1810      14.7740
    1811      14.7721
    1812      14.9970
    1813      14.8216
    1814      15.3217
    1815      15.4291
    1816      14.6335
    1817      14.8105
    1818      14.7144
    1819      15.0270
    1820      14.9597
    1821      14.9531
    1822      14.8142
    1823      15.0290
    1824      14.7895
    1825      14.4946
    1826      14.8245
    1827      14.8295
    1828      15.0568
    1829      14.4986
    1830      14.5993
    1831      14.9909
    1832      15.0503
    1833      15.3013
    1834      14.9241
    1835      14.8739
    1836      15.0111
    1837      14.6349
    1838      14.0514
    1839      13.7272
    1840      12.5710
    1841      13.3788
    1842      13.7839
    1843      13.9683
    1844      13.3809
    1845      13.4492
    1846      14.5911
    1847      13.1903
    1848      13.3404
    1849      13.4635
    1850      13.1623
    1851      13.7519
    1852      13.4694
    1853      13.1680
    1854      13.1526
    1855      13.0736
    1856      13.1127
    1857      13.2512
    1858      13.0637
    1859      13.4226
    1860      13.4803
    1861      13.0027
    1862      13.1825
    1863      13.5427
    1864      13.6169
    1865      13.4450
    1866      13.7635
    1867      12.8259
    1868      13.0996
    1869      13.4587
    1870      14.1419
    1871      13.8442
    1872      14.0176
    1873      13.2355
    1874      13.4737
    1875      13.4130
    1876      13.1567
    1877      12.9260
    1878      12.9588
    1879      13.6371
    1880      13.6790
    1881      14.4624
    1882      12.9021
    1883      13.6305
    1884      13.0036
    1885      13.3975
    1886      13.2646
    1887      12.8665
    1888      13.7650
    1889      14.2177
    1890      14.9012
    1891      14.2779
    1892      13.6974
    1893      13.7380
    1894      12.9539
    1895      13.0018
    1896      13.3100
    1897      12.8255
    1898      12.9704
    1899      13.5689
    1900      13.5048
    1901      13.4257
    1902      13.1192
    1903      13.4466
    1904      13.7260
    1905      14.1357
    1906      13.5943
    1907      14.0373
    1908      13.2672
    1909      13.3279
    1910      13.2852
    1911      13.8075
    1912      14.0504
    1913      13.5988
    1914      13.5464
    1915      13.6398
    1916      13.4321
    1917      13.4542
    1918      13.2970
    1919      13.5859
    1920      14.4240
    1921      14.6825
    1922      13.7444
    1923      13.2201
    1924      13.9406
    1925      14.4430
    1926      14.9528
    1927      14.8025
    1928      14.7455
    1929      14.7994
    1930      14.8222
    1931      15.1251
    1932      15.2526
    1933      14.5692
    1934      14.5482
    1935      14.9854
    1936      14.7300
    1937      14.6428
    1938      15.3156
    1939      15.1717
    1940      14.5233
    1941      15.1968
    1942      15.2899
    1943      14.5459
    1944      14.8301
    1945      14.2855
    1946      14.6508
    1947      14.7858
    1948      14.3915
    1949      14.5821
    1950      14.4990
    1951      14.7830
    1952      14.3910
    1953      14.7049
    1954      14.9122
    1955      14.5448
    1956      14.8342
    1957      14.9397
    1958      14.6469
    1959      14.3491
    1960      14.5349
    1961      14.4573
    1962      15.1062
    1963      15.6112
    1964      14.7740
    1965      15.3329
    1966      15.0744
    1967      15.6219
    1968      15.1381
    1969      14.6411
    1970      14.8318
    1971      14.6860
    1972      14.6864
    1973      15.2762
    1974      14.9194
    1975      14.7403
    1976      15.1850
    1977      14.9206
    1978      14.9500
    1979      15.0018
    1980      14.8687
    1981      15.3232
    1982      15.4468
    1983      15.2701
    1984      14.9954
    1985      15.1682
    1986      15.0113
    1987      15.0692
    1988      15.1377
    1989      14.9724
    1990      15.2970
    1991      14.7181
    1992      15.1795
    1993      15.2607
    1994      14.8372
    1995      15.2876
    1996      14.9929
    1997      14.8739
    1998      15.0219
    1999      15.4706
    2000      15.0243
