#Frame           core
       1       0.7306
       2       0.6643
       3       0.6784
       4       0.8276
       5       0.7958
       6       0.8169
       7       0.8169
       8       0.9481
       9       0.8508
      10       0.9868
      11       1.0826
      12       1.0445
      13       0.8759
      14       0.8648
      15       0.9136
      16       0.7932
      17       0.8178
      18       0.8529
      19       0.7842
      20       0.7458
      21       0.7834
      22       0.7502
      23       0.8156
      24       0.7991
      25       0.7795
      26       0.7037
      27       0.7245
      28       0.7547
      29       0.7582
      30       0.8447
      31       0.7366
      32       0.8469
      33       0.7614
      34       0.7891
      35       0.6834
      36       0.6880
      37       0.7122
      38       0.6837
      39       0.8163
      40       0.8251
      41       0.7986
      42       0.7369
      43       0.7931
      44       0.7288
      45       0.7457
      46       0.7216
      47       0.7514
      48       0.7455
      49       0.7048
      50       0.6828
      51       0.6833
      52       0.7307
      53       0.6726
      54       0.7836
      55       0.8438
      56       0.7534
      57       0.7448
      58       0.8358
      59       0.8413
      60       0.8466
      61       0.7805
      62       0.8008
      63       0.7958
      64       0.8307
      65       0.8058
      66       0.8556
      67       0.8238
      68       0.7922
      69       0.8818
      70       0.9181
      71       0.8225
      72       0.8597
      73       0.9374
      74       1.0347
      75       0.9982
      76       0.9605
      77       0.8782
      78       0.9097
      79       0.9549
      80       0.8869
      81       0.8998
      82       0.9468
      83       0.9898
      84       0.9493
      85       0.9924
      86       1.0110
      87       1.0032
      88       0.9223
      89       0.9646
      90       0.9384
      91       0.9339
      92       0.9462
      93       0.9293
      94       0.8734
      95       0.8994
      96       0.9257
      97       0.8908
      98       0.8722
      99       0.9664
     100       0.8934
     101       0.9761
     102       0.8463
     103       0.7592
     104       0.7608
     105       0.7500
     106       0.8259
     107       0.7721
     108       0.8182
     109       0.8369
     110       0.8802
     111       0.7471
     112       0.7965
     113       0.7925
     114       0.8186
     115       0.7976
     116       0.7929
     117       0.8046
     118       0.8136
     119       0.8152
     120       0.8634
     121       0.9566
     122       0.8817
     123       0.9354
     124       0.9537
     125       0.8216
     126       0.9314
     127       0.8573
     128       0.9998
     129       0.8701
     130       0.9325
     131       0.8391
     132       0.9096
     133       0.8719
     134       0.8894
     135       0.8565
     136       0.9183
     137       0.9766
     138       0.8631
     139       0.8081
     140       0.9264
     141       1.0117
     142       1.0191
     143       0.9608
     144       1.0254
     145       0.8674
     146       0.9905
     147       0.8775
     148       0.8264
     149       0.9332
     150       0.9217
     151       0.9738
     152       0.9776
     153       1.0024
     154       1.0020
     155       1.0276
     156       0.9922
     157       0.9652
     158       0.9693
     159       1.0191
     160       0.9763
     161       1.0423
     162       0.9818
     163       0.9621
     164       0.9442
     165       0.8794
     166       0.9690
     167       1.0570
     168       0.9082
     169       0.9782
     170       1.1245
     171       1.0997
     172       1.1145
     173       1.1209
     174       1.0865
     175       1.0099
     176       0.9320
     177       0.8901
     178       0.9196
     179       0.9447
     180       0.9822
     181       1.0012
     182       0.8704
     183       0.9275
     184       0.9429
     185       1.0545
     186       1.0390
     187       1.0855
     188       1.0808
     189       0.9835
     190       1.0484
     191       0.9997
     192       1.0599
     193       1.1388
     194       1.1071
     195       1.1952
     196       1.3713
     197       1.3889
     198       1.3366
     199       1.3602
     200       1.3643
     201       1.2349
     202       1.2068
     203       1.2200
     204       1.0972
     205       1.2314
     206       1.2596
     207       1.2166
     208       1.3278
     209       1.1913
     210       1.2182
     211       1.1449
     212       1.1020
     213       1.0636
     214       1.0158
     215       0.9673
     216       0.9889
     217       1.1126
     218       1.2147
     219       1.2517
     220       1.1725
     221       1.2251
     222       1.1838
     223       1.2272
     224       1.2071
     225       1.1749
     226       1.2053
     227       1.0194
     228       0.9991
     229       1.0641
     230       0.9463
     231       0.8681
     232       0.9444
     233       0.9955
     234       1.0301
     235       1.0089
     236       1.0248
     237       0.9869
     238       0.9252
     239       0.9561
     240       1.0582
     241       1.0982
     242       1.0868
     243       1.0616
     244       0.9744
     245       1.0545
     246       1.0485
     247       1.1774
     248       1.0974
     249       1.0829
     250       1.0372
     251       1.0944
     252       1.1947
     253       0.9681
     254       1.0379
     255       1.0233
     256       1.1070
     257       1.0876
     258       1.0706
     259       1.0904
     260       1.1745
     261       1.1956
     262       1.1106
     263       1.1602
     264       1.1338
     265       1.1009
     266       1.0762
     267       1.1316
     268       1.0972
     269       1.0598
     270       1.0938
     271       1.0751
     272       1.0940
     273       1.0845
     274       1.0661
     275       1.0443
     276       1.0427
     277       1.1561
     278       1.1388
     279       1.0397
     280       1.0266
     281       1.1678
     282       1.0168
     283       0.9406
     284       0.9154
     285       0.9521
     286       0.9708
     287       1.0454
     288       1.0735
     289       1.1038
     290       1.0358
     291       1.1078
     292       1.0981
     293       1.0285
     294       1.0423
     295       1.0136
     296       0.9740
     297       1.0650
     298       1.0256
     299       0.9603
     300       1.0180
     301       1.0652
     302       1.1194
     303       1.1688
     304       1.0542
     305       1.0479
     306       1.0834
     307       1.1007
     308       1.1752
     309       1.3187
     310       1.3615
     311       1.2621
     312       1.1252
     313       1.1378
     314       1.1931
     315       1.1547
     316       1.3151
     317       1.1885
     318       1.1199
     319       1.1414
     320       1.0924
     321       1.1960
     322       0.9718
     323       1.0315
     324       0.9164
     325       1.0949
     326       1.0945
     327       1.1360
     328       1.1873
     329       1.1607
     330       1.1202
     331       1.2490
     332       1.2584
     333       1.1684
     334       1.2463
     335       1.1867
     336       1.1252
     337       1.1017
     338       1.0914
     339       1.1788
     340       1.1469
     341       1.1527
     342       1.2134
     343       1.1532
     344       1.1656
     345       1.1322
     346       1.2637
     347       1.2917
     348       1.2564
     349       1.2434
     350       1.2298
     351       1.1996
     352       1.2716
     353       1.3296
     354       1.2005
     355       1.2091
     356       1.2550
     357       1.2004
     358       1.2297
     359       1.1788
     360       1.1450
     361       1.1108
     362       1.2049
     363       1.1631
     364       1.1527
     365       1.0796
     366       1.0804
     367       1.0548
     368       1.1284
     369       1.2710
     370       1.1537
     371       1.2198
     372       1.2365
     373       1.2196
     374       1.2294
     375       1.2294
     376       1.2487
     377       1.2478
     378       1.2293
     379       1.2078
     380       1.2225
     381       1.1311
     382       1.1524
     383       1.2974
     384       1.1692
     385       1.2410
     386       1.0718
     387       1.0894
     388       1.0446
     389       1.1175
     390       1.1421
     391       1.2036
     392       1.2938
     393       1.2633
     394       1.1804
     395       1.1593
     396       1.1289
     397       1.1486
     398       1.1131
     399       1.0695
     400       1.0377
     401       0.9790
     402       1.1263
     403       1.1925
     404       1.1603
     405       1.2239
     406       1.2235
     407       1.1343
     408       1.2510
     409       1.2588
     410       1.2518
     411       1.3194
     412       1.2746
     413       1.1676
     414       1.2921
     415       1.4764
     416       1.4182
     417       1.5293
     418       1.4498
     419       1.4801
     420       1.4026
     421       1.3314
     422       1.4227
     423       1.3382
     424       1.3889
     425       1.5346
     426       1.4946
     427       1.2866
     428       1.2774
     429       1.2854
     430       1.3931
     431       1.3007
     432       1.3468
     433       1.3348
     434       1.3698
     435       1.3729
     436       1.3850
     437       1.3655
     438       1.4895
     439       1.4329
     440       1.4346
     441       1.4704
     442       1.5010
     443       1.4855
     444       1.3631
     445       1.4475
     446       1.4463
     447       1.4888
     448       1.4637
     449       1.5061
     450       1.4048
     451       1.3835
     452       1.4588
     453       1.4903
     454       1.5240
     455       1.6093
     456       1.6278
     457       1.5156
     458       1.4883
     459       1.4055
     460       1.3184
     461       1.3794
     462       1.4878
     463       1.2885
     464       1.3722
     465       1.4217
     466       1.4095
     467       1.4448
     468       1.3492
     469       1.4179
     470       1.5440
     471       1.4608
     472       1.4862
     473       1.5157
     474       1.5079
     475       1.3940
     476       1.5502
     477       1.4167
     478       1.3366
     479       1.4289
     480       1.3505
     481       1.2897
     482       1.1685
     483       1.2859
     484       1.1294
     485       1.0861
     486       1.1488
     487       1.1467
     488       1.2298
     489       1.2756
     490       1.2508
     491       1.2267
     492       1.2747
     493       1.2085
     494       1.4028
     495       1.3284
     496       1.3062
     497       1.3789
     498       1.4158
     499       1.5357
     500       1.4680
     501       1.3731
     502       1.3343
     503       1.3162
     504       1.4567
     505       1.3557
     506       1.2546
     507       1.2871
     508       1.2747
     509       1.2750
     510       1.3334
     511       1.3189
     512       1.3015
     513       1.3073
     514       1.3051
     515       1.2377
     516       1.1892
     517       1.2946
     518       1.2405
     519       1.2350
     520       1.1679
     521       1.0604
     522       1.0757
     523       1.1565
     524       1.1095
     525       1.1533
     526       1.1245
     527       1.1544
     528       1.1668
     529       1.2349
     530       1.1766
     531       1.2389
     532       1.1933
     533       1.2195
     534       1.2197
     535       1.2441
     536       1.3055
     537       1.3026
     538       1.2134
     539       1.2811
     540       1.2222
     541       1.2636
     542       1.2610
     543       1.1931
     544       1.1403
     545       1.1845
     546       1.1564
     547       1.0179
     548       1.0080
     549       1.0211
     550       1.0684
     551       1.1520
     552       1.1747
     553       1.0826
     554       1.1617
     555       1.1008
     556       1.1711
     557       1.0389
     558       1.0663
     559       1.1468
     560       1.0520
     561       1.1669
     562       1.1301
     563       1.2113
     564       1.1071
     565       1.2760
     566       1.2733
     567       1.2349
     568       1.2866
     569       1.1580
     570       1.1410
     571       1.0927
     572       1.1018
     573       1.1069
     574       1.1300
     575       1.0307
     576       1.0093
     577       1.1138
     578       1.0915
     579       1.1445
     580       1.1860
     581       1.0528
     582       1.2031
     583       1.1938
     584       1.1848
     585       1.1155
     586       1.1365
     587       1.0787
     588       1.0212
     589       0.9667
     590       1.0556
     591       1.1656
     592       1.1512
     593       1.1036
     594       1.1424
     595       1.1320
     596       1.1148
     597       0.9329
     598       0.9973
     599       1.0115
     600       1.2216
     601       1.1579
     602       1.1314
     603       1.1969
     604       1.1605
     605       1.1779
     606       1.2020
     607       1.2000
     608       1.0751
     609       1.1938
     610       1.2470
     611       1.1970
     612       1.1812
     613       1.0993
     614       1.1499
     615       1.1050
     616       1.1011
     617       1.0696
     618       1.2440
     619       1.3474
     620       1.2237
     621       1.3007
     622       1.3631
     623       1.3432
     624       1.1949
     625       1.2345
     626       1.2928
     627       1.2594
     628       1.3602
     629       1.4311
     630       1.3581
     631       1.4724
     632       1.4038
     633       1.1739
     634       1.2100
     635       1.2624
     636       1.2020
     637       1.2303
     638       1.2560
     639       1.1713
     640       1.2118
     641       1.2662
     642       1.2340
     643       1.1473
     644       1.2653
     645       1.1622
     646       1.2245
     647       1.2212
     648       1.1410
     649       1.2070
     650       1.3043
     651       1.1054
     652       1.1092
     653       1.0983
     654       1.0081
     655       1.1569
     656       1.1246
     657       1.0600
     658       1.0977
     659       1.0850
     660       1.0377
     661       1.0573
     662       1.2189
     663       1.2214
     664       1.2782
     665       1.1597
     666       1.0801
     667       1.1541
     668       1.1421
     669       1.0861
     670       1.1073
     671       1.0644
     672       1.2243
     673       1.1870
     674       1.2394
     675       1.2257
     676       1.2264
     677       1.1387
     678       1.0920
     679       1.1266
     680       1.1005
     681       1.1754
     682       1.2889
     683       1.2257
     684       1.1031
     685       1.1280
     686       1.1751
     687       1.1947
     688       1.1377
     689       1.2186
     690       1.2409
     691       1.2246
     692       1.2629
     693       1.1789
     694       1.1884
     695       1.0958
     696       1.0678
     697       1.0401
     698       1.2329
     699       1.3372
     700       1.1883
     701       1.3035
     702       1.2866
     703       1.0865
     704       1.2278
     705       1.1806
     706       1.2536
     707       1.2841
     708       1.3679
     709       1.3148
     710       1.2500
     711       1.1246
     712       1.1684
     713       1.1072
     714       1.1589
     715       1.1315
     716       1.1479
     717       1.1892
     718       1.0987
     719       1.0221
     720       1.1022
     721       1.0626
     722       1.0252
     723       1.0459
     724       1.0217
     725       1.0808
     726       1.0830
     727       1.0346
     728       1.0447
     729       1.1408
     730       1.1825
     731       1.2139
     732       1.1656
     733       1.0670
     734       1.0724
     735       0.9980
     736       1.0815
     737       1.0749
     738       1.2078
     739       1.2294
     740       1.1939
     741       1.2605
     742       1.0688
     743       1.0389
     744       1.0544
     745       1.0693
     746       1.0607
     747       1.0952
     748       0.9477
     749       0.9808
     750       1.0244
     751       0.9732
     752       1.0722
     753       1.0154
     754       1.0852
     755       1.2250
     756       1.2121
     757       1.1603
     758       1.0915
     759       1.0349
     760       0.9731
     761       1.0911
     762       1.0453
     763       1.0419
     764       1.0165
     765       1.0232
     766       0.9819
     767       1.0609
     768       1.0207
     769       1.0781
     770       0.9476
     771       1.0349
     772       1.0552
     773       1.0682
     774       1.1502
     775       1.1812
     776       1.2786
     777       1.0297
     778       1.0027
     779       1.0932
     780       1.0251
     781       1.0683
     782       1.0198
     783       1.1131
     784       1.0191
     785       1.1468
     786       1.0888
     787       1.1261
     788       1.0584
     789       1.0275
     790       1.0203
     791       1.0081
     792       1.0709
     793       1.0819
     794       0.9985
     795       1.0395
     796       1.0448
     797       1.0882
     798       1.2065
     799       1.1333
     800       1.0078
     801       1.0152
     802       1.0376
     803       1.0816
     804       0.9481
     805       0.8964
     806       0.9924
     807       0.9574
     808       0.9504
     809       0.8782
     810       1.0729
     811       1.0413
     812       0.9589
     813       0.9425
     814       1.0865
     815       1.0595
     816       0.9842
     817       0.9996
     818       0.9690
     819       0.9010
     820       0.9624
     821       0.9442
     822       1.0046
     823       0.9840
     824       1.1344
     825       1.0351
     826       1.0326
     827       1.1574
     828       1.2049
     829       1.1845
     830       1.1866
     831       1.1731
     832       1.1408
     833       1.1096
     834       1.1797
     835       1.2655
     836       1.2798
     837       1.2273
     838       1.1766
     839       1.1187
     840       1.1994
     841       1.0898
     842       1.0236
     843       1.1511
     844       1.1192
     845       1.1532
     846       1.1483
     847       1.2076
     848       1.2961
     849       1.2125
     850       1.2534
     851       1.2196
     852       1.2932
     853       1.2507
     854       1.2509
     855       1.2399
     856       1.2145
     857       1.2345
     858       1.2521
     859       1.3035
     860       1.1483
     861       1.2650
     862       1.3037
     863       1.2355
     864       1.1890
     865       1.2288
     866       1.3191
     867       1.3905
     868       1.4473
     869       1.3094
     870       1.3340
     871       1.4109
     872       1.3574
     873       1.3953
     874       1.2081
     875       1.3365
     876       1.3322
     877       1.3282
     878       1.2860
     879       1.1480
     880       1.1470
     881       1.2008
     882       1.2123
     883       1.1411
     884       1.2150
     885       1.2074
     886       1.2271
     887       1.2189
     888       1.2144
     889       1.1810
     890       1.1056
     891       1.1379
     892       1.1469
     893       1.1578
     894       1.2635
     895       1.2588
     896       1.2164
     897       1.2374
     898       1.2768
     899       1.2364
     900       1.1533
     901       1.1390
     902       1.0544
     903       1.0688
     904       1.0567
     905       1.1138
     906       1.1069
     907       1.1718
     908       1.1549
     909       1.1137
     910       1.1864
     911       1.2349
     912       1.1407
     913       1.1654
     914       1.1370
     915       1.2209
     916       1.1919
     917       1.1487
     918       1.0562
     919       1.0570
     920       1.1266
     921       1.1885
     922       1.1006
     923       1.1754
     924       1.1339
     925       1.1371
     926       1.2267
     927       1.2077
     928       1.2129
     929       1.1706
     930       1.1869
     931       1.1350
     932       1.0807
     933       1.1548
     934       1.1254
     935       1.2148
     936       1.1683
     937       1.3065
     938       1.2356
     939       1.3471
     940       1.2785
     941       1.2273
     942       1.2466
     943       1.1065
     944       1.1857
     945       1.1380
     946       1.1304
     947       1.1833
     948       1.2436
     949       1.1681
     950       1.1844
     951       1.2004
     952       1.2974
     953       1.2111
     954       1.2365
     955       1.2123
     956       1.1653
     957       1.1573
     958       1.2008
     959       1.1556
     960       1.1925
     961       1.1477
     962       1.1740
     963       1.1382
     964       1.1739
     965       1.1448
     966       1.1041
     967       1.1455
     968       1.1880
     969       1.2035
     970       1.1438
     971       1.1873
     972       1.1303
     973       1.0518
     974       1.0467
     975       1.0503
     976       1.0361
     977       1.0719
     978       1.0756
     979       1.1951
     980       1.1390
     981       1.1712
     982       1.1520
     983       1.2235
     984       1.2473
     985       1.3294
     986       1.2296
     987       1.1462
     988       1.1528
     989       1.1854
     990       1.1534
     991       1.1935
     992       1.2256
     993       1.2462
     994       1.1883
     995       1.2291
     996       1.3763
     997       1.3155
     998       1.3024
     999       1.2130
    1000       1.2207
    1001       1.2307
    1002       1.1490
    1003       1.1147
    1004       1.0580
    1005       1.1767
    1006       1.1844
    1007       1.0472
    1008       1.1325
    1009       1.0912
    1010       1.0681
    1011       1.0821
    1012       1.1093
    1013       1.1419
    1014       1.2315
    1015       1.1728
    1016       1.0636
    1017       1.1374
    1018       1.1553
    1019       1.0521
    1020       1.0051
    1021       1.1279
    1022       1.1883
    1023       1.1548
    1024       1.2000
    1025       1.1859
    1026       1.1364
    1027       1.1386
    1028       1.2049
    1029       1.2175
    1030       1.2948
    1031       1.1410
    1032       1.1536
    1033       1.2121
    1034       1.1642
    1035       1.1087
    1036       1.1700
    1037       1.1028
    1038       1.1875
    1039       1.1936
    1040       1.1783
    1041       1.0949
    1042       1.1848
    1043       1.1046
    1044       1.1310
    1045       1.0301
    1046       1.0712
    1047       1.0726
    1048       1.0609
    1049       1.0906
    1050       1.0183
    1051       1.1325
    1052       1.0392
    1053       1.1910
    1054       1.1719
    1055       1.1193
    1056       1.1833
    1057       1.0848
    1058       1.1221
    1059       1.1082
    1060       1.0954
    1061       1.2208
    1062       1.1752
    1063       1.1667
    1064       1.1216
    1065       1.1055
    1066       1.0968
    1067       1.1296
    1068       1.1528
    1069       1.1179
    1070       1.1492
    1071       1.0339
    1072       1.0558
    1073       1.0952
    1074       1.0598
    1075       1.0440
    1076       1.1288
    1077       1.0703
    1078       1.0943
    1079       1.1645
    1080       1.1690
    1081       1.0312
    1082       1.1220
    1083       1.1299
    1084       1.0522
    1085       1.0107
    1086       1.1315
    1087       1.0169
    1088       1.0842
    1089       1.0363
    1090       1.1199
    1091       1.2106
    1092       1.0983
    1093       1.1738
    1094       1.0629
    1095       1.1083
    1096       1.0805
    1097       1.0743
    1098       1.1367
    1099       1.1396
    1100       0.9921
    1101       1.0629
    1102       1.1821
    1103       1.0539
    1104       1.0464
    1105       1.0996
    1106       1.0587
    1107       1.0348
    1108       1.0337
    1109       1.0714
    1110       1.0883
    1111       1.0434
    1112       1.0408
    1113       1.0022
    1114       0.9389
    1115       1.0101
    1116       0.9589
    1117       0.9717
    1118       1.0612
    1119       1.0313
    1120       1.0931
    1121       1.0625
    1122       1.0662
    1123       1.1075
    1124       1.1179
    1125       1.0594
    1126       1.0914
    1127       1.1636
    1128       1.1246
    1129       1.1509
    1130       1.1662
    1131       1.2149
    1132       1.2833
    1133       1.3100
    1134       1.2107
    1135       1.2628
    1136       1.2429
    1137       1.2231
    1138       1.2730
    1139       1.3307
    1140       1.2675
    1141       1.2940
    1142       1.2272
    1143       1.3508
    1144       1.3085
    1145       1.2580
    1146       1.2236
    1147       1.2893
    1148       1.2449
    1149       1.2622
    1150       1.3126
    1151       1.3182
    1152       1.2492
    1153       1.2815
    1154       1.2826
    1155       1.2512
    1156       1.1951
    1157       1.2029
    1158       1.2621
    1159       1.2213
    1160       1.2069
    1161       1.2685
    1162       1.2389
    1163       1.2658
    1164       1.2179
    1165       1.3443
    1166       1.2384
    1167       1.3528
    1168       1.3836
    1169       1.4715
    1170       1.3778
    1171       1.3619
    1172       1.2684
    1173       1.2735
    1174       1.2772
    1175       1.2688
    1176       1.1811
    1177       1.2976
    1178       1.4431
    1179       1.3582
    1180       1.2390
    1181       1.1916
    1182       1.2177
    1183       1.2124
    1184       1.1948
    1185       1.2171
    1186       1.1795
    1187       1.0789
    1188       1.1473
    1189       1.1790
    1190       1.2280
    1191       1.1219
    1192       1.1274
    1193       1.1866
    1194       1.1077
    1195       1.1252
    1196       1.0949
    1197       1.1164
    1198       1.0999
    1199       1.1184
    1200       1.0659
    1201       1.1965
    1202       1.1950
    1203       1.2464
    1204       1.2326
    1205       1.1675
    1206       1.1357
    1207       1.1727
    1208       1.1162
    1209       1.1032
    1210       1.1790
    1211       1.1734
    1212       1.2928
    1213       1.2501
    1214       1.2457
    1215       1.2441
    1216       1.3344
    1217       1.3336
    1218       1.3268
    1219       1.3218
    1220       1.3124
    1221       1.2529
    1222       1.2952
    1223       1.2418
    1224       1.2051
    1225       1.2251
    1226       1.2762
    1227       1.1969
    1228       1.2089
    1229       1.2082
    1230       1.2001
    1231       1.1342
    1232       1.1150
    1233       1.1493
    1234       1.1738
    1235       1.1848
    1236       1.0654
    1237       1.1534
    1238       1.1236
    1239       1.1352
    1240       1.1145
    1241       1.1188
    1242       1.1776
    1243       1.1330
    1244       1.1309
    1245       1.1957
    1246       1.0799
    1247       1.0721
    1248       1.0892
    1249       0.9915
    1250       0.9959
    1251       1.0181
    1252       1.1825
    1253       1.1422
    1254       1.1621
    1255       1.1140
    1256       1.1315
    1257       1.0609
    1258       1.0141
    1259       1.0699
    1260       1.1017
    1261       1.0447
    1262       1.1038
    1263       1.0619
    1264       1.0575
    1265       1.0750
    1266       1.0275
    1267       1.1475
    1268       1.0431
    1269       1.0650
    1270       1.1151
    1271       0.9970
    1272       1.0425
    1273       1.0383
    1274       1.0155
    1275       1.0314
    1276       1.0425
    1277       0.9411
    1278       0.9429
    1279       0.9977
    1280       0.9840
    1281       1.0736
    1282       1.0845
    1283       1.0060
    1284       1.0135
    1285       1.0957
    1286       1.1308
    1287       1.0900
    1288       1.2670
    1289       1.2165
    1290       1.1220
    1291       1.0829
    1292       1.0739
    1293       1.0342
    1294       1.0295
    1295       1.0845
    1296       1.1063
    1297       1.1337
    1298       1.0991
    1299       1.1969
    1300       1.1910
    1301       1.0682
    1302       1.0352
    1303       1.0396
    1304       1.0968
    1305       1.0801
    1306       1.1233
    1307       1.2073
    1308       1.1501
    1309       1.1548
    1310       1.0724
    1311       1.0997
    1312       1.1036
    1313       1.2222
    1314       1.2319
    1315       1.1745
    1316       1.1903
    1317       1.1244
    1318       1.2447
    1319       1.1362
    1320       1.2375
    1321       1.2431
    1322       1.2992
    1323       1.3548
    1324       1.1614
    1325       1.3141
    1326       1.2575
    1327       1.2491
    1328       1.2011
    1329       1.2096
    1330       1.1573
    1331       1.2271
    1332       1.2377
    1333       1.2167
    1334       1.1477
    1335       1.1618
    1336       1.1887
    1337       1.1336
    1338       1.2199
    1339       1.1900
    1340       1.1269
    1341       1.0800
    1342       1.1003
    1343       1.1167
    1344       1.1565
    1345       1.2352
    1346       1.2917
    1347       1.1790
    1348       1.0741
    1349       1.1280
    1350       1.2073
    1351       1.1990
    1352       1.1771
    1353       1.1030
    1354       1.1497
    1355       1.1864
    1356       1.1726
    1357       1.1321
    1358       1.2365
    1359       1.2781
    1360       1.2615
    1361       1.2556
    1362       1.2638
    1363       1.2734
    1364       1.3316
    1365       1.2424
    1366       1.3341
    1367       1.2964
    1368       1.2384
    1369       1.2403
    1370       1.2888
    1371       1.3522
    1372       1.4054
    1373       1.2883
    1374       1.4740
    1375       1.3797
    1376       1.3016
    1377       1.3233
    1378       1.3334
    1379       1.2658
    1380       1.2822
    1381       1.2696
    1382       1.2651
    1383       1.2343
    1384       1.2239
    1385       1.1995
    1386       1.2385
    1387       1.2253
    1388       1.2435
    1389       1.2755
    1390       1.2090
    1391       1.1965
    1392       1.1955
    1393       1.2940
    1394       1.2381
    1395       1.3111
    1396       1.4282
    1397       1.3760
    1398       1.2601
    1399       1.2253
    1400       1.1859
    1401       1.1835
    1402       1.2423
    1403       1.1950
    1404       1.2657
    1405       1.1945
    1406       1.0351
    1407       1.1455
    1408       1.1199
    1409       1.0948
    1410       1.0757
    1411       1.1778
    1412       1.1504
    1413       1.0803
    1414       1.1144
    1415       1.0863
    1416       1.1615
    1417       1.1211
    1418       1.1522
    1419       1.2258
    1420       1.2379
    1421       1.1940
    1422       1.2147
    1423       1.2341
    1424       1.1311
    1425       1.1763
    1426       1.1171
    1427       1.0841
    1428       1.0514
    1429       1.0595
    1430       1.1048
    1431       1.1301
    1432       1.1273
    1433       1.2790
    1434       1.2088
    1435       1.1677
    1436       1.1645
    1437       1.2045
    1438       1.1636
    1439       1.1217
    1440       1.0674
    1441       1.0172
    1442       1.1225
    1443       1.1500
    1444       1.1116
    1445       1.1106
    1446       1.1523
    1447       1.1528
    1448       1.2099
    1449       1.2162
    1450       1.2188
    1451       1.2164
    1452       1.1316
    1453       1.1648
    1454       1.1599
    1455       1.1838
    1456       1.1676
    1457       1.2639
    1458       1.2388
    1459       1.1866
    1460       1.2389
    1461       1.2833
    1462       1.3537
    1463       1.3149
    1464       1.2974
    1465       1.1878
    1466       1.3091
    1467       1.2399
    1468       1.2676
    1469       1.1968
    1470       1.1678
    1471       1.1880
    1472       1.1530
    1473       1.1392
    1474       1.2296
    1475       1.2023
    1476       1.1503
    1477       1.2676
    1478       1.1918
    1479       1.2964
    1480       1.3126
    1481       1.3407
    1482       1.2523
    1483       1.2726
    1484       1.2739
    1485       1.3290
    1486       1.3673
    1487       1.3314
    1488       1.2658
    1489       1.1852
    1490       1.2304
    1491       1.2439
    1492       1.2058
    1493       1.2252
    1494       1.2622
    1495       1.2296
    1496       1.1836
    1497       1.2634
    1498       1.2303
    1499       1.3256
    1500       1.2286
    1501       1.2347
    1502       1.1716
    1503       1.2387
    1504       1.2102
    1505       1.2050
    1506       1.2700
    1507       1.2473
    1508       1.1639
    1509       1.2781
    1510       1.3047
    1511       1.2707
    1512       1.2156
    1513       1.1788
    1514       1.1781
    1515       1.2241
    1516       1.2688
    1517       1.2597
    1518       1.2403
    1519       1.2835
    1520       1.3935
    1521       1.3700
    1522       1.2975
    1523       1.3531
    1524       1.3131
    1525       1.3735
    1526       1.2536
    1527       1.1909
    1528       1.2687
    1529       1.2762
    1530       1.3647
    1531       1.3478
    1532       1.3392
    1533       1.4804
    1534       1.3433
    1535       1.3761
    1536       1.3200
    1537       1.1896
    1538       1.2494
    1539       1.2511
    1540       1.2250
    1541       1.3072
    1542       1.2814
    1543       1.1952
    1544       1.1090
    1545       1.2087
    1546       1.1087
    1547       1.1291
    1548       1.1429
    1549       1.2675
    1550       1.1816
    1551       1.1758
    1552       1.3449
    1553       1.2848
    1554       1.1836
    1555       1.2672
    1556       1.2062
    1557       1.2772
    1558       1.1063
    1559       1.2794
    1560       1.1632
    1561       1.2606
    1562       1.1778
    1563       1.2931
    1564       1.3687
    1565       1.2172
    1566       1.2594
    1567       1.3346
    1568       1.3734
    1569       1.2936
    1570       1.2559
    1571       1.2760
    1572       1.2954
    1573       1.5140
    1574       1.3560
    1575       1.3956
    1576       1.3503
    1577       1.3717
    1578       1.4169
    1579       1.5121
    1580       1.4222
    1581       1.3602
    1582       1.4150
    1583       1.3866
    1584       1.2815
    1585       1.3816
    1586       1.3443
    1587       1.3177
    1588       1.2340
    1589       1.3069
    1590       1.2265
    1591       1.3215
    1592       1.2562
    1593       1.1857
    1594       1.1745
    1595       1.2718
    1596       1.3175
    1597       1.2925
    1598       1.3033
    1599       1.2541
    1600       1.0949
    1601       1.1206
    1602       1.1412
    1603       1.0859
    1604       1.1580
    1605       1.2716
    1606       1.1688
    1607       1.1681
    1608       1.1771
    1609       1.1986
    1610       1.0945
    1611       1.1999
    1612       1.1388
    1613       1.1297
    1614       1.1099
    1615       1.0972
    1616       1.0997
    1617       1.0121
    1618       1.0982
    1619       1.0937
    1620       1.1877
    1621       1.1863
    1622       1.2858
    1623       1.3442
    1624       1.2519
    1625       1.2187
    1626       1.2007
    1627       1.1850
    1628       1.2205
    1629       1.1332
    1630       1.1516
    1631       1.1589
    1632       1.1199
    1633       1.1351
    1634       1.1202
    1635       1.0844
    1636       1.1746
    1637       1.1894
    1638       1.1735
    1639       1.1984
    1640       1.3091
    1641       1.3509
    1642       1.3172
    1643       1.3327
    1644       1.3649
    1645       1.2703
    1646       1.2572
    1647       1.2482
    1648       1.3118
    1649       1.3319
    1650       1.2074
    1651       1.2453
    1652       1.2600
    1653       1.2610
    1654       1.2159
    1655       1.2798
    1656       1.2903
    1657       1.2808
    1658       1.2680
    1659       1.3203
    1660       1.3019
    1661       1.2904
    1662       1.2321
    1663       1.3344
    1664       1.3034
    1665       1.2282
    1666       1.2892
    1667       1.2545
    1668       1.3137
    1669       1.4198
    1670       1.3171
    1671       1.3287
    1672       1.2669
    1673       1.1621
    1674       1.2242
    1675       1.1447
    1676       1.2606
    1677       1.2431
    1678       1.3725
    1679       1.3452
    1680       1.3479
    1681       1.3168
    1682       1.2923
    1683       1.3281
    1684       1.3910
    1685       1.3093
    1686       1.3020
    1687       1.2676
    1688       1.3004
    1689       1.3263
    1690       1.3313
    1691       1.4169
    1692       1.3690
    1693       1.4212
    1694       1.3575
    1695       1.4144
    1696       1.3140
    1697       1.3428
    1698       1.3794
    1699       1.3346
    1700       1.2788
    1701       1.2478
    1702       1.3558
    1703       1.3281
    1704       1.2616
    1705       1.2352
    1706       1.1989
    1707       1.2058
    1708       1.2257
    1709       1.2688
    1710       1.2100
    1711       1.1191
    1712       1.1538
    1713       1.1827
    1714       1.2542
    1715       1.2108
    1716       1.2285
    1717       1.2628
    1718       1.2857
    1719       1.2298
    1720       1.2343
    1721       1.2765
    1722       1.2649
    1723       1.2112
    1724       1.2334
    1725       1.2290
    1726       1.2305
    1727       1.2311
    1728       1.2718
    1729       1.2113
    1730       1.2838
    1731       1.1831
    1732       1.2617
    1733       1.1499
    1734       1.1379
    1735       1.1932
    1736       1.3105
    1737       1.2751
    1738       1.2982
    1739       1.2190
    1740       1.2832
    1741       1.1883
    1742       1.3192
    1743       1.2697
    1744       1.2462
    1745       1.2602
    1746       1.2945
    1747       1.3790
    1748       1.3883
    1749       1.4507
    1750       1.3373
    1751       1.3315
    1752       1.2289
    1753       1.2095
    1754       1.1821
    1755       1.1361
    1756       1.2393
    1757       1.2678
    1758       1.1702
    1759       1.2105
    1760       1.1061
    1761       1.2840
    1762       1.2854
    1763       1.3019
    1764       1.3403
    1765       1.2855
    1766       1.2405
    1767       1.1902
    1768       1.1637
    1769       1.2384
    1770       1.2244
    1771       1.2056
    1772       1.1722
    1773       1.2320
    1774       1.2126
    1775       1.1881
    1776       1.1834
    1777       1.2124
    1778       1.3170
    1779       1.2609
    1780       1.2408
    1781       1.3245
    1782       1.1569
    1783       1.0572
    1784       1.1591
    1785       1.1252
    1786       1.0987
    1787       1.1271
    1788       1.1234
    1789       1.0725
    1790       1.1168
    1791       1.0992
    1792       1.1603
    1793       1.1556
    1794       1.2078
    1795       1.1290
    1796       1.1723
    1797       1.1377
    1798       1.1511
    1799       1.1282
    1800       1.1981
    1801       1.1223
    1802       1.0513
    1803       1.1206
    1804       1.1766
    1805       1.1933
    1806       1.2013
    1807       1.2401
    1808       1.2071
    1809       1.1946
    1810       1.2432
    1811       1.2642
    1812       1.2633
    1813       1.2178
    1814       1.1998
    1815       1.2486
    1816       1.2367
    1817       1.2032
    1818       1.2672
    1819       1.2786
    1820       1.2488
    1821       1.3525
    1822       1.3149
    1823       1.2474
    1824       1.2115
    1825       1.1984
    1826       1.2773
    1827       1.2016
    1828       1.2220
    1829       1.2299
    1830       1.2497
    1831       1.1788
    1832       1.2941
    1833       1.3727
    1834       1.2865
    1835       1.2047
    1836       1.1947
    1837       1.2060
    1838       1.2041
    1839       1.2528
    1840       1.1699
    1841       1.2280
    1842       1.2872
    1843       1.3305
    1844       1.3449
    1845       1.2141
    1846       1.2084
    1847       1.2605
    1848       1.1803
    1849       1.2069
    1850       1.2888
    1851       1.2963
    1852       1.3617
    1853       1.2789
    1854       1.2765
    1855       1.2067
    1856       1.2215
    1857       1.2500
    1858       1.1533
    1859       1.1489
    1860       1.1343
    1861       1.1753
    1862       1.1990
    1863       1.1530
    1864       1.0649
    1865       1.1377
    1866       1.0132
    1867       1.0890
    1868       1.0754
    1869       1.1009
    1870       1.0243
    1871       1.0818
    1872       1.1314
    1873       1.1895
    1874       1.1190
    1875       1.1957
    1876       1.1498
    1877       1.2190
    1878       1.1791
    1879       1.0842
    1880       1.0622
    1881       1.0290
    1882       0.9653
    1883       0.9966
    1884       1.0303
    1885       1.0978
    1886       1.1701
    1887       1.1389
    1888       1.2715
    1889       1.2379
    1890       1.2347
    1891       1.1077
    1892       1.0942
    1893       1.0868
    1894       1.1311
    1895       1.1355
    1896       1.1325
    1897       1.1920
    1898       1.1700
    1899       1.1954
    1900       1.1328
    1901       1.1574
    1902       1.2654
    1903       1.1719
    1904       1.1881
    1905       1.0942
    1906       1.1230
    1907       1.1598
    1908       1.1249
    1909       1.0632
    1910       1.2394
    1911       1.2055
    1912       1.1650
    1913       1.1351
    1914       1.1791
    1915       1.1916
    1916       1.0421
    1917       1.0014
    1918       1.0780
    1919       1.0024
    1920       1.1210
    1921       1.1443
    1922       1.0601
    1923       1.0805
    1924       0.9511
    1925       1.0202
    1926       1.1105
    1927       1.1044
    1928       1.0979
    1929       1.1488
    1930       1.2250
    1931       1.1754
    1932       1.2428
    1933       1.3266
    1934       1.3351
    1935       1.2933
    1936       1.3598
    1937       1.2857
    1938       1.3416
    1939       1.2872
    1940       1.3424
    1941       1.3658
    1942       1.3818
    1943       1.3448
    1944       1.3299
    1945       1.2090
    1946       1.2281
    1947       1.2972
    1948       1.1496
    1949       1.3117
    1950       1.2331
    1951       1.2004
    1952       1.2387
    1953       1.1807
    1954       1.1936
    1955       1.2437
    1956       1.2413
    1957       1.1968
    1958       1.2219
    1959       1.1466
    1960       1.1333
    1961       1.2436
    1962       1.2083
    1963       1.2473
    1964       1.3435
    1965       1.2430
    1966       1.2020
    1967       1.1712
    1968       1.2513
    1969       1.2068
    1970       1.2117
    1971       1.2271
    1972       1.2387
    1973       1.1792
    1974       1.2633
    1975       1.2828
    1976       1.3194
    1977       1.2788
    1978       1.3188
    1979       1.2723
    1980       1.2922
    1981       1.1581
    1982       1.2163
    1983       1.2128
    1984       1.2122
    1985       1.2644
    1986       1.2971
    1987       1.3076
    1988       1.2565
    1989       1.2072
    1990       1.2310
    1991       1.2402
    1992       1.2468
    1993       1.2462
    1994       1.1792
    1995       1.2843
    1996       1.1765
    1997       1.1049
    1998       1.2036
    1999       1.2975
    2000       1.2167
