#Frame              d
       1      14.9498
       2      14.6675
       3      14.4212
       4      14.4351
       5      14.4092
       6      14.4474
       7      14.8280
       8      14.5514
       9      14.6160
      10      14.5717
      11      14.1933
      12      13.9424
      13      14.1099
      14      14.1294
      15      13.8269
      16      14.3667
      17      13.9790
      18      13.6720
      19      14.3095
      20      14.2929
      21      13.9731
      22      14.0142
      23      14.1682
      24      13.7261
      25      13.8762
      26      14.1308
      27      14.2401
      28      14.1537
      29      14.1835
      30      14.1290
      31      14.7210
      32      14.3572
      33      14.2710
      34      13.9368
      35      14.0136
      36      13.9961
      37      14.2448
      38      14.3949
      39      13.7675
      40      14.0046
      41      14.0713
      42      13.9397
      43      14.5260
      44      14.2978
      45      14.0982
      46      14.3912
      47      14.1888
      48      14.1844
      49      14.4303
      50      14.2295
      51      14.2715
      52      14.1807
      53      14.1290
      54      14.8651
      55      14.4672
      56      14.2024
      57      13.9848
      58      14.1051
      59      14.3138
      60      13.5357
      61      13.0016
      62      13.1294
      63      13.0474
      64      13.1939
      65      12.6952
      66      12.8292
      67      12.6503
      68      12.3058
      69      12.8666
      70      12.6858
      71      12.8028
      72      12.9065
      73      12.8729
      74      13.6288
      75      13.0454
      76      12.9361
      77      12.7089
      78      12.8281
      79      13.1251
      80      13.0123
      81      13.5007
      82      12.8122
      83      12.7204
      84      13.2340
      85      12.4499
      86      12.6404
      87      12.7862
      88      13.3443
      89      12.6850
      90      12.7581
      91      13.3697
      92      12.8305
      93      12.8872
      94      12.7970
      95      12.6417
      96      12.7226
      97      12.9680
      98      13.0165
      99      13.1898
     100      12.8988
     101      12.7059
     102      12.5510
     103      13.0302
     104      12.9527
     105      13.1414
     106      13.0051
     107      12.8145
     108      12.6581
     109      12.6408
     110      13.0618
     111      13.2690
     112      13.3057
     113      12.8883
     114      12.6742
     115      12.8244
     116      12.6728
     117      12.7970
     118      12.6206
     119      12.7175
     120      13.0597
     121      13.0321
     122      12.8701
     123      13.1356
     124      13.3753
     125      13.6761
     126      13.6191
     127      13.0696
     128      13.1543
     129      13.1667
     130      12.9249
     131      12.7038
     132      12.7713
     133      12.7383
     134      12.6485
     135      13.1139
     136      13.3065
     137      13.2940
     138      13.1957
     139      13.0333
     140      13.1294
     141      12.9951
     142      13.0854
     143      12.9168
     144      12.8936
     145      12.5496
     146      13.2668
     147      13.5039
     148      13.1153
     149      13.5266
     150      13.4219
     151      13.4248
     152      13.6895
     153      13.1868
     154      13.3636
     155      13.2765
     156      13.4295
     157      13.2728
     158      13.6874
     159      13.4688
     160      13.8379
     161      13.6623
     162      13.5547
     163      13.4753
     164      13.5725
     165      13.4307
     166      12.7496
     167      12.6796
     168      13.3599
     169      13.9093
     170      13.4575
     171      13.0700
     172      12.7973
     173      13.4869
     174      12.8597
     175      13.1922
     176      13.1557
     177      13.2301
     178      12.9331
     179      13.0756
     180      12.8376
     181      12.9573
     182      13.0887
     183      13.0710
     184      13.1006
     185      13.6009
     186      13.1913
     187      12.8585
     188      12.9170
     189      13.2633
     190      13.3978
     191      13.4764
     192      13.8293
     193      13.9458
     194      13.7010
     195      13.1364
     196      13.0937
     197      13.1080
     198      13.3493
     199      13.1267
     200      13.4102
     201      13.0840
     202      12.9696
     203      12.7041
     204      12.7728
     205      13.6090
     206      13.1522
     207      13.0455
     208      13.7390
     209      13.1793
     210      13.6041
     211      13.3802
     212      13.5153
     213      12.7783
     214      13.3955
     215      13.2011
     216      12.8806
     217      13.1731
     218      13.5975
     219      13.6872
     220      13.5545
     221      13.4130
     222      12.8104
     223      13.6747
     224      13.0860
     225      13.2362
     226      12.9872
     227      12.7331
     228      12.9499
     229      12.5833
     230      13.0156
     231      13.1824
     232      12.8938
     233      12.8143
     234      12.9771
     235      13.3335
     236      12.9791
     237      12.5743
     238      12.5197
     239      13.0510
     240      13.0427
     241      12.9541
     242      13.1128
     243      13.0851
     244      12.7919
     245      13.5553
     246      13.1828
     247      12.7075
     248      13.2079
     249      12.9275
     250      12.8537
     251      12.4101
     252      12.8730
     253      12.9288
     254      12.6654
     255      12.6140
     256      12.9384
     257      12.6503
     258      12.7844
     259      12.5852
     260      12.8076
     261      12.9071
     262      12.6702
     263      12.7430
     264      13.6222
     265      13.1877
     266      13.0048
     267      12.0228
     268      11.7212
     269      12.4387
     270      12.7250
     271      12.4927
     272      12.4704
     273      12.3721
     274      12.9462
     275      12.8600
     276      12.9924
     277      14.2974
     278      14.1557
     279      13.1570
     280      13.9774
     281      14.9983
     282      14.4267
     283      13.7616
     284      13.6061
     285      13.4634
     286      13.0255
     287      14.0326
     288      13.7866
     289      13.3619
     290      13.0052
     291      12.9318
     292      12.7786
     293      13.0150
     294      13.8043
     295      13.2336
     296      14.0108
     297      13.6573
     298      13.3475
     299      13.4112
     300      13.5948
     301      13.3453
     302      13.8779
     303      13.7885
     304      13.6228
     305      13.8744
     306      14.3871
     307      13.4733
     308      13.4775
     309      13.3056
     310      13.7523
     311      13.6122
     312      13.5257
     313      13.5280
     314      13.4382
     315      13.8114
     316      13.2456
     317      13.4561
     318      13.0307
     319      13.4324
     320      12.6938
     321      13.4643
     322      13.1002
     323      13.2165
     324      13.2764
     325      13.4732
     326      14.2892
     327      13.9690
     328      14.9096
     329      14.6788
     330      14.3391
     331      14.2381
     332      13.9773
     333      14.4998
     334      14.0930
     335      14.4441
     336      14.3576
     337      14.2278
     338      14.5115
     339      14.3858
     340      13.7439
     341      14.6338
     342      14.4667
     343      13.8686
     344      14.0750
     345      14.2957
     346      13.9247
     347      14.5027
     348      14.4242
     349      14.3950
     350      14.1319
     351      14.5643
     352      14.3428
     353      14.5032
     354      14.6162
     355      13.7886
     356      14.4408
     357      14.5048
     358      14.5157
     359      14.6413
     360      14.9704
     361      14.7603
     362      14.5295
     363      14.4248
     364      15.0214
     365      14.7435
     366      14.4503
     367      13.7910
     368      14.2982
     369      14.0183
     370      13.6884
     371      14.0191
     372      14.4771
     373      14.1212
     374      13.6937
     375      13.6174
     376      14.1147
     377      14.4892
     378      14.2536
     379      14.3949
     380      14.6359
     381      14.1438
     382      13.6933
     383      14.1449
     384      13.5196
     385      13.7295
     386      13.2567
     387      13.1941
     388      13.2190
     389      12.8944
     390      13.0259
     391      13.4933
     392      12.9462
     393      13.5914
     394      13.1326
     395      12.0939
     396      12.7338
     397      13.3387
     398      13.3102
     399      13.0046
     400      13.4307
     401      13.8551
     402      13.4699
     403      13.1620
     404      13.2275
     405      13.5263
     406      13.6083
     407      13.6122
     408      13.9416
     409      14.2770
     410      14.0750
     411      13.6853
     412      13.6257
     413      13.0292
     414      12.9368
     415      13.2414
     416      13.7179
     417      13.6282
     418      14.0619
     419      14.3851
     420      13.9150
     421      14.3231
     422      14.1446
     423      14.0004
     424      13.5199
     425      14.0228
     426      13.4922
     427      14.1762
     428      13.8805
     429      13.3601
     430      13.8245
     431      13.3278
     432      13.3717
     433      13.7530
     434      13.0787
     435      13.0828
     436      13.6002
     437      13.1006
     438      13.4189
     439      13.2465
     440      13.3918
     441      13.0547
     442      13.1702
     443      12.7570
     444      13.3167
     445      13.1959
     446      13.9572
     447      13.4900
     448      13.6478
     449      13.8343
     450      12.8739
     451      13.1948
     452      13.5035
     453      13.3050
     454      13.6462
     455      13.4615
     456      13.6215
     457      13.6202
     458      14.4145
     459      13.3734
     460      13.9639
     461      13.5251
     462      14.1408
     463      13.3483
     464      13.6595
     465      14.1529
     466      13.9994
     467      14.2710
     468      13.9420
     469      14.1097
     470      14.1238
     471      13.5747
     472      14.1358
     473      14.8839
     474      14.0432
     475      14.4767
     476      14.2266
     477      14.4764
     478      13.7414
     479      13.9029
     480      14.1307
     481      14.1256
     482      13.4079
     483      14.2018
     484      13.9146
     485      14.4385
     486      14.7060
     487      14.6364
     488      14.3336
     489      14.4166
     490      13.6074
     491      13.9676
     492      13.5678
     493      14.0232
     494      13.8838
     495      14.1412
     496      14.5793
     497      14.0691
     498      14.3250
     499      14.2238
     500      13.9667
     501      13.9705
     502      13.6323
     503      13.9719
     504      14.1134
     505      13.6423
     506      13.3804
     507      13.3266
     508      14.0133
     509      13.3968
     510      13.6369
     511      14.0124
     512      14.1774
     513      14.3819
     514      14.2306
     515      13.8800
     516      13.6549
     517      13.5900
     518      14.0331
     519      13.4184
     520      13.9740
     521      13.8030
     522      14.0053
     523      14.1862
     524      13.9523
     525      14.1097
     526      14.0336
     527      13.8179
     528      13.5736
     529      13.7014
     530      14.4054
     531      14.4766
     532      14.6674
     533      14.5423
     534      14.5845
     535      14.6985
     536      14.6007
     537      14.7212
     538      14.8462
     539      14.7205
     540      13.9928
     541      14.5776
     542      14.2379
     543      14.2874
     544      14.1931
     545      14.6290
     546      14.4411
     547      14.5334
     548      14.2308
     549      14.0403
     550      14.2947
     551      14.1866
     552      14.5831
     553      14.1561
     554      13.9442
     555      14.7577
     556      13.8109
     557      14.1647
     558      14.1726
     559      14.4355
     560      14.6137
     561      14.8963
     562      14.0808
     563      14.3207
     564      14.0680
     565      14.6251
     566      14.7511
     567      14.7586
     568      14.7356
     569      14.9886
     570      15.1468
     571      14.4344
     572      14.5890
     573      14.2609
     574      14.0601
     575      14.8511
     576      14.4893
     577      14.1605
     578      14.0655
     579      14.4253
     580      14.8087
     581      14.4561
     582      14.4885
     583      14.6372
     584      14.3970
     585      14.5522
     586      14.1658
     587      14.5157
     588      14.1366
     589      14.4074
     590      15.1934
     591      14.2275
     592      14.3604
     593      14.4945
     594      14.2373
     595      15.1471
     596      14.7333
     597      14.4985
     598      14.0447
     599      14.3850
     600      14.8434
     601      14.4859
     602      14.8492
     603      14.8651
     604      14.2349
     605      14.3790
     606      15.0555
     607      14.3323
     608      14.8667
     609      13.7459
     610      14.6163
     611      14.5581
     612      14.6113
     613      14.6583
     614      14.3120
     615      14.2826
     616      14.9352
     617      14.2487
     618      14.1689
     619      14.7755
     620      14.8696
     621      14.3103
     622      14.6083
     623      14.1079
     624      14.7856
     625      14.6174
     626      15.1130
     627      15.0097
     628      15.1312
     629      14.3073
     630      14.6957
     631      14.5621
     632      14.5913
     633      14.3979
     634      14.7275
     635      14.5459
     636      14.3928
     637      14.7332
     638      14.9964
     639      14.9312
     640      14.7096
     641      14.3987
     642      14.4434
     643      14.2313
     644      14.3826
     645      13.8872
     646      14.0510
     647      14.3626
     648      14.2419
     649      13.8091
     650      13.9777
     651      14.1632
     652      13.5030
     653      13.4557
     654      13.3896
     655      13.5994
     656      13.6345
     657      14.0626
     658      13.8272
     659      13.0496
     660      13.4764
     661      13.1496
     662      13.4956
     663      13.6324
     664      13.5890
     665      13.4172
     666      13.6116
     667      14.0608
     668      13.7656
     669      13.5210
     670      12.7906
     671      13.2336
     672      13.1916
     673      13.5065
     674      13.8234
     675      13.7034
     676      13.7981
     677      13.6868
     678      13.9491
     679      13.8704
     680      13.8573
     681      13.6065
     682      13.8715
     683      13.1295
     684      13.5910
     685      13.0267
     686      13.5936
     687      13.6536
     688      13.6649
     689      14.0432
     690      13.6863
     691      13.2562
     692      12.9907
     693      13.5356
     694      13.7995
     695      13.4919
     696      13.2698
     697      13.4572
     698      13.7604
     699      14.0954
     700      13.1082
     701      14.0457
     702      13.7985
     703      13.3181
     704      13.5696
     705      13.3951
     706      13.6750
     707      13.5981
     708      13.6597
     709      13.3838
     710      13.0361
     711      12.8364
     712      13.0021
     713      13.4351
     714      13.8708
     715      13.5364
     716      13.5591
     717      12.8707
     718      13.1836
     719      12.8357
     720      13.2502
     721      13.7951
     722      13.4675
     723      12.9027
     724      13.4746
     725      12.9895
     726      12.5454
     727      12.9559
     728      12.7891
     729      13.1285
     730      13.1823
     731      12.9131
     732      13.4833
     733      12.8991
     734      13.4969
     735      12.4010
     736      13.1594
     737      13.0205
     738      13.2861
     739      13.0332
     740      13.0257
     741      12.9355
     742      12.6506
     743      12.5827
     744      12.4878
     745      12.8863
     746      13.0650
     747      13.0375
     748      13.0190
     749      13.1147
     750      13.1925
     751      13.0920
     752      13.1851
     753      12.7841
     754      13.1842
     755      13.2713
     756      13.0992
     757      13.2118
     758      12.9273
     759      13.7088
     760      12.6906
     761      12.6475
     762      13.2970
     763      13.2022
     764      13.0531
     765      13.2099
     766      13.4634
     767      13.2670
     768      12.8803
     769      12.9615
     770      13.0272
     771      13.2700
     772      13.3820
     773      13.3661
     774      13.2998
     775      13.2159
     776      13.6524
     777      13.1576
     778      13.3576
     779      13.3950
     780      13.5659
     781      13.7769
     782      13.4266
     783      13.5484
     784      13.2059
     785      13.3493
     786      12.7780
     787      12.7207
     788      13.1066
     789      13.4854
     790      13.0723
     791      13.2454
     792      13.2584
     793      12.8575
     794      13.5641
     795      13.4215
     796      13.4065
     797      13.8234
     798      13.9060
     799      13.2183
     800      13.1891
     801      13.4514
     802      13.8578
     803      13.0497
     804      13.5741
     805      13.4703
     806      13.3100
     807      13.3980
     808      13.4559
     809      12.8145
     810      13.0015
     811      13.1520
     812      12.9191
     813      12.8933
     814      13.3444
     815      13.0900
     816      12.7509
     817      13.1523
     818      12.8165
     819      12.8737
     820      13.4322
     821      13.3356
     822      13.3594
     823      12.7245
     824      13.4817
     825      13.0582
     826      12.9843
     827      12.4833
     828      12.6690
     829      12.0492
     830      13.2512
     831      12.1856
     832      12.5603
     833      12.5900
     834      12.6830
     835      13.0301
     836      12.7742
     837      13.0568
     838      12.7964
     839      13.0472
     840      12.5187
     841      12.3745
     842      12.8192
     843      12.3696
     844      12.9086
     845      13.0361
     846      12.6880
     847      12.7894
     848      13.0171
     849      12.6313
     850      12.9059
     851      12.3944
     852      13.2360
     853      13.3161
     854      12.8436
     855      12.8559
     856      12.8074
     857      12.9876
     858      12.7284
     859      13.1032
     860      13.2490
     861      13.0995
     862      12.9722
     863      13.2688
     864      12.5751
     865      12.8313
     866      13.0403
     867      12.7347
     868      12.4067
     869      12.7623
     870      12.5430
     871      12.8060
     872      12.4459
     873      12.6378
     874      12.8037
     875      13.1011
     876      12.8521
     877      13.1633
     878      13.0728
     879      13.1038
     880      12.6455
     881      12.9380
     882      13.0683
     883      12.9511
     884      12.2546
     885      12.4591
     886      12.5251
     887      12.9995
     888      12.7269
     889      12.8481
     890      12.7082
     891      12.6582
     892      12.6374
     893      13.1594
     894      12.4677
     895      12.4953
     896      12.9679
     897      12.5526
     898      12.3634
     899      13.0403
     900      12.9566
     901      13.3550
     902      12.9363
     903      12.9594
     904      13.0207
     905      12.7780
     906      12.8587
     907      13.2246
     908      12.8216
     909      12.8601
     910      12.2674
     911      12.8708
     912      12.7198
     913      13.3218
     914      12.7365
     915      12.4594
     916      12.9637
     917      12.5789
     918      12.7626
     919      12.9389
     920      12.8656
     921      12.9283
     922      12.6376
     923      12.9303
     924      12.7013
     925      12.8925
     926      13.1279
     927      12.7455
     928      13.4736
     929      12.9847
     930      13.0279
     931      13.0979
     932      13.0863
     933      13.2017
     934      13.0529
     935      13.2689
     936      12.9548
     937      13.3287
     938      12.6659
     939      12.6322
     940      12.5781
     941      12.7620
     942      12.6268
     943      12.6392
     944      12.9416
     945      13.4245
     946      13.1236
     947      12.9804
     948      12.6592
     949      12.5581
     950      13.0729
     951      13.5302
     952      13.0928
     953      13.2046
     954      12.7416
     955      12.7619
     956      12.9712
     957      13.3451
     958      12.9846
     959      12.8544
     960      12.7391
     961      12.5852
     962      13.0576
     963      13.3026
     964      13.2725
     965      13.0355
     966      12.6080
     967      13.0868
     968      13.0716
     969      13.3290
     970      12.7973
     971      12.9994
     972      13.0197
     973      13.1441
     974      13.3097
     975      12.6329
     976      12.8134
     977      13.3418
     978      13.5035
     979      13.6559
     980      13.0197
     981      13.1801
     982      13.2776
     983      13.2365
     984      13.6330
     985      12.8563
     986      12.6806
     987      12.7079
     988      13.3041
     989      13.3277
     990      12.5725
     991      12.8047
     992      12.3517
     993      13.2036
     994      13.2863
     995      13.1422
     996      13.5370
     997      13.0169
     998      13.0334
     999      12.7965
    1000      13.5031
    1001      13.4912
    1002      13.7301
    1003      13.6635
    1004      13.3682
    1005      13.5010
    1006      13.7843
    1007      13.2644
    1008      13.6139
    1009      13.3833
    1010      12.7915
    1011      13.3369
    1012      13.1098
    1013      13.2685
    1014      12.9713
    1015      13.0661
    1016      13.0300
    1017      13.1878
    1018      12.6616
    1019      12.8160
    1020      12.7442
    1021      12.5101
    1022      12.8648
    1023      12.9938
    1024      13.0577
    1025      13.1951
    1026      13.0834
    1027      12.5772
    1028      13.7000
    1029      12.9999
    1030      12.7779
    1031      12.7505
    1032      13.0703
    1033      13.1311
    1034      12.9109
    1035      13.2256
    1036      12.6756
    1037      13.3050
    1038      12.7350
    1039      13.3364
    1040      13.0918
    1041      13.3961
    1042      12.3997
    1043      12.8362
    1044      12.6670
    1045      13.2333
    1046      13.1514
    1047      12.9252
    1048      13.1778
    1049      12.8405
    1050      13.1784
    1051      13.2478
    1052      13.2734
    1053      12.9125
    1054      13.4765
    1055      12.4904
    1056      13.2433
    1057      12.8265
    1058      13.1302
    1059      12.7014
    1060      13.0697
    1061      12.6969
    1062      12.6855
    1063      12.6079
    1064      13.3323
    1065      13.2110
    1066      13.0487
    1067      13.1967
    1068      13.5963
    1069      13.4516
    1070      12.7117
    1071      12.8628
    1072      13.2180
    1073      13.0567
    1074      12.6245
    1075      12.5665
    1076      13.0731
    1077      12.8071
    1078      12.9884
    1079      13.2311
    1080      13.2850
    1081      12.8446
    1082      12.8578
    1083      13.0933
    1084      13.1524
    1085      13.1478
    1086      12.7691
    1087      12.8366
    1088      13.0794
    1089      13.1924
    1090      12.4145
    1091      13.1928
    1092      13.8917
    1093      12.6624
    1094      12.6445
    1095      12.7302
    1096      12.8160
    1097      13.0080
    1098      12.8268
    1099      13.2248
    1100      12.5337
    1101      12.5116
    1102      13.0135
    1103      13.2477
    1104      13.3553
    1105      13.4249
    1106      13.2214
    1107      13.3640
    1108      13.1221
    1109      13.1031
    1110      12.8481
    1111      12.7759
    1112      13.3284
    1113      13.4368
    1114      13.1198
    1115      13.2248
    1116      13.1961
    1117      13.2591
    1118      13.0036
    1119      12.8971
    1120      12.8211
    1121      13.0777
    1122      13.4609
    1123      12.9754
    1124      13.3846
    1125      13.3217
    1126      13.1094
    1127      13.1141
    1128      12.7998
    1129      13.2525
    1130      12.9825
    1131      13.5218
    1132      13.0185
    1133      13.0174
    1134      12.9211
    1135      12.8742
    1136      12.5734
    1137      12.9927
    1138      13.0466
    1139      12.6469
    1140      13.0789
    1141      13.1068
    1142      13.5650
    1143      12.9031
    1144      12.6640
    1145      12.5546
    1146      12.1621
    1147      13.0031
    1148      13.3591
    1149      12.6451
    1150      13.1415
    1151      13.3527
    1152      12.7997
    1153      12.6168
    1154      12.2781
    1155      12.6523
    1156      13.3196
    1157      12.7058
    1158      12.8768
    1159      13.0810
    1160      13.0755
    1161      13.1278
    1162      13.1905
    1163      12.5693
    1164      12.7857
    1165      12.6796
    1166      12.5706
    1167      12.4018
    1168      12.6934
    1169      13.0990
    1170      12.6573
    1171      12.6548
    1172      12.8973
    1173      13.2871
    1174      12.6394
    1175      13.1998
    1176      13.0926
    1177      13.6079
    1178      12.8154
    1179      13.3521
    1180      13.1389
    1181      13.0629
    1182      13.2794
    1183      12.5665
    1184      12.9624
    1185      13.3447
    1186      12.7644
    1187      12.7650
    1188      12.9358
    1189      13.1830
    1190      12.6067
    1191      12.9768
    1192      13.1384
    1193      12.7152
    1194      12.3738
    1195      12.3002
    1196      12.8936
    1197      13.3139
    1198      13.6869
    1199      13.2873
    1200      13.5646
    1201      13.0570
    1202      12.5195
    1203      13.3784
    1204      13.0701
    1205      12.6571
    1206      12.7407
    1207      12.4201
    1208      13.0516
    1209      13.1839
    1210      12.9398
    1211      12.3019
    1212      12.9423
    1213      12.9827
    1214      12.9575
    1215      12.5410
    1216      12.7472
    1217      13.1665
    1218      12.7615
    1219      13.0597
    1220      13.0975
    1221      12.8477
    1222      13.1877
    1223      12.9341
    1224      13.2696
    1225      12.9836
    1226      12.2565
    1227      13.2660
    1228      12.5325
    1229      12.6580
    1230      13.2776
    1231      13.2611
    1232      12.9686
    1233      12.5648
    1234      13.1578
    1235      13.2306
    1236      12.7159
    1237      12.8962
    1238      13.0543
    1239      12.8889
    1240      13.1174
    1241      13.3358
    1242      12.7546
    1243      12.5619
    1244      12.6363
    1245      12.7036
    1246      12.8979
    1247      13.0286
    1248      13.1560
    1249      13.3179
    1250      13.0144
    1251      13.0837
    1252      13.1405
    1253      12.9991
    1254      12.5468
    1255      12.7668
    1256      12.9164
    1257      13.2782
    1258      12.7598
    1259      12.9514
    1260      12.8579
    1261      13.0247
    1262      12.7161
    1263      12.8421
    1264      12.7738
    1265      12.3703
    1266      13.1137
    1267      12.7032
    1268      12.4459
    1269      12.8363
    1270      12.5863
    1271      12.6631
    1272      12.8333
    1273      12.6383
    1274      13.2561
    1275      13.0637
    1276      13.2760
    1277      12.7562
    1278      12.9034
    1279      12.7151
    1280      12.9424
    1281      13.3232
    1282      13.3260
    1283      13.2389
    1284      13.0006
    1285      12.7343
    1286      12.6367
    1287      13.7852
    1288      13.0814
    1289      13.4315
    1290      12.6644
    1291      13.1065
    1292      13.1346
    1293      13.0932
    1294      12.8529
    1295      13.0199
    1296      12.8482
    1297      12.6085
    1298      13.1206
    1299      12.8621
    1300      13.1573
    1301      13.0836
    1302      12.8510
    1303      12.7021
    1304      12.5865
    1305      12.9898
    1306      12.2559
    1307      12.8758
    1308      13.4845
    1309      13.0825
    1310      13.0877
    1311      12.9097
    1312      12.5787
    1313      12.9527
    1314      12.4672
    1315      12.6043
    1316      12.9862
    1317      12.6299
    1318      12.3505
    1319      12.3859
    1320      12.7670
    1321      13.4986
    1322      13.0263
    1323      12.8758
    1324      13.2605
    1325      12.9720
    1326      12.8792
    1327      13.3923
    1328      13.0276
    1329      13.1594
    1330      13.0284
    1331      13.1838
    1332      13.2281
    1333      13.0946
    1334      12.7348
    1335      13.0665
    1336      12.8214
    1337      12.7677
    1338      12.9492
    1339      13.2511
    1340      12.7541
    1341      13.0576
    1342      13.2232
    1343      12.7358
    1344      13.1117
    1345      12.6718
    1346      13.1945
    1347      13.2830
    1348      13.4249
    1349      12.7553
    1350      13.3328
    1351      13.0748
    1352      12.8845
    1353      12.7634
    1354      13.1271
    1355      13.0282
    1356      13.1004
    1357      13.2684
    1358      13.8830
    1359      13.7980
    1360      13.3460
    1361      12.8630
    1362      13.3670
    1363      13.5342
    1364      13.1252
    1365      12.7082
    1366      13.7036
    1367      13.4182
    1368      13.0141
    1369      12.9137
    1370      13.0420
    1371      13.1606
    1372      12.6783
    1373      13.2644
    1374      13.4089
    1375      13.0873
    1376      13.0158
    1377      13.2632
    1378      12.8906
    1379      13.7075
    1380      13.1771
    1381      13.2669
    1382      12.7758
    1383      13.0153
    1384      13.2950
    1385      13.1122
    1386      12.7596
    1387      13.0728
    1388      13.1195
    1389      13.0169
    1390      12.8535
    1391      13.0454
    1392      12.5858
    1393      12.3702
    1394      12.9434
    1395      13.1400
    1396      13.0139
    1397      13.1016
    1398      12.7472
    1399      13.2469
    1400      12.7374
    1401      13.1686
    1402      12.8432
    1403      12.8366
    1404      13.4195
    1405      13.0601
    1406      13.0854
    1407      12.7590
    1408      13.1346
    1409      13.0194
    1410      13.4787
    1411      13.1650
    1412      13.3553
    1413      13.1037
    1414      13.2181
    1415      13.2212
    1416      12.5443
    1417      13.0310
    1418      13.3699
    1419      13.2193
    1420      13.2635
    1421      12.9715
    1422      12.9671
    1423      13.6302
    1424      12.9399
    1425      13.1860
    1426      13.3206
    1427      13.3521
    1428      13.5124
    1429      13.7365
    1430      13.3704
    1431      13.5150
    1432      13.4198
    1433      13.5071
    1434      13.1726
    1435      13.3800
    1436      12.8463
    1437      12.7006
    1438      12.9855
    1439      13.1098
    1440      13.4239
    1441      12.8451
    1442      13.1060
    1443      13.0878
    1444      13.1587
    1445      13.5000
    1446      12.7010
    1447      13.1612
    1448      13.4835
    1449      13.3110
    1450      13.4984
    1451      13.3788
    1452      13.2253
    1453      13.4639
    1454      13.6768
    1455      13.5534
    1456      13.0320
    1457      12.8460
    1458      12.9784
    1459      13.4878
    1460      12.8983
    1461      13.5844
    1462      13.8393
    1463      13.2661
    1464      13.4033
    1465      12.6556
    1466      12.9979
    1467      13.0084
    1468      12.8004
    1469      13.2115
    1470      13.2243
    1471      13.0988
    1472      13.4375
    1473      13.8254
    1474      13.9159
    1475      13.6470
    1476      13.8632
    1477      13.3812
    1478      13.2321
    1479      12.8425
    1480      13.6145
    1481      13.3658
    1482      13.3600
    1483      13.0257
    1484      13.1261
    1485      12.7884
    1486      12.9890
    1487      12.6749
    1488      12.8888
    1489      12.8104
    1490      13.1889
    1491      12.8328
    1492      12.8689
    1493      13.2940
    1494      12.9163
    1495      13.4787
    1496      13.2237
    1497      12.7087
    1498      13.1970
    1499      13.1652
    1500      13.4941
    1501      12.8698
    1502      12.8457
    1503      13.2427
    1504      12.9240
    1505      13.1155
    1506      12.9464
    1507      13.1810
    1508      13.1934
    1509      13.1163
    1510      12.7550
    1511      13.0142
    1512      12.8778
    1513      13.1667
    1514      13.2272
    1515      13.2365
    1516      13.0588
    1517      12.7551
    1518      13.3924
    1519      13.0888
    1520      13.0996
    1521      12.9460
    1522      13.1972
    1523      12.6555
    1524      12.6357
    1525      13.1080
    1526      13.2657
    1527      12.8117
    1528      12.9777
    1529      13.2095
    1530      13.3072
    1531      13.5537
    1532      13.1607
    1533      13.5227
    1534      13.4380
    1535      13.2106
    1536      13.3027
    1537      13.4272
    1538      13.2556
    1539      13.2862
    1540      13.2586
    1541      13.8069
    1542      13.7597
    1543      13.3718
    1544      13.5814
    1545      12.9255
    1546      12.6277
    1547      13.0078
    1548      13.5424
    1549      13.1408
    1550      13.1669
    1551      13.1638
    1552      13.4189
    1553      13.0402
    1554      13.0907
    1555      13.1249
    1556      12.8447
    1557      12.9620
    1558      13.0836
    1559      13.3376
    1560      12.8753
    1561      13.0142
    1562      13.3922
    1563      12.3375
    1564      13.1955
    1565      12.7731
    1566      12.9598
    1567      12.7107
    1568      13.2501
    1569      12.7373
    1570      13.5388
    1571      13.1315
    1572      13.3705
    1573      12.8846
    1574      13.2759
    1575      13.5314
    1576      13.1124
    1577      13.0612
    1578      13.0549
    1579      12.6377
    1580      12.9087
    1581      12.9655
    1582      12.8701
    1583      13.0530
    1584      13.3613
    1585      13.3609
    1586      13.0628
    1587      13.0092
    1588      13.3814
    1589      13.5777
    1590      12.8863
    1591      13.4509
    1592      13.1029
    1593      13.3099
    1594      13.4575
    1595      12.2442
    1596      12.5675
    1597      13.2440
    1598      13.1810
    1599      13.3383
    1600      13.2949
    1601      13.3419
    1602      13.1060
    1603      12.9123
    1604      12.9555
    1605      13.1170
    1606      12.5892
    1607      12.5346
    1608      12.4015
    1609      12.6540
    1610      13.0353
    1611      12.5839
    1612      12.6411
    1613      13.0823
    1614      13.2427
    1615      12.9101
    1616      12.6780
    1617      12.6430
    1618      13.1733
    1619      13.0196
    1620      13.4701
    1621      12.9472
    1622      12.9206
    1623      13.5089
    1624      13.1038
    1625      13.2255
    1626      13.2985
    1627      12.8203
    1628      12.7511
    1629      12.8973
    1630      13.3329
    1631      13.3195
    1632      13.3095
    1633      13.6226
    1634      13.4544
    1635      12.9199
    1636      12.9604
    1637      13.6212
    1638      13.2129
    1639      13.1644
    1640      13.5186
    1641      13.1209
    1642      12.9634
    1643      12.4444
    1644      13.0538
    1645      13.6124
    1646      13.5829
    1647      13.6555
    1648      13.2925
    1649      13.8765
    1650      13.2506
    1651      13.8403
    1652      13.0314
    1653      13.2312
    1654      12.9726
    1655      13.0306
    1656      13.2888
    1657      13.5547
    1658      12.6602
    1659      12.8825
    1660      13.9308
    1661      13.4327
    1662      13.4615
    1663      13.1957
    1664      13.4569
    1665      12.8694
    1666      13.0446
    1667      13.3689
    1668      13.5167
    1669      13.0417
    1670      13.2548
    1671      13.8514
    1672      13.0352
    1673      12.7571
    1674      12.9809
    1675      12.4489
    1676      13.2030
    1677      13.1996
    1678      13.2616
    1679      13.1989
    1680      13.1726
    1681      14.1106
    1682      13.8981
    1683      13.9774
    1684      13.2416
    1685      13.6665
    1686      13.2823
    1687      13.0050
    1688      13.2270
    1689      13.5426
    1690      13.4613
    1691      13.1177
    1692      13.7241
    1693      13.9410
    1694      13.1581
    1695      14.1458
    1696      13.1392
    1697      13.5158
    1698      13.2775
    1699      13.0950
    1700      13.4730
    1701      13.2111
    1702      13.4593
    1703      13.2119
    1704      13.5764
    1705      13.4796
    1706      13.2594
    1707      12.7232
    1708      12.8456
    1709      12.9435
    1710      12.9422
    1711      12.7191
    1712      13.5156
    1713      12.9938
    1714      13.2018
    1715      13.8160
    1716      13.9877
    1717      14.2568
    1718      13.8203
    1719      14.5565
    1720      13.9070
    1721      13.7777
    1722      13.3335
    1723      12.9886
    1724      13.3474
    1725      13.1227
    1726      13.0587
    1727      12.8370
    1728      12.7876
    1729      13.3944
    1730      13.5586
    1731      13.4108
    1732      13.5011
    1733      12.9393
    1734      13.6663
    1735      13.1433
    1736      13.2840
    1737      13.2564
    1738      13.5931
    1739      13.0352
    1740      13.3737
    1741      13.0947
    1742      13.1609
    1743      13.6923
    1744      13.2180
    1745      13.5011
    1746      13.0610
    1747      12.8623
    1748      13.0757
    1749      13.1470
    1750      12.8471
    1751      13.2881
    1752      12.9274
    1753      13.0097
    1754      13.0048
    1755      12.7664
    1756      13.2011
    1757      13.3014
    1758      13.1768
    1759      12.8106
    1760      13.3365
    1761      12.6418
    1762      12.8261
    1763      12.9943
    1764      13.5610
    1765      13.0172
    1766      13.0806
    1767      13.2055
    1768      13.1956
    1769      12.8723
    1770      13.5149
    1771      13.7316
    1772      13.2984
    1773      12.9913
    1774      13.0574
    1775      12.9202
    1776      13.2862
    1777      12.8456
    1778      13.3218
    1779      13.5791
    1780      12.8881
    1781      13.2306
    1782      12.8597
    1783      13.0947
    1784      13.6021
    1785      13.3380
    1786      13.1295
    1787      12.9317
    1788      13.5442
    1789      12.8484
    1790      13.5110
    1791      13.3475
    1792      12.6670
    1793      12.9316
    1794      12.8753
    1795      13.0288
    1796      13.2872
    1797      13.2860
    1798      12.9204
    1799      12.9561
    1800      13.2264
    1801      13.5119
    1802      12.2345
    1803      12.9642
    1804      12.7641
    1805      12.8083
    1806      12.9419
    1807      12.8156
    1808      12.9502
    1809      12.5237
    1810      13.6457
    1811      12.8692
    1812      13.3062
    1813      13.1695
    1814      12.6643
    1815      12.5110
    1816      13.2825
    1817      12.9932
    1818      13.1105
    1819      13.0225
    1820      13.9161
    1821      13.1302
    1822      12.9688
    1823      13.0482
    1824      13.3751
    1825      13.2383
    1826      13.2725
    1827      13.0886
    1828      13.5693
    1829      13.2244
    1830      13.0949
    1831      12.7645
    1832      13.3464
    1833      13.7244
    1834      13.0905
    1835      12.9115
    1836      13.0795
    1837      12.7694
    1838      12.5957
    1839      13.0296
    1840      12.8196
    1841      12.7423
    1842      13.2477
    1843      12.9051
    1844      12.9322
    1845      12.9747
    1846      13.1494
    1847      12.6031
    1848      13.2293
    1849      12.6932
    1850      13.4628
    1851      12.9658
    1852      13.2483
    1853      13.4834
    1854      12.9337
    1855      12.7279
    1856      12.9368
    1857      12.7644
    1858      13.0014
    1859      13.0465
    1860      13.1829
    1861      13.2880
    1862      12.9257
    1863      12.8149
    1864      13.1490
    1865      12.9630
    1866      12.7923
    1867      13.0794
    1868      12.9502
    1869      12.5384
    1870      13.3490
    1871      13.5581
    1872      12.9908
    1873      12.5771
    1874      13.1935
    1875      13.1568
    1876      12.9547
    1877      13.0737
    1878      13.2070
    1879      13.3464
    1880      13.0911
    1881      13.2255
    1882      13.0947
    1883      12.9562
    1884      13.2618
    1885      12.7842
    1886      12.6122
    1887      12.7179
    1888      12.2363
    1889      12.2113
    1890      12.2208
    1891      13.1173
    1892      13.0420
    1893      13.5537
    1894      13.5220
    1895      12.9659
    1896      13.1165
    1897      13.2258
    1898      13.2873
    1899      12.6518
    1900      13.1133
    1901      13.1312
    1902      13.9001
    1903      13.0542
    1904      13.2327
    1905      13.4334
    1906      13.2157
    1907      13.4954
    1908      13.1456
    1909      13.1545
    1910      13.3504
    1911      13.5341
    1912      13.2889
    1913      12.9316
    1914      13.6728
    1915      13.1487
    1916      13.0842
    1917      13.0801
    1918      13.0037
    1919      12.9682
    1920      12.9087
    1921      12.8994
    1922      13.2078
    1923      12.4181
    1924      12.5071
    1925      13.2201
    1926      13.2265
    1927      13.7802
    1928      13.1404
    1929      12.5820
    1930      12.7390
    1931      12.5617
    1932      13.3660
    1933      13.4400
    1934      13.3473
    1935      12.9489
    1936      13.4439
    1937      12.8806
    1938      13.0657
    1939      13.0884
    1940      13.6045
    1941      13.2448
    1942      13.1542
    1943      12.9951
    1944      12.9229
    1945      13.5421
    1946      12.9940
    1947      13.4830
    1948      12.4740
    1949      13.0467
    1950      12.8947
    1951      13.5264
    1952      13.4925
    1953      13.2337
    1954      12.9340
    1955      13.3658
    1956      13.9358
    1957      12.9870
    1958      13.2800
    1959      12.4727
    1960      13.2981
    1961      12.9343
    1962      13.0389
    1963      13.4510
    1964      13.4228
    1965      13.0439
    1966      13.6840
    1967      12.7733
    1968      13.3171
    1969      12.6814
    1970      13.2732
    1971      13.5401
    1972      13.7209
    1973      13.4868
    1974      13.1334
    1975      13.1336
    1976      13.1500
    1977      12.9284
    1978      13.3091
    1979      13.3080
    1980      12.7856
    1981      13.0527
    1982      12.8901
    1983      13.0051
    1984      12.5718
    1985      13.3986
    1986      12.7108
    1987      13.3832
    1988      12.8639
    1989      12.9265
    1990      13.1029
    1991      13.3406
    1992      12.7577
    1993      12.8160
    1994      12.5003
    1995      12.3904
    1996      12.5652
    1997      13.2330
    1998      12.9507
    1999      12.9513
    2000      12.6659
