#Frame           gate
       1       0.4165
       2       0.5100
       3       0.7105
       4       0.6346
       5       0.4852
       6       0.6012
       7       0.6214
       8       0.8260
       9       0.4924
      10       0.6254
      11       1.0510
      12       0.8829
      13       0.9736
      14       0.8842
      15       1.1431
      16       0.7493
      17       0.6353
      18       0.5468
      19       0.6734
      20       0.8449
      21       0.6840
      22       1.2110
      23       1.1161
      24       1.1157
      25       0.6779
      26       0.8325
      27       1.1018
      28       0.9130
      29       0.8416
      30       0.9592
      31       0.7299
      32       0.7230
      33       0.9094
      34       0.9050
      35       1.0379
      36       0.7620
      37       0.6014
      38       0.9475
      39       1.1257
      40       1.4167
      41       0.9825
      42       1.1607
      43       0.6998
      44       1.0840
      45       1.3006
      46       1.3921
      47       1.3544
      48       0.9707
      49       1.2647
      50       0.9316
      51       0.5288
      52       0.6244
      53       0.6344
      54       0.5515
      55       0.5774
      56       0.8291
      57       0.5405
      58       0.6181
      59       0.5567
      60       0.7652
      61       0.5049
      62       0.6577
      63       0.6891
      64       0.4346
      65       0.5295
      66       0.8222
      67       0.8073
      68       0.8076
      69       0.6254
      70       0.7367
      71       0.9456
      72       1.1250
      73       0.9894
      74       1.0098
      75       0.7268
      76       0.7796
      77       0.4937
      78       0.6841
      79       0.9450
      80       0.9259
      81       0.8058
      82       0.8944
      83       0.6402
      84       0.6793
      85       0.8295
      86       0.7565
      87       0.9397
      88       0.9690
      89       1.1350
      90       0.9703
      91       1.2964
      92       1.0172
      93       1.2973
      94       1.4905
      95       1.3700
      96       1.2629
      97       1.4010
      98       1.1302
      99       1.1233
     100       1.4637
     101       1.3888
     102       1.5959
     103       1.4665
     104       1.4436
     105       1.1063
     106       1.3671
     107       1.1291
     108       1.2944
     109       1.5639
     110       1.3324
     111       0.8190
     112       1.1806
     113       0.9638
     114       0.6379
     115       0.7454
     116       0.9528
     117       0.9536
     118       1.0373
     119       0.7207
     120       0.9314
     121       0.6900
     122       0.6573
     123       0.6649
     124       0.7394
     125       0.8912
     126       0.9010
     127       0.8989
     128       0.8041
     129       0.8945
     130       0.7970
     131       1.0698
     132       1.2561
     133       0.9271
     134       0.9591
     135       0.6653
     136       0.5349
     137       0.6157
     138       0.9068
     139       1.0273
     140       0.6067
     141       0.9181
     142       0.6017
     143       0.5301
     144       0.8686
     145       0.5719
     146       0.6755
     147       0.7149
     148       0.6559
     149       0.8823
     150       0.9666
     151       0.9418
     152       1.0810
     153       1.0469
     154       1.0205
     155       0.6937
     156       0.7597
     157       0.6654
     158       0.7729
     159       0.5378
     160       0.6702
     161       0.5371
     162       0.7463
     163       0.6567
     164       0.9791
     165       0.7452
     166       1.0632
     167       0.8393
     168       0.7726
     169       1.0500
     170       1.2616
     171       1.2530
     172       1.1792
     173       0.9683
     174       1.1775
     175       1.0282
     176       0.6595
     177       0.7880
     178       0.8135
     179       0.7636
     180       0.6474
     181       0.4638
     182       0.7678
     183       0.6456
     184       0.9868
     185       1.0020
     186       1.1579
     187       1.5501
     188       1.5370
     189       0.8495
     190       0.9580
     191       0.8724
     192       0.5114
     193       0.6815
     194       0.8928
     195       0.8305
     196       1.0811
     197       1.3766
     198       1.4929
     199       1.4839
     200       1.4251
     201       1.4799
     202       1.4788
     203       1.5307
     204       1.0879
     205       1.2154
     206       1.2883
     207       1.0468
     208       1.5667
     209       0.9400
     210       1.5617
     211       0.9259
     212       0.9099
     213       0.9814
     214       0.6400
     215       0.8926
     216       0.9442
     217       0.9052
     218       1.0025
     219       0.9619
     220       0.9855
     221       1.2198
     222       1.2016
     223       1.5541
     224       1.2408
     225       1.2815
     226       0.9880
     227       1.2674
     228       0.7314
     229       1.0589
     230       1.0919
     231       1.2372
     232       1.3766
     233       1.4030
     234       1.2806
     235       1.4267
     236       1.2372
     237       0.8368
     238       0.6450
     239       1.1154
     240       1.1417
     241       0.5831
     242       0.6007
     243       0.9021
     244       0.9995
     245       0.7052
     246       0.6068
     247       0.6276
     248       0.8182
     249       0.6912
     250       0.5879
     251       0.7258
     252       0.8599
     253       0.7366
     254       1.3134
     255       0.8331
     256       0.8793
     257       1.2506
     258       1.5085
     259       1.1246
     260       1.1875
     261       1.2998
     262       0.8558
     263       0.7207
     264       1.1804
     265       1.0234
     266       1.2480
     267       1.6190
     268       1.0806
     269       1.6421
     270       1.0673
     271       1.3757
     272       1.4379
     273       1.3059
     274       1.3350
     275       0.7022
     276       0.8003
     277       0.6116
     278       0.9356
     279       1.0949
     280       0.9374
     281       0.8321
     282       0.8023
     283       0.9297
     284       0.9172
     285       1.2248
     286       0.8430
     287       0.8172
     288       1.0577
     289       0.9579
     290       0.8851
     291       1.1738
     292       1.1320
     293       0.7306
     294       0.9719
     295       0.9583
     296       1.0107
     297       1.0339
     298       0.9050
     299       0.7019
     300       0.6260
     301       0.9839
     302       1.0976
     303       1.2342
     304       1.1413
     305       1.3142
     306       1.0979
     307       1.0433
     308       0.7719
     309       0.7980
     310       1.0214
     311       0.7552
     312       0.8392
     313       0.7065
     314       0.7128
     315       0.7090
     316       1.2801
     317       1.1315
     318       0.8120
     319       1.6272
     320       1.1061
     321       1.1873
     322       1.3656
     323       1.3564
     324       1.2595
     325       0.9440
     326       1.0108
     327       0.9444
     328       0.9873
     329       1.1716
     330       1.0932
     331       1.2272
     332       1.2772
     333       1.0685
     334       1.0174
     335       1.0249
     336       1.0519
     337       0.9264
     338       1.3043
     339       0.7997
     340       1.2084
     341       0.8084
     342       0.9594
     343       1.2740
     344       1.1627
     345       1.0317
     346       1.0562
     347       0.8538
     348       0.8708
     349       1.1363
     350       0.9940
     351       1.1086
     352       1.2426
     353       1.2068
     354       1.1240
     355       0.7620
     356       0.9155
     357       0.8444
     358       0.5443
     359       0.8973
     360       0.6183
     361       0.7151
     362       1.0980
     363       1.0194
     364       0.8388
     365       0.7971
     366       0.6436
     367       1.1087
     368       0.9744
     369       0.9464
     370       1.1198
     371       0.9491
     372       1.0036
     373       0.8587
     374       0.7599
     375       0.9809
     376       1.0262
     377       1.1459
     378       1.2071
     379       1.3460
     380       0.7206
     381       0.5647
     382       0.4039
     383       0.6604
     384       0.6306
     385       0.5716
     386       0.6706
     387       0.8889
     388       1.0218
     389       1.6480
     390       1.4316
     391       1.3317
     392       1.5255
     393       1.2681
     394       1.2451
     395       0.5218
     396       0.8042
     397       0.8832
     398       0.6208
     399       0.4834
     400       0.5003
     401       0.6406
     402       0.8489
     403       0.7634
     404       0.7555
     405       0.9946
     406       0.9492
     407       0.8492
     408       1.2395
     409       1.0737
     410       0.7015
     411       0.8466
     412       0.9799
     413       0.9896
     414       1.1451
     415       1.0127
     416       1.0166
     417       1.0399
     418       1.1605
     419       1.3702
     420       1.0014
     421       0.8942
     422       0.9557
     423       1.0690
     424       1.2329
     425       0.6551
     426       0.8649
     427       1.3735
     428       1.1291
     429       1.0831
     430       1.3654
     431       1.0269
     432       0.7622
     433       0.7031
     434       1.1621
     435       1.0919
     436       1.1839
     437       1.3184
     438       1.2231
     439       0.8668
     440       1.1272
     441       1.2707
     442       1.2232
     443       1.3037
     444       1.2902
     445       1.2169
     446       0.6706
     447       0.9424
     448       1.2235
     449       0.8155
     450       0.6886
     451       0.7322
     452       0.7973
     453       0.7872
     454       1.2925
     455       1.1590
     456       1.3021
     457       1.4645
     458       1.2322
     459       1.2485
     460       1.0519
     461       0.5728
     462       0.8499
     463       0.7675
     464       0.9860
     465       1.3138
     466       0.8176
     467       1.4589
     468       1.3475
     469       1.2666
     470       1.2813
     471       1.1283
     472       1.0217
     473       1.5171
     474       1.2879
     475       1.2024
     476       1.5383
     477       1.4181
     478       1.1162
     479       1.2174
     480       0.9871
     481       0.9395
     482       1.2177
     483       0.6832
     484       0.8579
     485       1.0207
     486       1.1030
     487       1.1808
     488       1.0059
     489       0.9429
     490       0.9516
     491       1.2368
     492       1.0867
     493       1.0361
     494       0.9788
     495       1.0065
     496       1.2726
     497       1.3261
     498       1.1023
     499       0.9790
     500       1.1379
     501       0.9133
     502       1.0121
     503       1.0574
     504       0.6719
     505       0.7302
     506       0.4267
     507       0.9347
     508       0.8805
     509       0.8350
     510       1.1665
     511       1.1943
     512       1.1379
     513       1.0897
     514       0.9645
     515       0.9555
     516       1.0842
     517       1.1933
     518       1.2387
     519       1.3463
     520       1.0687
     521       1.1569
     522       0.8551
     523       0.6778
     524       0.4287
     525       0.7518
     526       0.4087
     527       0.8768
     528       0.6507
     529       0.8957
     530       0.9566
     531       1.0767
     532       0.9952
     533       0.6739
     534       0.8108
     535       1.0655
     536       1.7409
     537       1.5320
     538       2.0416
     539       1.8491
     540       1.6981
     541       2.1728
     542       1.9285
     543       1.9603
     544       1.7896
     545       1.5727
     546       1.4023
     547       1.5518
     548       1.0004
     549       1.3577
     550       1.0109
     551       0.7813
     552       1.1888
     553       0.8036
     554       1.2747
     555       0.7972
     556       1.2063
     557       0.9390
     558       0.9018
     559       0.7059
     560       0.8310
     561       0.8212
     562       0.5783
     563       1.1106
     564       0.4772
     565       0.4941
     566       0.6165
     567       1.0189
     568       1.0685
     569       0.7910
     570       1.0471
     571       0.8377
     572       0.6783
     573       0.8123
     574       0.8775
     575       0.7468
     576       1.0954
     577       1.0196
     578       0.8740
     579       0.9573
     580       0.8696
     581       0.9340
     582       0.8018
     583       0.9058
     584       1.0191
     585       1.0518
     586       0.7881
     587       0.9826
     588       0.7395
     589       0.6428
     590       0.7617
     591       1.1327
     592       1.0063
     593       1.0144
     594       1.2751
     595       1.2470
     596       1.0817
     597       1.0612
     598       1.3026
     599       1.2033
     600       0.9288
     601       0.6650
     602       0.7035
     603       0.5507
     604       0.4671
     605       0.6394
     606       0.7043
     607       0.7043
     608       1.0616
     609       0.7297
     610       0.6939
     611       0.8524
     612       1.1369
     613       1.0300
     614       1.2778
     615       0.9090
     616       0.6247
     617       0.9191
     618       0.6115
     619       0.7726
     620       0.9006
     621       0.7698
     622       1.1001
     623       1.4032
     624       1.0079
     625       1.1318
     626       1.0224
     627       1.1483
     628       1.2213
     629       1.0107
     630       1.0460
     631       0.9626
     632       1.1028
     633       0.7906
     634       0.9082
     635       1.2862
     636       1.2266
     637       0.9971
     638       1.3995
     639       0.7565
     640       0.9972
     641       1.3262
     642       1.0012
     643       1.2211
     644       0.8846
     645       0.8620
     646       1.0500
     647       0.9636
     648       0.7590
     649       0.7363
     650       0.7460
     651       0.8537
     652       0.4437
     653       0.7998
     654       0.8204
     655       0.9088
     656       0.9389
     657       0.6383
     658       0.7028
     659       1.0420
     660       1.0164
     661       0.8884
     662       1.1231
     663       1.0901
     664       0.9331
     665       0.7500
     666       0.7037
     667       0.5304
     668       0.7222
     669       0.8575
     670       0.8320
     671       0.8356
     672       0.5277
     673       0.6069
     674       0.8428
     675       1.1677
     676       0.9011
     677       0.9248
     678       1.0980
     679       0.9109
     680       1.0771
     681       1.4207
     682       0.6740
     683       0.8773
     684       0.9049
     685       1.1794
     686       0.8865
     687       0.8792
     688       0.9768
     689       0.6666
     690       1.0500
     691       0.9237
     692       0.8517
     693       0.9835
     694       1.0455
     695       1.2729
     696       0.9369
     697       0.9585
     698       1.3472
     699       0.9330
     700       0.6536
     701       0.9491
     702       1.1518
     703       0.8391
     704       1.1037
     705       0.8021
     706       0.7424
     707       0.6865
     708       0.8962
     709       0.6702
     710       1.2850
     711       1.1021
     712       1.0424
     713       1.3871
     714       1.0920
     715       1.2555
     716       1.1982
     717       1.0929
     718       0.9684
     719       1.0877
     720       0.9600
     721       1.0041
     722       0.7896
     723       0.9146
     724       0.7201
     725       1.0563
     726       1.1823
     727       0.9620
     728       0.9099
     729       0.8755
     730       1.1872
     731       0.8786
     732       1.0039
     733       0.7812
     734       0.9439
     735       0.8238
     736       0.8210
     737       1.0463
     738       0.9358
     739       1.1741
     740       0.8863
     741       1.0312
     742       1.0515
     743       0.6758
     744       0.7884
     745       0.9989
     746       0.9052
     747       1.4368
     748       1.3297
     749       1.2076
     750       0.8385
     751       0.6997
     752       0.8859
     753       0.8404
     754       0.5287
     755       0.8701
     756       0.7135
     757       0.7419
     758       0.8887
     759       1.0022
     760       0.5502
     761       0.5419
     762       0.8003
     763       0.5999
     764       0.6353
     765       0.8362
     766       0.4577
     767       0.7958
     768       1.2794
     769       0.7521
     770       1.4314
     771       0.7274
     772       0.5719
     773       0.5024
     774       0.5894
     775       0.4765
     776       0.8027
     777       0.5826
     778       0.6304
     779       0.7124
     780       0.6248
     781       0.7872
     782       0.7076
     783       0.9786
     784       0.7579
     785       0.7173
     786       0.5577
     787       0.6922
     788       0.8002
     789       1.1109
     790       0.9646
     791       0.7326
     792       0.9683
     793       0.7333
     794       0.6725
     795       0.9002
     796       0.7615
     797       0.8566
     798       0.5942
     799       0.6428
     800       0.5801
     801       1.0597
     802       0.5719
     803       0.6857
     804       0.7961
     805       0.7939
     806       0.8264
     807       0.9082
     808       1.1876
     809       1.1530
     810       0.5737
     811       0.4848
     812       0.9649
     813       1.0592
     814       0.7172
     815       0.6202
     816       0.6106
     817       0.9888
     818       0.8279
     819       0.4510
     820       0.4582
     821       0.4791
     822       0.8903
     823       0.4205
     824       0.6215
     825       0.8066
     826       0.5362
     827       0.5463
     828       0.5728
     829       0.5713
     830       0.7856
     831       0.4873
     832       0.4899
     833       0.6737
     834       0.5575
     835       0.7714
     836       0.6034
     837       0.6557
     838       0.9266
     839       0.9926
     840       0.7369
     841       1.2843
     842       0.8045
     843       1.1133
     844       1.5479
     845       1.1043
     846       1.2996
     847       1.2540
     848       1.5167
     849       1.0183
     850       0.8586
     851       1.1835
     852       0.6896
     853       0.7837
     854       1.2973
     855       1.1209
     856       0.7901
     857       0.9324
     858       1.1207
     859       0.5948
     860       1.1115
     861       0.7060
     862       0.6879
     863       0.5868
     864       0.8408
     865       0.8681
     866       0.8702
     867       0.7500
     868       1.3146
     869       1.2030
     870       1.4439
     871       1.1063
     872       0.9333
     873       0.9414
     874       0.5954
     875       0.7887
     876       1.2036
     877       0.7840
     878       0.8242
     879       0.7779
     880       1.0675
     881       0.7749
     882       1.0512
     883       1.5060
     884       1.6906
     885       1.0925
     886       1.0218
     887       1.0165
     888       0.8740
     889       0.9254
     890       1.1566
     891       1.0110
     892       0.9488
     893       0.7249
     894       0.8401
     895       1.1620
     896       0.7919
     897       1.0313
     898       0.8020
     899       1.0809
     900       0.5961
     901       0.9332
     902       0.9220
     903       0.8458
     904       0.7648
     905       1.0815
     906       0.8132
     907       0.8007
     908       0.8064
     909       0.5245
     910       0.5975
     911       0.6321
     912       1.0533
     913       0.9649
     914       0.5017
     915       0.6778
     916       0.8295
     917       0.6780
     918       0.8269
     919       0.9928
     920       1.0376
     921       0.9397
     922       1.1642
     923       0.9904
     924       0.9137
     925       0.7133
     926       0.8499
     927       1.5609
     928       1.2794
     929       1.3635
     930       0.7235
     931       0.5781
     932       0.9667
     933       0.8042
     934       0.7617
     935       0.7077
     936       0.7943
     937       0.8708
     938       0.7997
     939       0.7943
     940       0.7094
     941       0.8139
     942       0.9452
     943       1.1950
     944       1.4857
     945       1.2699
     946       0.6149
     947       0.6089
     948       0.9262
     949       0.8250
     950       0.6789
     951       0.7372
     952       0.9726
     953       0.6452
     954       0.6541
     955       0.9621
     956       0.7178
     957       0.8092
     958       1.0310
     959       0.8595
     960       0.7321
     961       0.6938
     962       0.8504
     963       0.8655
     964       0.9994
     965       1.1235
     966       0.7237
     967       0.6308
     968       0.6733
     969       0.6992
     970       0.8458
     971       0.8621
     972       1.0249
     973       1.0761
     974       1.0137
     975       0.8433
     976       0.9273
     977       1.0071
     978       0.7499
     979       0.9350
     980       0.8837
     981       0.7665
     982       0.7176
     983       0.7999
     984       0.7841
     985       0.8252
     986       0.6481
     987       0.6217
     988       0.5460
     989       0.7659
     990       0.9062
     991       0.8892
     992       0.9531
     993       0.8327
     994       0.7979
     995       1.1474
     996       1.6535
     997       1.3926
     998       1.1640
     999       1.7841
    1000       1.3103
    1001       0.8604
    1002       0.7561
    1003       1.1104
    1004       1.1270
    1005       1.1774
    1006       1.3484
    1007       1.0157
    1008       0.8886
    1009       0.8380
    1010       0.8643
    1011       0.6663
    1012       0.6907
    1013       1.0413
    1014       0.9935
    1015       0.5184
    1016       0.5738
    1017       0.9725
    1018       1.0137
    1019       0.7738
    1020       0.8287
    1021       0.6881
    1022       0.6941
    1023       0.8777
    1024       0.8232
    1025       0.7538
    1026       0.7328
    1027       1.0064
    1028       0.7180
    1029       0.6810
    1030       0.6733
    1031       0.9711
    1032       0.8704
    1033       1.1694
    1034       0.9122
    1035       1.0097
    1036       1.3974
    1037       1.4108
    1038       0.8155
    1039       0.7685
    1040       0.5757
    1041       0.9147
    1042       0.9609
    1043       1.0635
    1044       0.5970
    1045       0.6494
    1046       0.7475
    1047       0.6174
    1048       0.5461
    1049       0.5349
    1050       0.7631
    1051       0.6627
    1052       1.1254
    1053       0.8000
    1054       0.5210
    1055       0.5281
    1056       0.5939
    1057       0.8332
    1058       0.5785
    1059       0.8548
    1060       0.5925
    1061       0.6506
    1062       0.9573
    1063       0.5942
    1064       0.6114
    1065       0.6484
    1066       0.7257
    1067       0.7169
    1068       0.7809
    1069       0.8789
    1070       0.7646
    1071       0.8375
    1072       1.0562
    1073       0.9127
    1074       1.0324
    1075       1.2014
    1076       1.1883
    1077       1.1344
    1078       0.8688
    1079       0.7964
    1080       1.1671
    1081       1.1096
    1082       1.3115
    1083       1.2199
    1084       1.6824
    1085       1.3752
    1086       1.3745
    1087       1.1948
    1088       2.0069
    1089       1.7976
    1090       1.0090
    1091       0.7689
    1092       0.7541
    1093       1.1299
    1094       1.4553
    1095       0.6376
    1096       0.7183
    1097       0.8292
    1098       1.3406
    1099       1.5279
    1100       0.6704
    1101       0.7085
    1102       1.2020
    1103       0.9305
    1104       0.5922
    1105       0.6730
    1106       0.6976
    1107       0.6800
    1108       0.8607
    1109       0.8174
    1110       0.6565
    1111       0.6457
    1112       0.8895
    1113       0.8668
    1114       0.7241
    1115       1.1261
    1116       1.2689
    1117       1.0198
    1118       0.9917
    1119       1.2711
    1120       1.3961
    1121       1.4744
    1122       1.2699
    1123       1.0299
    1124       1.2121
    1125       1.0339
    1126       1.4271
    1127       1.8466
    1128       1.4412
    1129       1.3669
    1130       1.2616
    1131       1.3154
    1132       1.0696
    1133       1.4703
    1134       1.3532
    1135       1.2020
    1136       2.0262
    1137       1.6960
    1138       1.7718
    1139       1.5085
    1140       1.1456
    1141       1.1928
    1142       1.5640
    1143       1.2986
    1144       1.6237
    1145       1.3295
    1146       1.5851
    1147       1.6295
    1148       1.7648
    1149       1.3415
    1150       1.3521
    1151       1.7577
    1152       1.6318
    1153       1.3325
    1154       1.5722
    1155       1.3050
    1156       1.1688
    1157       1.5543
    1158       1.0688
    1159       1.3707
    1160       1.5470
    1161       1.3220
    1162       1.4787
    1163       1.4345
    1164       1.5716
    1165       1.5929
    1166       1.4582
    1167       1.4398
    1168       1.3797
    1169       1.6404
    1170       1.2999
    1171       1.3339
    1172       1.5751
    1173       1.2795
    1174       1.4869
    1175       1.3968
    1176       1.2930
    1177       1.6212
    1178       1.8809
    1179       2.0849
    1180       2.0493
    1181       1.7315
    1182       1.7842
    1183       1.6343
    1184       1.8510
    1185       1.9295
    1186       1.5183
    1187       1.6368
    1188       1.2114
    1189       1.0140
    1190       1.1896
    1191       0.9007
    1192       0.7742
    1193       1.3317
    1194       1.3052
    1195       1.4710
    1196       1.3927
    1197       1.5775
    1198       1.3193
    1199       1.0183
    1200       1.5533
    1201       1.3082
    1202       1.1411
    1203       1.0404
    1204       1.0390
    1205       0.9763
    1206       1.3040
    1207       1.3231
    1208       1.0148
    1209       1.5622
    1210       1.0695
    1211       1.2290
    1212       1.0139
    1213       1.6494
    1214       1.1571
    1215       1.2091
    1216       1.3913
    1217       1.2912
    1218       1.1725
    1219       1.0966
    1220       1.5294
    1221       1.4345
    1222       1.0488
    1223       1.0447
    1224       1.0601
    1225       1.2248
    1226       1.0110
    1227       1.1508
    1228       1.3275
    1229       1.4189
    1230       1.0858
    1231       1.2694
    1232       1.3303
    1233       1.4130
    1234       1.4486
    1235       1.1337
    1236       0.6566
    1237       0.8859
    1238       0.8707
    1239       1.2285
    1240       1.6408
    1241       1.2143
    1242       0.8629
    1243       1.2477
    1244       1.0582
    1245       0.8227
    1246       0.9281
    1247       0.9737
    1248       0.8936
    1249       0.9928
    1250       0.9411
    1251       1.3160
    1252       0.8920
    1253       0.7145
    1254       0.4515
    1255       1.0325
    1256       1.0018
    1257       0.8999
    1258       1.0568
    1259       1.0666
    1260       1.0379
    1261       0.8680
    1262       0.8257
    1263       1.2156
    1264       1.0816
    1265       0.8327
    1266       0.7036
    1267       0.7344
    1268       0.8342
    1269       0.9693
    1270       1.0233
    1271       0.4956
    1272       0.5366
    1273       0.6013
    1274       0.6738
    1275       0.6207
    1276       0.7773
    1277       1.0631
    1278       0.9962
    1279       0.8662
    1280       0.7823
    1281       0.5530
    1282       0.6792
    1283       0.7161
    1284       0.9490
    1285       1.1856
    1286       1.1547
    1287       0.7311
    1288       1.0052
    1289       0.9665
    1290       0.6979
    1291       1.0989
    1292       1.0125
    1293       0.8534
    1294       1.5313
    1295       1.2371
    1296       1.4393
    1297       1.3788
    1298       1.0503
    1299       0.6585
    1300       1.1104
    1301       0.6795
    1302       0.5346
    1303       1.1018
    1304       0.8013
    1305       0.7457
    1306       1.0204
    1307       2.0276
    1308       1.8789
    1309       1.5556
    1310       1.8832
    1311       1.2995
    1312       1.7627
    1313       1.6231
    1314       1.7229
    1315       1.9867
    1316       1.9924
    1317       1.9736
    1318       1.9085
    1319       1.9318
    1320       2.3558
    1321       2.2813
    1322       2.5307
    1323       2.0743
    1324       1.8164
    1325       1.8689
    1326       1.7678
    1327       1.5682
    1328       1.5518
    1329       1.9114
    1330       1.7204
    1331       1.4849
    1332       1.3461
    1333       0.7853
    1334       1.0583
    1335       0.9892
    1336       1.0426
    1337       1.2897
    1338       1.5789
    1339       1.1886
    1340       1.2098
    1341       1.0325
    1342       1.0515
    1343       1.5389
    1344       1.8878
    1345       1.6859
    1346       1.6032
    1347       2.1219
    1348       2.3067
    1349       2.2378
    1350       2.6621
    1351       2.6868
    1352       2.1495
    1353       2.3593
    1354       2.5323
    1355       2.6087
    1356       2.5939
    1357       2.3215
    1358       2.3106
    1359       2.1949
    1360       2.1516
    1361       1.7919
    1362       2.0209
    1363       2.6107
    1364       2.6609
    1365       2.3911
    1366       2.4427
    1367       1.9612
    1368       1.9614
    1369       2.5088
    1370       2.2734
    1371       1.7135
    1372       1.5052
    1373       2.0226
    1374       1.9292
    1375       1.4718
    1376       1.4307
    1377       1.8632
    1378       2.0753
    1379       2.3480
    1380       2.0269
    1381       2.3342
    1382       2.0965
    1383       2.1668
    1384       2.1576
    1385       2.3898
    1386       1.7910
    1387       2.4024
    1388       2.3995
    1389       2.2492
    1390       2.4457
    1391       2.2084
    1392       2.0515
    1393       2.4144
    1394       2.2757
    1395       2.3903
    1396       2.1414
    1397       1.9487
    1398       1.5918
    1399       1.6507
    1400       1.5529
    1401       0.9469
    1402       1.2261
    1403       1.4797
    1404       0.7819
    1405       1.4205
    1406       1.5878
    1407       1.4256
    1408       1.4458
    1409       1.2804
    1410       1.1434
    1411       1.4355
    1412       1.7344
    1413       1.4834
    1414       1.1749
    1415       1.4308
    1416       1.2164
    1417       1.3318
    1418       1.5516
    1419       1.3038
    1420       2.0618
    1421       1.8678
    1422       1.7796
    1423       1.3575
    1424       1.3593
    1425       1.5906
    1426       1.6299
    1427       2.2412
    1428       1.3129
    1429       1.3806
    1430       1.4897
    1431       1.3670
    1432       1.1104
    1433       1.7618
    1434       1.3936
    1435       1.4234
    1436       1.2545
    1437       1.2818
    1438       1.6023
    1439       1.4557
    1440       1.8116
    1441       1.3191
    1442       1.3798
    1443       1.4140
    1444       1.6029
    1445       1.2756
    1446       0.9880
    1447       1.1788
    1448       0.7877
    1449       0.6899
    1450       0.9844
    1451       1.0130
    1452       1.1133
    1453       1.1349
    1454       0.9567
    1455       1.6643
    1456       1.6158
    1457       0.9327
    1458       1.1536
    1459       1.0328
    1460       1.1726
    1461       1.1835
    1462       1.2064
    1463       1.1137
    1464       1.5033
    1465       1.6161
    1466       0.9044
    1467       1.9645
    1468       1.7749
    1469       1.7823
    1470       1.3715
    1471       1.3471
    1472       1.5753
    1473       1.7032
    1474       0.9054
    1475       1.2232
    1476       1.1322
    1477       1.4687
    1478       0.8984
    1479       0.9473
    1480       0.7091
    1481       1.2005
    1482       0.8800
    1483       1.2421
    1484       1.2950
    1485       1.1220
    1486       0.9058
    1487       1.4252
    1488       0.6973
    1489       1.2907
    1490       1.1328
    1491       1.1352
    1492       1.2397
    1493       0.8790
    1494       0.8278
    1495       0.6369
    1496       0.8154
    1497       0.5176
    1498       0.8045
    1499       0.8598
    1500       0.7982
    1501       0.9487
    1502       0.7014
    1503       0.5452
    1504       0.6714
    1505       0.7672
    1506       0.9079
    1507       0.8116
    1508       0.4209
    1509       0.7049
    1510       0.9585
    1511       1.0194
    1512       0.5424
    1513       0.5003
    1514       0.7674
    1515       0.4470
    1516       0.8197
    1517       1.0651
    1518       0.9556
    1519       0.9724
    1520       0.4610
    1521       0.6914
    1522       0.7202
    1523       0.5710
    1524       0.6092
    1525       0.4705
    1526       0.6718
    1527       0.6235
    1528       0.5118
    1529       0.6561
    1530       0.5511
    1531       0.7491
    1532       1.1572
    1533       1.2773
    1534       0.9624
    1535       0.9423
    1536       0.7444
    1537       1.0948
    1538       0.7455
    1539       0.6167
    1540       0.6593
    1541       0.5946
    1542       1.0283
    1543       0.5368
    1544       0.8119
    1545       0.5693
    1546       0.6633
    1547       0.9283
    1548       0.8414
    1549       0.7198
    1550       0.7834
    1551       1.1161
    1552       0.7558
    1553       0.7971
    1554       1.1820
    1555       1.0570
    1556       0.9844
    1557       0.9649
    1558       0.8658
    1559       0.8580
    1560       0.9244
    1561       0.7697
    1562       0.6991
    1563       0.9860
    1564       0.9756
    1565       0.5628
    1566       0.6909
    1567       0.6734
    1568       0.6124
    1569       0.6961
    1570       0.5041
    1571       1.0556
    1572       0.5177
    1573       0.7576
    1574       0.7295
    1575       0.8571
    1576       0.7851
    1577       0.8623
    1578       0.8230
    1579       0.4777
    1580       0.4985
    1581       0.5872
    1582       0.6065
    1583       0.8932
    1584       0.9566
    1585       0.6201
    1586       1.0048
    1587       0.6847
    1588       0.7609
    1589       0.4907
    1590       0.8237
    1591       0.8063
    1592       0.4942
    1593       0.4756
    1594       0.9402
    1595       0.4588
    1596       0.8258
    1597       0.7114
    1598       0.8513
    1599       0.9675
    1600       1.0530
    1601       0.7258
    1602       0.7184
    1603       0.8709
    1604       1.0286
    1605       1.0939
    1606       0.6519
    1607       1.1592
    1608       0.5984
    1609       0.9447
    1610       0.8520
    1611       0.8773
    1612       0.9205
    1613       0.5999
    1614       0.7988
    1615       0.6337
    1616       0.6959
    1617       0.7913
    1618       0.6334
    1619       1.0234
    1620       0.7961
    1621       0.8105
    1622       0.6441
    1623       0.7322
    1624       0.9547
    1625       0.7471
    1626       0.5079
    1627       0.6758
    1628       0.8371
    1629       0.5486
    1630       0.8500
    1631       0.6747
    1632       0.6494
    1633       0.8029
    1634       0.8692
    1635       0.6504
    1636       0.5036
    1637       0.6282
    1638       0.8757
    1639       0.8472
    1640       1.0797
    1641       0.8617
    1642       0.6817
    1643       1.0843
    1644       0.8194
    1645       0.6805
    1646       0.6006
    1647       0.6399
    1648       0.6908
    1649       0.7902
    1650       0.8324
    1651       0.7554
    1652       0.6489
    1653       0.7800
    1654       0.8986
    1655       0.9857
    1656       1.0937
    1657       0.9476
    1658       0.6677
    1659       0.6963
    1660       1.4513
    1661       0.7648
    1662       0.8418
    1663       0.6514
    1664       0.7459
    1665       0.6167
    1666       0.9914
    1667       1.0225
    1668       1.1378
    1669       0.8900
    1670       1.2810
    1671       1.3571
    1672       1.2711
    1673       0.9197
    1674       0.8442
    1675       0.8791
    1676       0.7539
    1677       0.5395
    1678       1.0133
    1679       0.8639
    1680       0.8545
    1681       0.4747
    1682       0.7324
    1683       0.6152
    1684       0.6459
    1685       0.5607
    1686       0.7171
    1687       0.6573
    1688       0.7190
    1689       0.9882
    1690       0.4788
    1691       0.5798
    1692       0.7614
    1693       0.7267
    1694       0.6203
    1695       0.7166
    1696       0.8074
    1697       0.9061
    1698       0.9466
    1699       0.8754
    1700       0.7910
    1701       1.2786
    1702       0.8192
    1703       0.9340
    1704       0.8389
    1705       0.9103
    1706       0.7959
    1707       0.9365
    1708       0.7843
    1709       0.9561
    1710       1.5224
    1711       1.0530
    1712       0.9338
    1713       0.9950
    1714       1.0152
    1715       1.1574
    1716       1.2276
    1717       0.8266
    1718       0.6493
    1719       0.7457
    1720       0.7730
    1721       0.6785
    1722       1.0122
    1723       0.8203
    1724       0.6634
    1725       0.8267
    1726       1.0135
    1727       0.7991
    1728       0.8131
    1729       0.6856
    1730       0.9658
    1731       1.0065
    1732       0.7843
    1733       1.1521
    1734       1.3008
    1735       1.0306
    1736       1.1883
    1737       0.6824
    1738       1.1502
    1739       1.0343
    1740       1.6301
    1741       1.3755
    1742       1.1409
    1743       1.0246
    1744       1.1809
    1745       0.8842
    1746       0.8005
    1747       0.7276
    1748       1.0979
    1749       0.8286
    1750       1.0053
    1751       0.7492
    1752       0.8985
    1753       0.9515
    1754       0.8326
    1755       1.0682
    1756       1.2774
    1757       0.8563
    1758       1.2402
    1759       1.2546
    1760       1.3994
    1761       1.1259
    1762       0.9425
    1763       1.5409
    1764       1.1803
    1765       1.1746
    1766       1.1432
    1767       1.0024
    1768       0.9427
    1769       1.0070
    1770       0.7895
    1771       0.7137
    1772       0.7334
    1773       0.5884
    1774       0.8049
    1775       1.0486
    1776       1.2745
    1777       1.5495
    1778       1.3845
    1779       1.0927
    1780       1.1186
    1781       1.2044
    1782       0.7612
    1783       1.0652
    1784       1.0356
    1785       0.9555
    1786       1.0304
    1787       1.2161
    1788       1.3265
    1789       1.3250
    1790       1.5344
    1791       1.0703
    1792       1.0371
    1793       1.2715
    1794       1.2146
    1795       0.8105
    1796       1.0683
    1797       1.1558
    1798       1.0296
    1799       1.0234
    1800       0.8816
    1801       0.9180
    1802       1.0935
    1803       0.9637
    1804       1.1245
    1805       0.7947
    1806       0.8199
    1807       0.8873
    1808       1.0584
    1809       0.6120
    1810       1.3265
    1811       0.7109
    1812       0.4974
    1813       0.8758
    1814       0.8357
    1815       1.1348
    1816       0.7772
    1817       1.0199
    1818       0.7722
    1819       0.5163
    1820       0.7071
    1821       0.6026
    1822       0.6212
    1823       0.7413
    1824       0.8659
    1825       0.8579
    1826       0.7163
    1827       0.7996
    1828       1.0033
    1829       0.2960
    1830       0.7105
    1831       0.5699
    1832       0.9704
    1833       0.5107
    1834       0.9489
    1835       1.1323
    1836       1.0668
    1837       1.1318
    1838       1.0851
    1839       1.1643
    1840       1.0436
    1841       0.7664
    1842       0.8765
    1843       0.6704
    1844       0.9395
    1845       0.6571
    1846       0.8477
    1847       1.0145
    1848       0.8121
    1849       0.8194
    1850       0.6370
    1851       0.7898
    1852       0.5480
    1853       1.0593
    1854       0.9325
    1855       0.9463
    1856       0.7372
    1857       0.7179
    1858       1.0372
    1859       0.6359
    1860       0.8790
    1861       0.9711
    1862       0.8474
    1863       0.7765
    1864       0.6614
    1865       1.1407
    1866       1.0327
    1867       1.1079
    1868       0.7278
    1869       0.3881
    1870       0.9510
    1871       1.2897
    1872       0.8571
    1873       1.2927
    1874       1.0121
    1875       0.7653
    1876       0.9876
    1877       0.9496
    1878       0.6335
    1879       0.6548
    1880       0.7921
    1881       1.2033
    1882       1.0256
    1883       0.4959
    1884       0.3939
    1885       0.9475
    1886       1.4766
    1887       1.3692
    1888       1.0080
    1889       1.2579
    1890       1.2592
    1891       0.7170
    1892       1.0858
    1893       1.0129
    1894       1.0069
    1895       0.8747
    1896       0.9226
    1897       0.9383
    1898       0.9704
    1899       0.8676
    1900       0.8131
    1901       0.6198
    1902       0.9267
    1903       0.8760
    1904       0.6774
    1905       0.9342
    1906       0.8795
    1907       0.5860
    1908       0.6988
    1909       0.6722
    1910       0.7219
    1911       0.7337
    1912       0.5743
    1913       0.6850
    1914       0.9552
    1915       1.0197
    1916       0.8150
    1917       0.8196
    1918       1.1720
    1919       1.1192
    1920       0.7454
    1921       1.1285
    1922       0.9405
    1923       0.9338
    1924       1.0429
    1925       0.7278
    1926       0.8574
    1927       0.6671
    1928       0.8626
    1929       1.0451
    1930       0.7329
    1931       0.6999
    1932       0.7751
    1933       0.9886
    1934       0.6605
    1935       0.8685
    1936       0.6640
    1937       0.7407
    1938       0.5241
    1939       1.3097
    1940       1.1225
    1941       0.5745
    1942       1.0061
    1943       0.6405
    1944       0.7947
    1945       0.7208
    1946       0.6995
    1947       0.8483
    1948       0.5675
    1949       0.6081
    1950       0.7707
    1951       0.7794
    1952       0.7631
    1953       0.7947
    1954       0.6087
    1955       0.6426
    1956       0.8632
    1957       0.4761
    1958       0.8821
    1959       0.7785
    1960       1.3024
    1961       1.0902
    1962       0.8692
    1963       1.0357
    1964       0.6784
    1965       1.2003
    1966       1.1707
    1967       0.5946
    1968       0.5078
    1969       1.2805
    1970       0.8592
    1971       0.9131
    1972       0.7352
    1973       0.7114
    1974       0.7004
    1975       0.6968
    1976       0.8865
    1977       0.8166
    1978       0.5745
    1979       0.9546
    1980       0.6867
    1981       0.9578
    1982       0.7559
    1983       0.6254
    1984       0.5919
    1985       0.7248
    1986       0.8562
    1987       0.5550
    1988       0.8666
    1989       1.1110
    1990       0.8921
    1991       0.5898
    1992       0.8053
    1993       0.7407
    1994       0.8999
    1995       0.9897
    1996       0.8481
    1997       1.1805
    1998       1.4672
    1999       1.5096
    2000       1.0366
