#Res        AtomicFlx
   1.000       4.6265
   2.000       3.1900
   3.000       2.5081
   4.000       1.4391
   5.000       1.0180
   6.000       1.2891
   7.000       1.5451
   8.000       1.3997
   9.000       0.8625
  10.000       0.9142
  11.000       0.9945
  12.000       0.8164
  13.000       0.6668
  14.000       0.7973
  15.000       0.8607
  16.000       0.6742
  17.000       0.5772
  18.000       0.7280
  19.000       0.8003
  20.000       0.6742
  21.000       0.6003
  22.000       0.8300
  23.000       1.1341
  24.000       1.6185
  25.000       2.0088
  26.000       1.7141
  27.000       1.6283
  28.000       1.1543
  29.000       0.7961
  30.000       0.5838
  31.000       0.4700
  32.000       0.4931
  33.000       0.4463
  34.000       0.4996
  35.000       0.4877
  36.000       0.4940
  37.000       0.4243
  38.000       0.4730
  39.000       0.6288
  40.000       0.6563
  41.000       0.7511
  42.000       0.5755
  43.000       0.6629
  44.000       0.6525
  45.000       0.4945
  46.000       0.5207
  47.000       0.6387
  48.000       0.5312
  49.000       0.5272
  50.000       0.5407
  51.000       0.6072
  52.000       0.5296
  53.000       0.6267
  54.000       0.7977
  55.000       0.7282
  56.000       0.9827
  57.000       0.9181
  58.000       0.7781
  59.000       0.8099
  60.000       0.9309
  61.000       0.8301
  62.000       0.6561
  63.000       0.8120
  64.000       0.9527
  65.000       0.8490
  66.000       0.8793
  67.000       0.8361
  68.000       1.4928
  69.000       2.2889
  70.000       2.7944
  71.000       2.8930
  72.000       1.9494
  73.000       1.2014
  74.000       1.0575
  75.000       0.8538
  76.000       0.8737
  77.000       0.8890
  78.000       0.5988
  79.000       0.5737
  80.000       0.6201
  81.000       0.6209
  82.000       0.7633
  83.000       0.7160
  84.000       0.7827
  85.000       1.0383
  86.000       1.2788
  87.000       0.9818
  88.000       0.9654
  89.000       0.7853
  90.000       0.7819
  91.000       0.6930
  92.000       0.5980
  93.000       0.5165
  94.000       0.4960
  95.000       0.4830
  96.000       0.4285
  97.000       0.5063
  98.000       0.5053
  99.000       0.5824
 100.000       0.6801
 101.000       0.7107
 102.000       0.8399
 103.000       0.7125
 104.000       0.5646
 105.000       0.5728
 106.000       0.5393
 107.000       0.4921
 108.000       0.4247
 109.000       0.4307
 110.000       0.4611
 111.000       0.5550
 112.000       0.6574
 113.000       0.7349
 114.000       0.7926
 115.000       0.8326
 116.000       1.3417
 117.000       1.1877
 118.000       1.2424
 119.000       0.9454
 120.000       0.7360
 121.000       0.6110
 122.000       0.5828
 123.000       0.6285
 124.000       0.6337
 125.000       0.5175
 126.000       0.4304
 127.000       0.4178
 128.000       0.4781
 129.000       0.5426
 130.000       0.8219
 131.000       1.2014
 132.000       1.8018
 133.000       1.8798
 134.000       1.3432
 135.000       0.8815
 136.000       0.6514
 137.000       0.4307
 138.000       0.3798
 139.000       0.3937
 140.000       0.3908
 141.000       0.4670
 142.000       0.4603
 143.000       0.4755
 144.000       0.5053
 145.000       0.6767
 146.000       0.8747
 147.000       1.0638
 148.000       2.4664
 149.000       2.7438
 150.000       2.4947
 151.000       2.4825
 152.000       2.7071
 153.000       2.1461
 154.000       1.6031
 155.000       1.5328
 156.000       1.5013
 157.000       0.9766
 158.000       0.8845
 159.000       0.8034
 160.000       0.7188
 161.000       0.6545
 162.000       0.7081
 163.000       0.7365
 164.000       0.6045
 165.000       0.6408
 166.000       0.6556
 167.000       0.6458
 168.000       0.5048
 169.000       0.5827
 170.000       0.6542
 171.000       0.5363
 172.000       0.5697
 173.000       0.7713
 174.000       0.7017
 175.000       0.7020
 176.000       1.0373
 177.000       1.1538
 178.000       1.1067
 179.000       1.2974
 180.000       1.6835
 181.000       2.6068
 182.000       3.3562
 183.000       3.6267
 184.000       4.8698
 185.000       5.3991
 186.000       5.9271
 187.000       6.2568
 188.000       7.2448
 189.000       8.2630
 190.000       8.7629
 191.000       9.8354
