#Frame           core
       1       0.5389
       2       0.6095
       3       0.6166
       4       0.5567
       5       0.6073
       6       0.6322
       7       0.7325
       8       0.7387
       9       0.6513
      10       0.7297
      11       0.7770
      12       0.7678
      13       0.8242
      14       0.7970
      15       0.7739
      16       0.8086
      17       0.7556
      18       0.7277
      19       0.7322
      20       0.7992
      21       0.8736
      22       0.7695
      23       0.7795
      24       0.7026
      25       0.7732
      26       0.7454
      27       0.7311
      28       0.6891
      29       0.7413
      30       0.7320
      31       0.7911
      32       0.8041
      33       0.8146
      34       0.7132
      35       0.7275
      36       0.8389
      37       0.7565
      38       0.7758
      39       0.7527
      40       0.8079
      41       0.7121
      42       0.7418
      43       0.7358
      44       0.7860
      45       0.8167
      46       0.7651
      47       0.8328
      48       0.7982
      49       0.7882
      50       0.7303
      51       0.7963
      52       0.7603
      53       0.6760
      54       0.6865
      55       0.7442
      56       0.7656
      57       0.8866
      58       0.8888
      59       0.8256
      60       0.7389
      61       0.8008
      62       0.7488
      63       0.6778
      64       0.7622
      65       0.8114
      66       0.8621
      67       0.7842
      68       0.8318
      69       0.8133
      70       0.9023
      71       0.8731
      72       0.8870
      73       0.8346
      74       0.8054
      75       0.9075
      76       0.8350
      77       0.7608
      78       0.8699
      79       0.8670
      80       0.8232
      81       0.8634
      82       0.9615
      83       0.8159
      84       0.8442
      85       0.8755
      86       0.8348
      87       0.8438
      88       0.7947
      89       0.8812
      90       0.7865
      91       0.7373
      92       0.8712
      93       0.9210
      94       0.8238
      95       0.8338
      96       0.7934
      97       0.8384
      98       0.8382
      99       0.7332
     100       0.7589
     101       0.7817
     102       0.7707
     103       0.8050
     104       0.8384
     105       0.7470
     106       0.7608
     107       0.7839
     108       0.8159
     109       0.9066
     110       0.7653
     111       0.7769
     112       0.8287
     113       0.7986
     114       0.8085
     115       0.7775
     116       0.8132
     117       0.8086
     118       0.7761
     119       0.7606
     120       0.8341
     121       0.8017
     122       0.7273
     123       0.8672
     124       0.8320
     125       0.7921
     126       0.7458
     127       0.7278
     128       0.7595
     129       0.7830
     130       0.7637
     131       0.7665
     132       0.7517
     133       0.7200
     134       0.8434
     135       0.8728
     136       0.9293
     137       0.9939
     138       0.8490
     139       0.8280
     140       0.9414
     141       0.8495
     142       0.7917
     143       0.8120
     144       0.8109
     145       0.8905
     146       0.8441
     147       0.8326
     148       0.9635
     149       0.9324
     150       0.9392
     151       0.8812
     152       0.8577
     153       0.8715
     154       0.8853
     155       0.9284
     156       0.9242
     157       0.9346
     158       0.9986
     159       0.9323
     160       0.9342
     161       0.8018
     162       0.8495
     163       0.8700
     164       0.8804
     165       0.8907
     166       0.8564
     167       0.8082
     168       0.8211
     169       0.8319
     170       0.8152
     171       0.8670
     172       0.7980
     173       0.8547
     174       0.8088
     175       0.7493
     176       0.8068
     177       0.7776
     178       0.8284
     179       0.7956
     180       0.8562
     181       0.8451
     182       0.8439
     183       0.7750
     184       0.8357
     185       0.8861
     186       0.8013
     187       0.7691
     188       0.7536
     189       0.8378
     190       0.7538
     191       0.7843
     192       0.7476
     193       0.7931
     194       0.7865
     195       0.8336
     196       0.8026
     197       0.8198
     198       0.7550
     199       0.7374
     200       0.8354
     201       0.8756
     202       0.8201
     203       0.7756
     204       0.7837
     205       0.7832
     206       0.8461
     207       0.8264
     208       0.7989
     209       0.7423
     210       0.7336
     211       0.7956
     212       0.7616
     213       0.7601
     214       0.7689
     215       0.7589
     216       0.7677
     217       0.7115
     218       0.7344
     219       0.7515
     220       0.7564
     221       0.7412
     222       0.8496
     223       0.7621
     224       0.8747
     225       0.8214
     226       0.8676
     227       0.8589
     228       0.8277
     229       0.8551
     230       0.8553
     231       0.8866
     232       0.9113
     233       0.8592
     234       0.8496
     235       0.8794
     236       0.8750
     237       0.8401
     238       0.7971
     239       0.8303
     240       0.8578
     241       0.8968
     242       0.9309
     243       0.8185
     244       0.8366
     245       0.8830
     246       0.8353
     247       0.8604
     248       0.8782
     249       0.8711
     250       0.9179
     251       1.0151
     252       0.8839
     253       0.8589
     254       0.9132
     255       0.8744
     256       0.8559
     257       0.8390
     258       0.8560
     259       0.8730
     260       0.9572
     261       0.8608
     262       0.9326
     263       0.8420
     264       0.9116
     265       0.7834
     266       0.8358
     267       0.9385
     268       0.7974
     269       0.8843
     270       0.8704
     271       0.8175
     272       0.8188
     273       0.8432
     274       0.8981
     275       0.8358
     276       0.8482
     277       0.7667
     278       0.7835
     279       0.9389
     280       0.8303
     281       0.8518
     282       0.7290
     283       0.6942
     284       0.7097
     285       0.6572
     286       0.7722
     287       0.7979
     288       0.7869
     289       0.7715
     290       0.8129
     291       0.8259
     292       0.7659
     293       0.7909
     294       0.7357
     295       0.7073
     296       0.7140
     297       0.8845
     298       0.8337
     299       0.8614
     300       0.8515
     301       0.8655
     302       0.8717
     303       0.9196
     304       0.8717
     305       0.7963
     306       0.7174
     307       0.7663
     308       0.8623
     309       0.8463
     310       0.7921
     311       0.8517
     312       0.7824
     313       0.7799
     314       0.8295
     315       0.8347
     316       0.8183
     317       0.7512
     318       0.8106
     319       0.7826
     320       0.7162
     321       0.7198
     322       0.7463
     323       0.7997
     324       0.8496
     325       0.7770
     326       0.8625
     327       0.8526
     328       0.8388
     329       0.8733
     330       0.9959
     331       0.9369
     332       1.1388
     333       1.1667
     334       1.1876
     335       1.1655
     336       1.1794
     337       1.1032
     338       1.1033
     339       1.0512
     340       0.9420
     341       1.0113
     342       1.0609
     343       1.0322
     344       1.0158
     345       1.0041
     346       1.0602
     347       1.0549
     348       1.0342
     349       1.2305
     350       1.1250
     351       1.0312
     352       1.1237
     353       1.0796
     354       1.1365
     355       1.1337
     356       1.2395
     357       1.1182
     358       1.0430
     359       1.0476
     360       1.0169
     361       1.0950
     362       1.0662
     363       1.1169
     364       1.1726
     365       1.1211
     366       1.1113
     367       1.2291
     368       1.2838
     369       1.1249
     370       1.0718
     371       1.2178
     372       1.2257
     373       1.2009
     374       1.1994
     375       1.1422
     376       1.1213
     377       1.1647
     378       1.2146
     379       1.3161
     380       1.3060
     381       1.2375
     382       1.2371
     383       1.3493
     384       1.2485
     385       1.2120
     386       1.3312
     387       1.3921
     388       1.3571
     389       1.3539
     390       1.2931
     391       1.3520
     392       1.5073
     393       1.5266
     394       1.4042
     395       1.5633
     396       1.5664
     397       1.4706
     398       1.4938
     399       1.3986
     400       1.3965
     401       1.1949
     402       1.0775
     403       1.0673
     404       1.0619
     405       1.1109
     406       1.0385
     407       1.1287
     408       1.1133
     409       1.1380
     410       1.0226
     411       1.2394
     412       1.2654
     413       1.1562
     414       1.0552
     415       1.1480
     416       1.2348
     417       1.1277
     418       1.0893
     419       1.1295
     420       1.1973
     421       1.1873
     422       1.2086
     423       1.1832
     424       1.2628
     425       1.1994
     426       1.2992
     427       1.3088
     428       1.2878
     429       1.3640
     430       1.3508
     431       1.3298
     432       1.3331
     433       1.2279
     434       1.3691
     435       1.3080
     436       1.3401
     437       1.3221
     438       1.3381
     439       1.3641
     440       1.3111
     441       1.1706
     442       1.2431
     443       1.2484
     444       1.2991
     445       1.3088
     446       1.3658
     447       1.2493
     448       1.3227
     449       1.3143
     450       1.2103
     451       1.1556
     452       1.1322
     453       1.1186
     454       1.0841
     455       1.1539
     456       1.1422
     457       1.1667
     458       1.1528
     459       1.1804
     460       1.1575
     461       1.2687
     462       1.2481
     463       1.3103
     464       1.3922
     465       1.2969
     466       1.3702
     467       1.3949
     468       1.3283
     469       1.4585
     470       1.4575
     471       1.2937
     472       1.3621
     473       1.2842
     474       1.2964
     475       1.3321
     476       1.2248
     477       1.2020
     478       1.0498
     479       0.9786
     480       1.1078
     481       1.0941
     482       1.1744
     483       1.1414
     484       1.1274
     485       1.2269
     486       1.1647
     487       1.1637
     488       1.1611
     489       1.1704
     490       1.2517
     491       1.1710
     492       1.1953
     493       1.1612
     494       1.1357
     495       1.1237
     496       1.2364
     497       1.3071
     498       1.2901
     499       1.2659
     500       1.1820
     501       1.2160
     502       1.2507
     503       1.1322
     504       1.1595
     505       1.0676
     506       1.0519
     507       1.0578
     508       0.9191
     509       0.9537
     510       1.0796
     511       1.0282
     512       1.0123
     513       1.0346
     514       1.0276
     515       1.0395
     516       1.1715
     517       1.0390
     518       0.9697
     519       0.9472
     520       0.9731
     521       1.0496
     522       1.0571
     523       1.1111
     524       1.0918
     525       1.1179
     526       1.1491
     527       1.1942
     528       1.0829
     529       1.1490
     530       1.0738
     531       0.9818
     532       1.1042
     533       1.1521
     534       1.1317
     535       1.0401
     536       1.0016
     537       0.9419
     538       1.0045
     539       0.9389
     540       0.9899
     541       1.0801
     542       1.0691
     543       1.0449
     544       0.9489
     545       0.8913
     546       0.9682
     547       0.8400
     548       0.8920
     549       0.9008
     550       1.0103
     551       1.1674
     552       1.0547
     553       1.0105
     554       1.0370
     555       1.0344
     556       1.1169
     557       1.1574
     558       1.0805
     559       1.0293
     560       1.0270
     561       1.1283
     562       1.0676
     563       1.0472
     564       0.9926
     565       1.0368
     566       1.0497
     567       0.9841
     568       0.9857
     569       0.9465
     570       0.9710
     571       1.0066
     572       0.9168
     573       0.9578
     574       0.9658
     575       0.9862
     576       0.9520
     577       0.9453
     578       0.8990
     579       0.9110
     580       0.9559
     581       1.0512
     582       1.0001
     583       0.9467
     584       0.9249
     585       0.9487
     586       0.9117
     587       0.9628
     588       1.0189
     589       0.9544
     590       1.0091
     591       0.9585
     592       0.9824
     593       0.9536
     594       0.9523
     595       0.8447
     596       0.9742
     597       0.8825
     598       0.9483
     599       0.9168
     600       0.9597
     601       1.0118
     602       1.0223
     603       0.9666
     604       1.0704
     605       0.9903
     606       0.9679
     607       0.9826
     608       0.9767
     609       1.0068
     610       0.9751
     611       0.9724
     612       1.0336
     613       1.0811
     614       1.0566
     615       1.0855
     616       1.0587
     617       1.0740
     618       1.0168
     619       1.0372
     620       1.0411
     621       0.9869
     622       1.0150
     623       1.0841
     624       1.0582
     625       1.1340
     626       0.9896
     627       1.0619
     628       1.0475
     629       1.0938
     630       1.1038
     631       1.0135
     632       1.0614
     633       1.1364
     634       1.0774
     635       1.0888
     636       1.1043
     637       1.1204
     638       1.1147
     639       1.1087
     640       1.0821
     641       1.1609
     642       1.0749
     643       1.1916
     644       1.2346
     645       1.2581
     646       1.2392
     647       1.3234
     648       1.1538
     649       1.2342
     650       1.2749
     651       1.2628
     652       1.3160
     653       1.3533
     654       1.2760
     655       1.2244
     656       1.1704
     657       1.1792
     658       1.0949
     659       1.0926
     660       1.0961
     661       1.1567
     662       1.1466
     663       1.2611
     664       1.2959
     665       1.2119
     666       1.2736
     667       1.2407
     668       1.2877
     669       1.1594
     670       1.1423
     671       1.2371
     672       1.2202
     673       1.1774
     674       1.2266
     675       1.2104
     676       1.1900
     677       1.1093
     678       1.1158
     679       1.0648
     680       1.0201
     681       1.0549
     682       1.0537
     683       1.0849
     684       1.1143
     685       1.1227
     686       1.0757
     687       1.1174
     688       1.0331
     689       1.2325
     690       1.2027
     691       1.2473
     692       1.1355
     693       1.1438
     694       1.1213
     695       1.1007
     696       1.1457
     697       1.1299
     698       1.1062
     699       1.1781
     700       1.1411
     701       1.2363
     702       1.1424
     703       1.1188
     704       1.0517
     705       1.0808
     706       1.0885
     707       1.0725
     708       1.1295
     709       1.1430
     710       1.1830
     711       1.1468
     712       1.1343
     713       1.1657
     714       1.0705
     715       1.0610
     716       1.0487
     717       1.0943
     718       1.1059
     719       1.0936
     720       1.0782
     721       1.1328
     722       1.1842
     723       1.1474
     724       1.1342
     725       1.0831
     726       1.1068
     727       1.0822
     728       1.1027
     729       1.0862
     730       1.0648
     731       0.9730
     732       1.0256
     733       1.0825
     734       1.0027
     735       1.0473
     736       0.9463
     737       0.9801
     738       0.9328
     739       0.9092
     740       1.0367
     741       0.9602
     742       0.9772
     743       0.9923
     744       1.1081
     745       1.1283
     746       1.1401
     747       1.0344
     748       1.1343
     749       1.0063
     750       0.9498
     751       1.0821
     752       1.1187
     753       1.0804
     754       1.1702
     755       1.1604
     756       1.1543
     757       1.1515
     758       1.1486
     759       1.1873
     760       1.1082
     761       1.1182
     762       0.9934
     763       1.0426
     764       1.0836
     765       1.1075
     766       1.1247
     767       1.1503
     768       1.1025
     769       1.0456
     770       1.0116
     771       1.0368
     772       1.1560
     773       1.2105
     774       1.1705
     775       1.1149
     776       1.0750
     777       1.0860
     778       1.1219
     779       1.1893
     780       1.2001
     781       1.1742
     782       1.2674
     783       1.2327
     784       1.1945
     785       1.1467
     786       1.1462
     787       1.3036
     788       1.1739
     789       1.1708
     790       1.1966
     791       1.1317
     792       1.0783
     793       1.1973
     794       1.1204
     795       1.1614
     796       1.2127
     797       1.1552
     798       1.1605
     799       1.2100
     800       1.2809
     801       1.1815
     802       1.2414
     803       1.1820
     804       1.1887
     805       1.1508
     806       1.1282
     807       1.1577
     808       1.2105
     809       1.1125
     810       1.0685
     811       1.0662
     812       1.0550
     813       1.0731
     814       1.1245
     815       1.0683
     816       1.0591
     817       1.1518
     818       1.0506
     819       1.1910
     820       1.1767
     821       1.1167
     822       1.1421
     823       1.0482
     824       1.0106
     825       1.0162
     826       1.0215
     827       1.0081
     828       1.0045
     829       1.0761
     830       1.0035
     831       1.0811
     832       1.1511
     833       1.0104
     834       1.0165
     835       1.0700
     836       1.0239
     837       1.1100
     838       1.2171
     839       1.2345
     840       1.2691
     841       1.1699
     842       1.1048
     843       1.1966
     844       1.1062
     845       1.0963
     846       1.1317
     847       1.0633
     848       1.0405
     849       1.0665
     850       1.1265
     851       1.1204
     852       1.0241
     853       1.1221
     854       1.1107
     855       1.0709
     856       1.0766
     857       1.0406
     858       1.0539
     859       1.0406
     860       1.0661
     861       1.1880
     862       1.1622
     863       1.1186
     864       1.1583
     865       1.0905
     866       1.0464
     867       1.1309
     868       1.0999
     869       1.0724
     870       1.0982
     871       1.0599
     872       1.0674
     873       1.0489
     874       1.0894
     875       1.1394
     876       1.1332
     877       1.1162
     878       1.0700
     879       1.1807
     880       1.1845
     881       1.0906
     882       1.1162
     883       1.0295
     884       1.0504
     885       1.0736
     886       1.1828
     887       1.1445
     888       1.1296
     889       1.2075
     890       1.2601
     891       1.1485
     892       1.1578
     893       1.2453
     894       1.1918
     895       1.1694
     896       1.1489
     897       1.1491
     898       1.1194
     899       1.1054
     900       1.1434
     901       1.1912
     902       1.0878
     903       1.1737
     904       1.3056
     905       1.1397
     906       1.2122
     907       1.2485
     908       1.1400
     909       1.2139
     910       1.2381
     911       1.1937
     912       1.2701
     913       1.2696
     914       1.0688
     915       1.1191
     916       1.0691
     917       1.0905
     918       1.1106
     919       1.2342
     920       1.1611
     921       1.2527
     922       1.1827
     923       1.1817
     924       1.2243
     925       1.2133
     926       1.2057
     927       1.1964
     928       1.1505
     929       1.1809
     930       1.1553
     931       1.1314
     932       1.0870
     933       1.1088
     934       1.2041
     935       1.1367
     936       1.2033
     937       1.2143
     938       1.1899
     939       1.2495
     940       1.3314
     941       1.2131
     942       1.2238
     943       1.1055
     944       1.1577
     945       1.1474
     946       1.1469
     947       1.1491
     948       1.1813
     949       1.1571
     950       1.2230
     951       1.1877
     952       1.2614
     953       1.2110
     954       1.2313
     955       1.1863
     956       1.1242
     957       1.0897
     958       1.1028
     959       1.1599
     960       1.1574
     961       1.1992
     962       1.1186
     963       1.0794
     964       1.1068
     965       1.1972
     966       1.1690
     967       1.1613
     968       1.1062
     969       1.2635
     970       1.1631
     971       1.2060
     972       1.1342
     973       1.1766
     974       1.1622
     975       1.2386
     976       1.2010
     977       1.1677
     978       1.1907
     979       1.1753
     980       1.1894
     981       1.2152
     982       1.1735
     983       1.0568
     984       1.1096
     985       1.0840
     986       1.1118
     987       1.1424
     988       1.1358
     989       1.1132
     990       1.0803
     991       1.0362
     992       1.0556
     993       1.0662
     994       1.0517
     995       1.0145
     996       1.0705
     997       1.0619
     998       1.1491
     999       1.1178
    1000       1.0492
    1001       1.0803
    1002       1.0999
    1003       1.0873
    1004       1.1225
    1005       1.1446
    1006       1.2063
    1007       1.1362
    1008       1.1781
    1009       1.0965
    1010       1.1001
    1011       1.0610
    1012       1.1304
    1013       1.0422
    1014       1.0198
    1015       1.0347
    1016       0.9602
    1017       1.0555
    1018       1.1007
    1019       1.1241
    1020       1.1210
    1021       1.1231
    1022       1.0746
    1023       1.1471
    1024       1.0042
    1025       1.0932
    1026       1.0903
    1027       1.1339
    1028       1.0806
    1029       1.0521
    1030       1.0216
    1031       0.9457
    1032       1.0103
    1033       1.1114
    1034       1.1300
    1035       1.1216
    1036       1.1235
    1037       1.1485
    1038       1.1428
    1039       1.0445
    1040       1.1135
    1041       1.1486
    1042       1.1589
    1043       1.1909
    1044       1.2001
    1045       1.1991
    1046       1.1447
    1047       1.1454
    1048       1.1182
    1049       1.1058
    1050       1.0594
    1051       1.1499
    1052       1.1856
    1053       1.2541
    1054       1.2068
    1055       1.2345
    1056       1.2422
    1057       1.1821
    1058       1.1446
    1059       1.1301
    1060       1.1582
    1061       1.1553
    1062       1.1853
    1063       1.1751
    1064       1.2395
    1065       1.2694
    1066       1.2366
    1067       1.1545
    1068       1.2168
    1069       1.2405
    1070       1.2183
    1071       1.1229
    1072       1.0955
    1073       1.1179
    1074       1.1075
    1075       1.1273
    1076       1.1161
    1077       1.2025
    1078       1.1551
    1079       1.1850
    1080       1.0543
    1081       1.0937
    1082       1.1554
    1083       1.2232
    1084       1.1595
    1085       1.1814
    1086       1.1106
    1087       1.0883
    1088       1.0553
    1089       1.0796
    1090       1.1328
    1091       1.0846
    1092       1.1251
    1093       1.1019
    1094       1.1222
    1095       1.0680
    1096       1.0755
    1097       1.0628
    1098       1.1472
    1099       1.1049
    1100       1.1051
    1101       1.1333
    1102       1.1122
    1103       1.1747
    1104       1.1361
    1105       1.1170
    1106       1.0508
    1107       1.1056
    1108       1.1419
    1109       1.1299
    1110       1.1898
    1111       1.1819
    1112       1.1425
    1113       1.1089
    1114       1.0638
    1115       1.0950
    1116       1.0738
    1117       1.0695
    1118       1.1083
    1119       1.0626
    1120       1.0480
    1121       0.9837
    1122       1.0388
    1123       1.1904
    1124       1.1672
    1125       1.0290
    1126       1.1130
    1127       1.0808
    1128       1.1065
    1129       0.9915
    1130       1.1791
    1131       1.1148
    1132       1.1117
    1133       1.2301
    1134       1.2636
    1135       1.2047
    1136       1.1155
    1137       1.1690
    1138       1.1878
    1139       1.2154
    1140       1.2259
    1141       1.1055
    1142       1.1660
    1143       1.1427
    1144       1.1616
    1145       1.0442
    1146       1.0469
    1147       1.1437
    1148       1.0923
    1149       1.1208
    1150       1.1101
    1151       1.1175
    1152       1.1185
    1153       1.1301
    1154       1.1017
    1155       0.9881
    1156       1.1647
    1157       1.0929
    1158       1.1327
    1159       1.1330
    1160       1.1026
    1161       1.0885
    1162       1.0867
    1163       1.0030
    1164       1.0291
    1165       0.9930
    1166       0.9912
    1167       0.9872
    1168       0.9273
    1169       0.9390
    1170       0.9817
    1171       1.0259
    1172       1.0430
    1173       0.9742
    1174       0.9674
    1175       1.0106
    1176       1.0877
    1177       1.1354
    1178       1.0579
    1179       1.1055
    1180       1.1036
    1181       1.0640
    1182       1.0604
    1183       1.1014
    1184       1.1120
    1185       1.2265
    1186       1.1519
    1187       1.0435
    1188       1.1019
    1189       1.1416
    1190       1.0517
    1191       0.9379
    1192       0.9733
    1193       0.9871
    1194       0.9898
    1195       1.0619
    1196       1.0438
    1197       1.0153
    1198       1.0734
    1199       1.2031
    1200       1.0978
    1201       1.0785
    1202       1.0441
    1203       1.0003
    1204       1.0315
    1205       1.1372
    1206       1.1216
    1207       1.1850
    1208       1.1924
    1209       1.1669
    1210       1.1475
    1211       1.1682
    1212       1.1855
    1213       1.1280
    1214       1.1098
    1215       1.1738
    1216       1.1975
    1217       1.2500
    1218       1.2567
    1219       1.2156
    1220       1.0940
    1221       1.1489
    1222       1.1210
    1223       1.1163
    1224       1.1246
    1225       1.0622
    1226       1.0228
    1227       0.9737
    1228       1.0034
    1229       1.0462
    1230       1.1211
    1231       0.9897
    1232       0.9872
    1233       0.9992
    1234       0.9642
    1235       1.0338
    1236       1.0507
    1237       1.0116
    1238       1.0223
    1239       1.0363
    1240       1.0580
    1241       1.1110
    1242       1.1356
    1243       1.1937
    1244       1.2764
    1245       1.2039
    1246       1.1226
    1247       1.1615
    1248       1.1698
    1249       1.2022
    1250       1.1338
    1251       1.0858
    1252       1.0837
    1253       1.1000
    1254       1.1377
    1255       1.1467
    1256       1.0799
    1257       0.9567
    1258       0.9975
    1259       1.0043
    1260       1.0482
    1261       1.1930
    1262       1.0477
    1263       1.1552
    1264       1.0675
    1265       1.0046
    1266       1.0116
    1267       1.0479
    1268       1.0471
    1269       1.1718
    1270       1.1267
    1271       1.1689
    1272       1.1291
    1273       1.1514
    1274       1.1351
    1275       1.0963
    1276       1.1282
    1277       1.1543
    1278       1.1369
    1279       1.1645
    1280       1.1502
    1281       1.1513
    1282       1.1699
    1283       1.1596
    1284       1.1389
    1285       1.0619
    1286       1.0664
    1287       1.0577
    1288       1.0068
    1289       1.0094
    1290       0.9430
    1291       1.0266
    1292       1.0368
    1293       1.1001
    1294       0.9297
    1295       1.0151
    1296       1.0220
    1297       0.9524
    1298       0.9984
    1299       0.9198
    1300       1.0043
    1301       1.0314
    1302       1.0016
    1303       1.1379
    1304       1.1240
    1305       1.1032
    1306       1.1215
    1307       1.1051
    1308       0.9913
    1309       0.9356
    1310       0.8879
    1311       0.9723
    1312       0.9515
    1313       0.9852
    1314       1.0338
    1315       0.9836
    1316       0.9780
    1317       1.0340
    1318       1.0167
    1319       1.0603
    1320       1.0621
    1321       1.0598
    1322       1.1089
    1323       1.0919
    1324       1.0769
    1325       1.1830
    1326       1.1245
    1327       1.0198
    1328       1.1457
    1329       1.0152
    1330       1.0319
    1331       1.0081
    1332       0.9204
    1333       0.9314
    1334       0.9951
    1335       1.1014
    1336       0.9524
    1337       1.0027
    1338       0.9389
    1339       1.0130
    1340       0.9725
    1341       0.9759
    1342       1.0861
    1343       1.0811
    1344       1.0101
    1345       1.0326
    1346       1.0958
    1347       1.0536
    1348       0.9518
    1349       1.0859
    1350       1.0497
    1351       1.1475
    1352       1.1222
    1353       1.0564
    1354       1.1068
    1355       1.0612
    1356       1.0754
    1357       1.0164
    1358       0.9732
    1359       0.9951
    1360       0.9881
    1361       1.0265
    1362       1.0197
    1363       1.0749
    1364       0.9701
    1365       1.0185
    1366       1.1324
    1367       1.0799
    1368       1.0022
    1369       1.0724
    1370       1.0837
    1371       1.1237
    1372       1.1762
    1373       1.1947
    1374       1.0726
    1375       1.0506
    1376       1.1180
    1377       1.1305
    1378       1.0106
    1379       1.1180
    1380       1.1610
    1381       1.1763
    1382       1.1920
    1383       1.3277
    1384       1.2014
    1385       1.0208
    1386       1.0707
    1387       1.0543
    1388       1.0754
    1389       1.0295
    1390       1.0981
    1391       1.0884
    1392       0.9586
    1393       0.9600
    1394       1.0543
    1395       1.0573
    1396       1.1021
    1397       1.0611
    1398       1.0695
    1399       1.0556
    1400       1.1384
    1401       1.0293
    1402       1.0666
    1403       1.0198
    1404       1.1183
    1405       1.1592
    1406       1.0913
    1407       1.0335
    1408       0.9868
    1409       1.1051
    1410       1.0613
    1411       1.1178
    1412       1.2326
    1413       1.0793
    1414       1.1985
    1415       1.0645
    1416       1.1245
    1417       1.0832
    1418       0.9908
    1419       1.0375
    1420       1.0418
    1421       1.0488
    1422       1.0209
    1423       1.0838
    1424       0.9917
    1425       1.0762
    1426       0.9489
    1427       0.9673
    1428       1.1187
    1429       1.1229
    1430       1.0597
    1431       0.9923
    1432       1.1245
    1433       1.1345
    1434       1.0933
    1435       1.1492
    1436       1.0848
    1437       1.1658
    1438       1.1900
    1439       1.2419
    1440       1.1503
    1441       1.0943
    1442       1.1135
    1443       1.1138
    1444       1.0899
    1445       1.1385
    1446       1.0595
    1447       1.0245
    1448       1.0445
    1449       1.0246
    1450       1.0440
    1451       1.0049
    1452       0.9788
    1453       0.9907
    1454       0.9355
    1455       1.0258
    1456       0.9822
    1457       0.9924
    1458       1.0261
    1459       0.9170
    1460       0.9400
    1461       0.9255
    1462       0.9869
    1463       0.9714
    1464       1.0293
    1465       0.9658
    1466       0.9445
    1467       1.0326
    1468       0.9567
    1469       0.9748
    1470       0.9715
    1471       0.9574
    1472       0.9847
    1473       0.9833
    1474       0.9930
    1475       0.9913
    1476       1.0424
    1477       0.9883
    1478       1.0076
    1479       1.1928
    1480       1.1149
    1481       1.1021
    1482       1.0248
    1483       1.0581
    1484       0.9526
    1485       1.0023
    1486       1.0189
    1487       1.0273
    1488       1.1032
    1489       1.0063
    1490       1.0161
    1491       0.9819
    1492       0.9662
    1493       0.9293
    1494       0.9251
    1495       1.1054
    1496       1.1360
    1497       1.1449
    1498       1.0097
    1499       1.0083
    1500       1.0427
    1501       1.0602
    1502       1.0701
    1503       1.0067
    1504       1.1255
    1505       1.0135
    1506       0.9799
    1507       0.9209
    1508       1.0002
    1509       0.9431
    1510       1.0107
    1511       1.2086
    1512       1.2110
    1513       1.1006
    1514       1.2761
    1515       1.1965
    1516       1.2227
    1517       1.3278
    1518       1.2389
    1519       1.1331
    1520       1.1639
    1521       1.1495
    1522       1.1055
    1523       1.0951
    1524       1.1789
    1525       1.1023
    1526       1.0686
    1527       1.0940
    1528       0.9798
    1529       1.0663
    1530       1.0465
    1531       1.0181
    1532       1.0175
    1533       0.9964
    1534       0.9805
    1535       0.9628
    1536       0.9579
    1537       0.9960
    1538       1.0255
    1539       0.9564
    1540       0.9276
    1541       0.9502
    1542       0.9740
    1543       0.9414
    1544       0.9431
    1545       0.8426
    1546       0.8759
    1547       0.8964
    1548       0.8943
    1549       0.9573
    1550       1.0110
    1551       0.9907
    1552       0.9883
    1553       0.9464
    1554       0.9407
    1555       0.9663
    1556       1.0076
    1557       0.9682
    1558       0.9827
    1559       1.0308
    1560       0.9713
    1561       0.9585
    1562       1.0092
    1563       1.0464
    1564       0.9615
    1565       0.9982
    1566       0.9972
    1567       1.0377
    1568       1.0571
    1569       1.1243
    1570       1.0760
    1571       1.0484
    1572       1.1774
    1573       1.1266
    1574       1.1039
    1575       1.0588
    1576       1.0738
    1577       1.1081
    1578       1.0846
    1579       1.1245
    1580       1.2157
    1581       1.1530
    1582       1.0223
    1583       1.1892
    1584       1.1470
    1585       1.0893
    1586       1.0273
    1587       0.9750
    1588       1.0060
    1589       1.0207
    1590       1.0031
    1591       0.9787
    1592       1.0256
    1593       0.9779
    1594       0.8836
    1595       0.9304
    1596       0.9602
    1597       0.9822
    1598       0.9540
    1599       0.9412
    1600       1.0011
    1601       1.0847
    1602       1.1175
    1603       1.0125
    1604       1.1604
    1605       1.1447
    1606       1.1535
    1607       1.0875
    1608       1.2078
    1609       1.1222
    1610       1.0907
    1611       1.1481
    1612       1.0987
    1613       1.0468
    1614       1.0659
    1615       1.1525
    1616       1.1752
    1617       1.0534
    1618       1.0597
    1619       1.0298
    1620       1.0395
    1621       0.9971
    1622       1.0544
    1623       1.0380
    1624       1.1294
    1625       1.0101
    1626       1.0418
    1627       0.9594
    1628       0.8928
    1629       0.9906
    1630       0.9911
    1631       1.0037
    1632       0.9291
    1633       0.9549
    1634       0.8412
    1635       0.8674
    1636       0.8944
    1637       0.8932
    1638       0.8466
    1639       0.8995
    1640       0.8941
    1641       0.9267
    1642       0.8966
    1643       0.9870
    1644       0.9608
    1645       0.8877
    1646       0.8219
    1647       0.8874
    1648       0.8733
    1649       0.9101
    1650       0.9123
    1651       0.9604
    1652       0.9056
    1653       0.9428
    1654       0.9135
    1655       0.9032
    1656       0.8842
    1657       0.8983
    1658       0.9639
    1659       0.9027
    1660       0.8959
    1661       0.9096
    1662       0.9109
    1663       0.8912
    1664       0.9222
    1665       0.8185
    1666       0.7971
    1667       0.8197
    1668       0.7808
    1669       0.8736
    1670       0.9268
    1671       0.9878
    1672       0.9621
    1673       0.9171
    1674       0.9160
    1675       0.8843
    1676       0.9211
    1677       0.9263
    1678       0.9299
    1679       1.0287
    1680       1.0168
    1681       0.9604
    1682       0.8859
    1683       0.9151
    1684       0.9382
    1685       0.9031
    1686       0.8985
    1687       0.9121
    1688       1.0519
    1689       0.9785
    1690       0.9767
    1691       0.9907
    1692       0.8912
    1693       0.9161
    1694       0.8974
    1695       0.8916
    1696       0.8997
    1697       0.9559
    1698       0.9360
    1699       0.8079
    1700       0.8662
    1701       0.8148
    1702       0.8153
    1703       0.8914
    1704       0.9313
    1705       0.9424
    1706       0.9715
    1707       0.9134
    1708       0.9277
    1709       1.0737
    1710       0.9590
    1711       1.0338
    1712       1.0390
    1713       1.0265
    1714       0.8906
    1715       0.9259
    1716       0.8425
    1717       0.8547
    1718       0.9422
    1719       0.9911
    1720       0.9073
    1721       0.9025
    1722       0.8365
    1723       0.8076
    1724       0.8904
    1725       0.8489
    1726       0.8609
    1727       0.8306
    1728       0.8217
    1729       0.9601
    1730       0.9196
    1731       0.9600
    1732       0.9356
    1733       0.8679
    1734       0.8374
    1735       0.8466
    1736       0.8525
    1737       0.9442
    1738       0.9871
    1739       0.9239
    1740       0.8346
    1741       0.9325
    1742       0.8882
    1743       0.8825
    1744       0.8063
    1745       0.7872
    1746       0.8480
    1747       0.9722
    1748       0.9104
    1749       0.8420
    1750       0.8415
    1751       0.7844
    1752       0.9131
    1753       0.8895
    1754       0.8763
    1755       0.9025
    1756       0.9461
    1757       0.9580
    1758       0.9904
    1759       0.9239
    1760       0.8668
    1761       0.9385
    1762       0.9069
    1763       0.9352
    1764       0.9859
    1765       1.0024
    1766       1.0714
    1767       0.9835
    1768       1.1274
    1769       1.0283
    1770       1.0026
    1771       0.9276
    1772       0.9420
    1773       1.0224
    1774       0.9950
    1775       0.9519
    1776       0.8844
    1777       1.0144
    1778       1.0044
    1779       0.9549
    1780       0.9006
    1781       0.9575
    1782       0.9892
    1783       0.9828
    1784       1.0364
    1785       0.9493
    1786       0.9340
    1787       0.9472
    1788       0.9539
    1789       0.9939
    1790       0.9109
    1791       0.9311
    1792       0.9246
    1793       0.9392
    1794       0.9119
    1795       0.8816
    1796       0.9430
    1797       0.9442
    1798       0.9724
    1799       0.9252
    1800       0.8390
    1801       0.9106
    1802       0.8695
    1803       0.9789
    1804       1.0336
    1805       1.0376
    1806       0.9450
    1807       0.9299
    1808       0.9045
    1809       0.8799
    1810       1.0000
    1811       0.9774
    1812       0.9200
    1813       0.8522
    1814       0.8159
    1815       0.9528
    1816       0.9250
    1817       0.8482
    1818       0.8773
    1819       0.8349
    1820       0.8662
    1821       0.8937
    1822       0.9735
    1823       0.9644
    1824       0.9318
    1825       0.8557
    1826       0.8825
    1827       0.8778
    1828       0.9159
    1829       0.9942
    1830       0.8656
    1831       0.8376
    1832       0.8155
    1833       0.8062
    1834       0.9068
    1835       0.8786
    1836       0.9534
    1837       0.9272
    1838       0.8895
    1839       0.8091
    1840       0.8771
    1841       0.8326
    1842       0.8148
    1843       0.8917
    1844       0.8763
    1845       0.8514
    1846       1.0471
    1847       1.0126
    1848       0.8921
    1849       0.9681
    1850       0.9930
    1851       1.0079
    1852       1.0076
    1853       0.9753
    1854       1.0259
    1855       0.9593
    1856       1.0214
    1857       0.8827
    1858       0.9277
    1859       0.8487
    1860       0.8664
    1861       0.8791
    1862       0.8427
    1863       0.9113
    1864       0.8915
    1865       0.9336
    1866       1.0611
    1867       1.0386
    1868       0.9508
    1869       1.0291
    1870       1.1078
    1871       1.0709
    1872       0.9336
    1873       1.0262
    1874       0.8991
    1875       0.8630
    1876       0.8613
    1877       0.9112
    1878       0.9119
    1879       0.9413
    1880       0.9027
    1881       0.9819
    1882       0.9436
    1883       0.9291
    1884       0.9547
    1885       0.7593
    1886       0.8553
    1887       0.8319
    1888       0.8575
    1889       0.9304
    1890       0.8755
    1891       0.8676
    1892       0.8546
    1893       0.8584
    1894       0.8654
    1895       0.8471
    1896       0.8711
    1897       0.9063
    1898       0.8407
    1899       0.9029
    1900       0.9155
    1901       0.9326
    1902       0.8284
    1903       0.8240
    1904       0.8260
    1905       0.9048
    1906       0.8384
    1907       0.9640
    1908       0.9543
    1909       0.9084
    1910       1.0014
    1911       0.9422
    1912       0.9051
    1913       0.9136
    1914       0.9709
    1915       1.0231
    1916       0.9844
    1917       1.0063
    1918       0.9570
    1919       0.9740
    1920       0.8652
    1921       0.9677
    1922       0.9217
    1923       0.8542
    1924       0.8527
    1925       0.9309
    1926       0.9420
    1927       0.9830
    1928       0.9500
    1929       0.8850
    1930       0.9287
    1931       0.8709
    1932       0.9440
    1933       0.8574
    1934       0.8878
    1935       0.9802
    1936       1.0081
    1937       1.1169
    1938       1.0806
    1939       1.0796
    1940       1.0598
    1941       1.0672
    1942       0.9459
    1943       0.9763
    1944       0.9985
    1945       0.8990
    1946       0.8796
    1947       1.0053
    1948       1.0349
    1949       1.1134
    1950       1.0358
    1951       1.0807
    1952       1.1698
    1953       1.0314
    1954       1.0268
    1955       1.0041
    1956       1.0838
    1957       0.9741
    1958       0.9387
    1959       1.0123
    1960       0.9777
    1961       0.9286
    1962       0.9436
    1963       0.9448
    1964       0.8982
    1965       1.0538
    1966       0.9865
    1967       1.0061
    1968       1.0285
    1969       0.9772
    1970       1.0064
    1971       1.0503
    1972       0.9842
    1973       1.0048
    1974       0.9508
    1975       0.9080
    1976       0.9306
    1977       1.0750
    1978       0.9870
    1979       0.9952
    1980       0.9794
    1981       0.9723
    1982       1.0708
    1983       1.0831
    1984       1.1137
    1985       1.0406
    1986       1.0447
    1987       1.0423
    1988       1.0012
    1989       0.9794
    1990       0.9570
    1991       1.0296
    1992       1.0219
    1993       1.0121
    1994       1.0133
    1995       1.0942
    1996       1.0410
    1997       0.9778
    1998       0.9763
    1999       0.9190
    2000       0.9758
