#Frame              d
       1      13.7144
       2      13.9507
       3      14.0115
       4      14.6680
       5      14.1607
       6      14.1308
       7      14.2473
       8      15.0297
       9      14.4253
      10      14.9346
      11      14.9605
      12      14.5559
      13      15.1060
      14      14.8973
      15      15.2856
      16      14.3927
      17      14.1618
      18      14.5893
      19      14.6105
      20      14.8304
      21      14.9433
      22      15.0196
      23      14.7290
      24      14.4559
      25      15.0224
      26      14.6606
      27      14.6504
      28      13.8616
      29      13.8573
      30      13.6569
      31      14.3050
      32      13.7658
      33      14.5953
      34      14.3432
      35      14.0437
      36      14.1559
      37      14.3118
      38      13.9800
      39      14.3116
      40      14.3975
      41      14.5482
      42      14.4991
      43      14.3475
      44      14.4203
      45      14.6163
      46      14.6219
      47      14.2868
      48      14.8049
      49      14.1362
      50      14.2378
      51      14.1216
      52      14.5050
      53      14.2144
      54      13.6442
      55      14.1649
      56      14.4143
      57      14.7129
      58      14.5759
      59      14.6635
      60      14.4238
      61      14.8307
      62      14.4240
      63      14.2407
      64      13.9599
      65      13.9648
      66      13.6387
      67      13.8190
      68      14.2938
      69      14.3823
      70      13.9403
      71      13.9137
      72      13.6825
      73      13.3139
      74      13.6378
      75      13.4351
      76      13.6114
      77      13.5822
      78      13.2283
      79      13.1798
      80      12.8052
      81      13.1277
      82      13.4015
      83      13.5100
      84      13.3167
      85      13.6701
      86      13.1637
      87      13.0241
      88      13.2203
      89      13.0935
      90      13.6315
      91      13.8613
      92      13.4194
      93      13.3986
      94      12.6820
      95      12.8521
      96      12.9699
      97      13.6062
      98      13.5453
      99      13.6396
     100      13.6279
     101      13.3758
     102      13.0340
     103      12.8920
     104      12.8702
     105      13.3574
     106      13.1682
     107      13.3137
     108      13.5063
     109      13.2413
     110      13.1596
     111      12.6054
     112      12.7464
     113      13.1660
     114      13.0967
     115      13.1127
     116      12.9601
     117      12.8709
     118      13.0702
     119      13.0582
     120      13.5039
     121      13.2950
     122      13.2383
     123      13.6344
     124      12.9261
     125      13.1593
     126      13.0477
     127      12.9441
     128      13.3313
     129      13.1972
     130      13.1352
     131      13.1723
     132      13.4711
     133      13.4583
     134      12.8888
     135      13.1957
     136      13.7226
     137      13.1641
     138      12.8632
     139      13.1863
     140      12.7453
     141      12.7836
     142      12.9621
     143      13.1599
     144      13.7868
     145      13.2965
     146      13.3932
     147      12.9956
     148      13.5096
     149      12.9930
     150      13.5094
     151      13.2164
     152      13.3098
     153      13.1829
     154      13.4323
     155      13.0901
     156      13.3238
     157      12.9238
     158      13.3518
     159      12.8454
     160      12.8292
     161      13.2307
     162      13.1208
     163      13.4853
     164      13.1201
     165      13.0884
     166      13.3978
     167      13.2223
     168      13.5789
     169      13.0228
     170      13.0327
     171      12.9683
     172      13.2380
     173      13.1785
     174      13.4140
     175      13.0043
     176      13.6715
     177      12.6294
     178      13.3951
     179      13.2586
     180      12.7690
     181      13.1655
     182      12.7783
     183      12.9170
     184      13.6972
     185      13.1599
     186      12.8714
     187      12.6411
     188      13.3721
     189      13.2537
     190      13.0327
     191      13.3172
     192      13.3175
     193      13.0040
     194      13.4802
     195      13.4513
     196      13.1166
     197      13.5032
     198      12.9188
     199      12.9626
     200      12.9919
     201      12.8485
     202      13.0777
     203      13.3464
     204      13.2104
     205      13.5333
     206      13.0567
     207      13.6293
     208      13.3480
     209      13.0107
     210      13.2423
     211      13.3234
     212      13.0167
     213      13.1572
     214      12.7994
     215      13.2497
     216      13.3959
     217      12.9015
     218      13.2009
     219      13.0470
     220      13.1151
     221      13.1192
     222      13.3410
     223      13.0959
     224      12.8650
     225      13.2253
     226      13.4037
     227      12.9430
     228      13.2117
     229      13.7225
     230      13.7792
     231      12.8656
     232      13.1438
     233      12.7164
     234      13.2740
     235      13.4429
     236      13.7760
     237      13.8401
     238      14.0387
     239      13.0266
     240      13.7981
     241      13.9274
     242      13.2300
     243      12.9341
     244      12.5971
     245      13.4637
     246      13.2234
     247      13.1043
     248      13.2562
     249      13.1979
     250      12.9756
     251      12.8344
     252      13.5408
     253      13.3517
     254      13.5276
     255      13.5552
     256      12.9074
     257      12.7605
     258      13.4524
     259      13.3542
     260      13.5216
     261      13.0076
     262      13.3070
     263      13.0674
     264      13.0752
     265      13.1533
     266      13.0987
     267      13.2740
     268      12.8611
     269      13.1765
     270      13.1200
     271      13.3953
     272      13.0105
     273      13.2660
     274      13.0567
     275      13.3936
     276      13.3176
     277      13.6348
     278      13.2012
     279      13.0615
     280      13.2497
     281      13.9136
     282      13.3031
     283      13.0967
     284      13.1474
     285      13.0753
     286      13.1599
     287      13.3511
     288      12.9422
     289      13.1965
     290      13.0217
     291      12.8724
     292      12.7543
     293      12.8566
     294      12.9695
     295      13.5700
     296      12.7688
     297      13.2186
     298      13.2727
     299      13.1458
     300      13.0878
     301      13.5323
     302      12.9951
     303      13.4012
     304      12.9411
     305      13.1452
     306      12.4147
     307      12.8327
     308      13.4521
     309      12.8184
     310      13.1942
     311      12.6969
     312      12.9888
     313      12.7311
     314      13.3364
     315      13.2382
     316      12.8084
     317      13.1242
     318      13.1924
     319      13.0717
     320      13.6267
     321      13.1366
     322      13.3588
     323      12.8968
     324      13.2818
     325      13.5544
     326      13.0494
     327      13.4255
     328      12.9797
     329      13.4998
     330      13.2303
     331      13.0191
     332      13.3592
     333      13.1149
     334      13.3911
     335      13.1745
     336      12.9668
     337      13.2812
     338      12.6646
     339      13.7241
     340      13.5895
     341      13.2658
     342      12.8118
     343      12.8668
     344      13.0466
     345      12.9240
     346      12.7948
     347      12.7606
     348      12.8207
     349      13.2548
     350      13.2705
     351      13.3135
     352      13.2037
     353      12.7818
     354      12.8961
     355      12.8071
     356      13.1047
     357      12.7944
     358      12.8910
     359      13.1394
     360      12.9513
     361      12.8072
     362      12.7067
     363      12.8983
     364      13.9497
     365      13.5603
     366      12.8258
     367      13.2987
     368      13.1555
     369      13.3468
     370      13.3239
     371      12.7510
     372      13.2694
     373      13.0102
     374      12.6915
     375      13.2538
     376      12.9527
     377      12.8462
     378      12.8513
     379      13.3806
     380      12.5622
     381      13.1943
     382      13.1126
     383      13.0747
     384      13.2698
     385      13.5137
     386      13.0363
     387      13.7645
     388      13.1173
     389      13.4005
     390      13.8715
     391      13.4329
     392      12.9652
     393      13.3358
     394      13.0868
     395      13.2277
     396      12.6761
     397      12.9551
     398      13.0591
     399      12.9672
     400      12.9701
     401      12.8948
     402      12.7112
     403      13.1075
     404      12.9839
     405      13.4300
     406      14.1713
     407      13.2883
     408      13.7134
     409      13.4918
     410      12.9293
     411      13.2597
     412      13.4567
     413      13.4263
     414      12.8727
     415      12.5535
     416      12.6326
     417      12.8658
     418      13.2523
     419      12.4840
     420      13.4253
     421      12.7092
     422      13.3130
     423      12.8540
     424      12.5340
     425      13.2135
     426      12.9857
     427      12.7638
     428      12.7665
     429      13.2938
     430      13.2003
     431      13.2446
     432      12.7873
     433      12.9179
     434      13.1753
     435      13.2137
     436      12.9299
     437      13.0202
     438      13.0835
     439      12.8864
     440      13.0605
     441      13.2721
     442      13.2192
     443      13.2928
     444      14.0126
     445      12.9689
     446      13.0403
     447      12.8293
     448      12.9263
     449      13.0970
     450      12.6746
     451      12.6460
     452      12.9872
     453      12.8970
     454      12.9774
     455      12.9035
     456      13.1924
     457      13.2646
     458      13.0017
     459      13.4417
     460      13.4066
     461      13.6699
     462      13.5221
     463      13.1512
     464      13.3952
     465      12.8334
     466      13.1219
     467      13.0270
     468      13.3643
     469      12.9895
     470      13.2671
     471      13.0125
     472      13.5093
     473      12.6644
     474      13.2343
     475      13.0774
     476      13.3346
     477      13.3036
     478      13.0353
     479      13.2384
     480      12.6681
     481      12.7367
     482      13.0954
     483      12.7618
     484      13.2042
     485      13.4539
     486      12.9756
     487      13.1768
     488      13.0788
     489      13.1204
     490      13.1021
     491      13.0773
     492      13.5957
     493      13.0025
     494      13.0722
     495      12.7190
     496      13.3341
     497      13.4328
     498      13.3388
     499      13.4912
     500      13.2320
     501      12.9934
     502      13.0905
     503      13.3749
     504      13.3249
     505      13.5780
     506      13.7019
     507      14.0324
     508      13.7590
     509      13.7227
     510      14.2008
     511      13.3920
     512      13.3041
     513      13.1252
     514      13.1785
     515      13.5919
     516      12.8843
     517      13.6999
     518      12.7197
     519      13.1544
     520      12.7918
     521      12.8774
     522      12.9296
     523      12.7097
     524      12.9465
     525      13.4065
     526      13.5357
     527      13.1452
     528      12.9949
     529      12.9070
     530      12.8890
     531      12.8868
     532      13.2616
     533      13.3708
     534      12.9862
     535      13.6375
     536      12.6733
     537      12.7027
     538      13.1274
     539      13.3168
     540      12.4289
     541      12.8314
     542      13.0115
     543      13.3970
     544      13.0158
     545      12.8459
     546      13.0265
     547      13.4864
     548      12.6954
     549      12.9538
     550      13.2377
     551      13.2232
     552      13.0519
     553      13.5502
     554      13.4172
     555      13.5809
     556      12.7291
     557      13.5664
     558      14.0545
     559      13.9532
     560      13.9268
     561      13.9980
     562      14.1715
     563      14.2830
     564      13.4655
     565      13.0742
     566      13.0148
     567      13.3316
     568      12.8428
     569      12.9546
     570      13.3163
     571      12.9531
     572      12.7006
     573      13.2673
     574      13.5780
     575      13.4813
     576      13.5461
     577      13.0684
     578      13.2743
     579      13.0551
     580      12.9739
     581      13.3595
     582      13.2657
     583      13.0220
     584      13.4092
     585      13.1412
     586      12.9494
     587      13.0168
     588      13.1522
     589      12.5542
     590      12.5535
     591      13.2203
     592      12.2844
     593      12.7051
     594      13.0737
     595      13.0256
     596      12.8279
     597      12.5074
     598      12.4006
     599      13.1458
     600      13.1406
     601      12.4210
     602      13.0595
     603      12.6820
     604      13.0128
     605      12.9890
     606      12.9447
     607      13.1793
     608      12.8354
     609      12.8620
     610      12.8971
     611      13.1436
     612      13.3417
     613      13.0217
     614      13.2668
     615      13.2653
     616      13.8438
     617      12.8989
     618      13.0606
     619      12.8578
     620      13.3676
     621      13.1100
     622      13.2024
     623      12.9314
     624      13.1195
     625      12.9378
     626      12.6925
     627      12.5796
     628      13.2001
     629      12.4137
     630      13.0709
     631      12.9851
     632      13.4299
     633      13.8671
     634      14.2895
     635      13.9740
     636      13.7335
     637      14.4772
     638      14.0605
     639      13.5704
     640      12.8568
     641      13.5536
     642      14.2673
     643      14.1434
     644      14.0471
     645      14.2502
     646      14.5741
     647      15.5236
     648      14.5309
     649      14.2525
     650      15.1121
     651      14.5301
     652      14.6987
     653      14.8350
     654      14.2905
     655      14.7669
     656      14.3098
     657      14.1541
     658      14.0380
     659      14.5723
     660      14.1029
     661      13.4753
     662      13.8412
     663      13.4652
     664      13.4100
     665      13.4346
     666      13.1029
     667      13.3028
     668      13.1985
     669      12.8044
     670      13.1985
     671      13.7449
     672      13.1776
     673      13.7979
     674      14.4226
     675      14.6087
     676      14.7098
     677      14.5617
     678      14.3308
     679      13.7778
     680      14.0101
     681      13.2580
     682      13.0981
     683      14.3513
     684      14.3615
     685      14.3534
     686      13.8859
     687      13.3891
     688      13.7699
     689      14.2946
     690      13.7689
     691      13.6449
     692      13.1894
     693      13.7891
     694      13.3351
     695      13.7450
     696      13.3555
     697      14.0320
     698      13.4176
     699      13.9739
     700      13.3515
     701      14.1441
     702      13.0828
     703      12.8041
     704      13.6124
     705      13.2245
     706      14.5907
     707      13.4853
     708      13.7649
     709      13.5948
     710      13.4376
     711      13.2150
     712      13.8790
     713      13.4511
     714      13.2235
     715      13.1273
     716      13.7677
     717      13.3965
     718      13.8561
     719      13.4497
     720      13.6859
     721      13.7990
     722      13.9251
     723      13.4248
     724      12.9440
     725      13.0695
     726      13.4949
     727      13.2640
     728      13.6057
     729      13.4057
     730      13.5857
     731      13.3628
     732      12.6864
     733      13.6965
     734      14.2329
     735      14.0028
     736      13.2598
     737      14.0421
     738      13.6526
     739      13.7228
     740      13.9459
     741      14.0053
     742      14.7805
     743      15.2462
     744      15.0730
     745      15.3049
     746      15.3905
     747      15.4931
     748      15.7188
     749      15.2937
     750      15.1815
     751      14.6265
     752      15.4506
     753      15.7313
     754      15.4777
     755      15.2960
     756      15.2160
     757      14.6330
     758      15.5188
     759      15.3941
     760      14.6082
     761      14.0901
     762      14.5880
     763      14.4224
     764      14.4948
     765      14.7499
     766      15.0390
     767      14.8926
     768      14.6588
     769      14.5408
     770      14.2366
     771      14.9303
     772      14.5573
     773      14.0457
     774      14.9022
     775      14.6237
     776      14.9638
     777      14.6607
     778      14.8432
     779      14.8860
     780      14.7828
     781      15.3073
     782      15.5615
     783      15.0121
     784      15.4244
     785      14.9407
     786      15.5621
     787      15.3709
     788      15.6931
     789      15.2460
     790      15.2553
     791      15.3715
     792      15.2342
     793      14.9610
     794      15.1814
     795      14.6827
     796      15.0218
     797      14.6976
     798      15.3917
     799      15.1173
     800      15.7014
     801      15.1324
     802      14.7023
     803      15.3616
     804      15.0921
     805      15.0777
     806      15.2436
     807      15.0579
     808      15.4284
     809      15.2315
     810      15.1905
     811      15.1682
     812      15.3894
     813      15.2904
     814      15.5761
     815      15.0175
     816      14.4841
     817      14.4750
     818      14.9289
     819      14.0952
     820      14.3697
     821      15.0075
     822      14.9511
     823      15.1278
     824      14.8491
     825      14.5923
     826      14.9674
     827      14.2691
     828      15.3885
     829      15.2937
     830      15.2331
     831      15.2385
     832      15.3923
     833      15.6243
     834      15.4032
     835      15.2461
     836      15.4468
     837      15.4995
     838      15.6780
     839      15.9385
     840      15.6526
     841      15.3767
     842      14.9884
     843      15.2412
     844      15.0709
     845      14.9477
     846      15.1227
     847      14.6926
     848      14.1681
     849      14.9093
     850      14.2658
     851      15.0693
     852      15.2078
     853      14.9785
     854      15.3395
     855      14.9763
     856      14.8538
     857      15.1808
     858      15.2655
     859      15.4020
     860      15.1295
     861      14.9444
     862      15.4095
     863      15.1233
     864      15.3253
     865      15.2546
     866      15.4405
     867      15.0520
     868      14.9253
     869      14.8021
     870      14.8072
     871      14.6153
     872      15.2108
     873      14.9038
     874      15.6806
     875      15.2871
     876      15.1306
     877      15.4549
     878      15.5912
     879      15.0968
     880      15.5885
     881      15.2459
     882      14.5810
     883      14.7539
     884      14.4723
     885      14.6949
     886      14.8975
     887      14.8098
     888      15.1914
     889      14.7453
     890      15.3597
     891      14.3687
     892      14.8902
     893      13.8335
     894      13.8009
     895      14.3390
     896      14.3340
     897      14.0213
     898      14.1618
     899      13.9362
     900      14.9014
     901      14.9310
     902      14.0352
     903      14.7408
     904      14.8918
     905      14.7827
     906      14.8441
     907      14.4091
     908      15.0853
     909      14.9830
     910      14.6646
     911      14.0599
     912      14.7739
     913      14.3287
     914      14.4031
     915      15.5805
     916      15.0243
     917      14.8440
     918      14.8494
     919      15.3120
     920      15.2437
     921      14.8227
     922      14.9193
     923      14.6490
     924      15.0935
     925      15.1612
     926      15.1623
     927      15.1397
     928      14.7920
     929      14.5456
     930      14.9727
     931      14.6102
     932      15.1143
     933      14.6293
     934      15.1315
     935      14.6430
     936      14.8665
     937      14.9073
     938      15.0031
     939      14.9017
     940      15.3493
     941      14.8134
     942      15.0810
     943      15.1225
     944      15.6977
     945      15.3232
     946      14.7917
     947      15.2117
     948      14.7068
     949      14.7226
     950      15.0477
     951      15.0543
     952      14.8390
     953      14.9161
     954      14.7780
     955      15.3023
     956      15.5293
     957      14.9454
     958      15.1043
     959      15.2972
     960      15.4206
     961      14.9492
     962      14.9950
     963      15.0739
     964      14.6105
     965      15.2129
     966      15.3237
     967      14.7455
     968      14.7638
     969      14.9589
     970      15.2419
     971      15.4087
     972      14.6937
     973      14.6734
     974      14.4933
     975      15.0814
     976      14.7086
     977      14.8017
     978      15.0007
     979      14.8090
     980      15.2574
     981      15.5296
     982      15.5405
     983      15.2405
     984      15.0479
     985      14.9973
     986      14.8355
     987      15.0635
     988      14.8489
     989      14.7015
     990      14.9531
     991      15.2357
     992      15.1273
     993      15.2112
     994      15.0946
     995      15.5289
     996      15.2022
     997      15.1767
     998      14.2387
     999      14.8390
    1000      14.9572
    1001      15.1334
    1002      15.1530
    1003      15.0931
    1004      14.6420
    1005      15.0397
    1006      15.1152
    1007      14.9687
    1008      15.8086
    1009      14.4150
    1010      15.0695
    1011      14.8507
    1012      15.0403
    1013      14.7450
    1014      15.2142
    1015      14.9074
    1016      14.2521
    1017      14.5418
    1018      15.0886
    1019      15.2557
    1020      15.0318
    1021      15.0753
    1022      15.3724
    1023      15.0983
    1024      15.2601
    1025      15.0944
    1026      15.2926
    1027      15.2684
    1028      15.7270
    1029      15.5073
    1030      15.4527
    1031      15.4129
    1032      15.5245
    1033      16.1280
    1034      15.6310
    1035      15.1102
    1036      14.9871
    1037      14.5655
    1038      15.1706
    1039      14.6781
    1040      14.9707
    1041      14.7820
    1042      14.8974
    1043      14.8817
    1044      15.1560
    1045      14.5505
    1046      14.6633
    1047      14.4922
    1048      14.7509
    1049      14.7780
    1050      14.4062
    1051      14.8294
    1052      14.8813
    1053      14.9000
    1054      15.1096
    1055      14.8835
    1056      15.2366
    1057      15.2616
    1058      14.9200
    1059      15.0694
    1060      14.7847
    1061      14.6685
    1062      15.3167
    1063      15.0649
    1064      15.4630
    1065      14.8831
    1066      14.6024
    1067      15.6797
    1068      15.2678
    1069      14.8823
    1070      14.6402
    1071      15.3182
    1072      14.8326
    1073      15.1460
    1074      14.7725
    1075      14.7628
    1076      15.4070
    1077      15.3118
    1078      14.9256
    1079      15.0160
    1080      14.5944
    1081      15.0468
    1082      14.9898
    1083      15.7888
    1084      15.6269
    1085      15.4074
    1086      15.2852
    1087      15.0042
    1088      15.1486
    1089      14.6184
    1090      14.7046
    1091      14.5095
    1092      14.6797
    1093      14.2388
    1094      14.1816
    1095      14.2916
    1096      14.4991
    1097      14.4585
    1098      14.7136
    1099      14.4132
    1100      14.5313
    1101      14.7443
    1102      14.2732
    1103      14.5425
    1104      14.5264
    1105      14.8763
    1106      14.5802
    1107      14.3423
    1108      14.3114
    1109      14.6271
    1110      14.8188
    1111      15.0775
    1112      14.9356
    1113      14.9563
    1114      15.0735
    1115      15.2433
    1116      14.4634
    1117      14.7166
    1118      14.9040
    1119      14.7479
    1120      14.9771
    1121      15.1792
    1122      14.8511
    1123      15.0806
    1124      15.5359
    1125      15.1237
    1126      14.7276
    1127      15.1215
    1128      15.4437
    1129      15.0283
    1130      14.9985
    1131      14.4669
    1132      14.3171
    1133      15.0055
    1134      14.8925
    1135      14.8447
    1136      14.6712
    1137      15.3298
    1138      14.6765
    1139      15.1206
    1140      14.8433
    1141      14.6885
    1142      14.6698
    1143      15.1946
    1144      15.1613
    1145      15.1765
    1146      15.2755
    1147      14.9478
    1148      15.0267
    1149      14.6991
    1150      15.2326
    1151      14.8951
    1152      15.3919
    1153      15.5965
    1154      15.0872
    1155      14.9355
    1156      15.4527
    1157      15.5534
    1158      14.9773
    1159      15.3659
    1160      15.1547
    1161      15.3702
    1162      15.0675
    1163      14.7616
    1164      15.3804
    1165      15.1124
    1166      15.1923
    1167      15.8499
    1168      15.3819
    1169      14.9868
    1170      15.0929
    1171      14.5757
    1172      13.9136
    1173      14.7745
    1174      14.7748
    1175      14.5226
    1176      15.0266
    1177      14.7138
    1178      14.5789
    1179      13.9718
    1180      14.9121
    1181      13.8474
    1182      14.5013
    1183      14.9115
    1184      14.7166
    1185      15.5385
    1186      15.8070
    1187      14.9559
    1188      15.1452
    1189      15.3005
    1190      15.7762
    1191      15.5514
    1192      15.7676
    1193      15.7780
    1194      14.8998
    1195      15.6896
    1196      15.1213
    1197      14.6772
    1198      15.2623
    1199      15.2877
    1200      14.7415
    1201      14.7527
    1202      14.8212
    1203      15.5156
    1204      15.3112
    1205      15.4734
    1206      15.2329
    1207      15.4265
    1208      15.2323
    1209      14.9707
    1210      14.9538
    1211      14.9700
    1212      14.8704
    1213      15.2627
    1214      14.7553
    1215      14.5481
    1216      14.6496
    1217      14.9997
    1218      15.3267
    1219      15.0906
    1220      14.7263
    1221      14.5890
    1222      14.5243
    1223      14.7067
    1224      14.9013
    1225      15.0758
    1226      14.9149
    1227      14.5320
    1228      14.4566
    1229      14.6981
    1230      15.6831
    1231      15.2531
    1232      15.1949
    1233      15.2033
    1234      15.0217
    1235      15.1896
    1236      15.0042
    1237      15.0953
    1238      14.8446
    1239      14.5267
    1240      15.4687
    1241      14.6632
    1242      15.2917
    1243      14.2153
    1244      14.5072
    1245      14.6898
    1246      14.5385
    1247      14.4189
    1248      13.9944
    1249      14.5780
    1250      15.1529
    1251      14.7929
    1252      15.3795
    1253      15.1331
    1254      15.1892
    1255      15.2484
    1256      15.2198
    1257      15.1819
    1258      14.9340
    1259      15.2919
    1260      14.9010
    1261      15.4534
    1262      14.5725
    1263      14.9053
    1264      14.6479
    1265      14.5592
    1266      13.9454
    1267      14.9168
    1268      14.9512
    1269      15.0119
    1270      14.6854
    1271      14.7871
    1272      15.0215
    1273      15.3727
    1274      15.4176
    1275      15.0349
    1276      15.3218
    1277      14.3486
    1278      15.2918
    1279      15.0189
    1280      14.4075
    1281      15.1468
    1282      14.9865
    1283      14.6644
    1284      15.2562
    1285      14.6061
    1286      15.1432
    1287      14.4250
    1288      14.5282
    1289      14.3806
    1290      14.3734
    1291      14.5375
    1292      14.7554
    1293      14.6179
    1294      14.6244
    1295      15.1210
    1296      14.9656
    1297      14.6493
    1298      15.5463
    1299      15.2771
    1300      15.3059
    1301      15.1254
    1302      15.1467
    1303      15.2180
    1304      14.7348
    1305      14.9785
    1306      15.2854
    1307      15.2933
    1308      15.3592
    1309      15.3928
    1310      15.3079
    1311      14.7871
    1312      14.8034
    1313      14.6901
    1314      15.2621
    1315      15.0971
    1316      14.9805
    1317      15.2559
    1318      15.0251
    1319      15.1069
    1320      15.0409
    1321      15.0890
    1322      15.2619
    1323      14.8228
    1324      15.0064
    1325      15.7476
    1326      15.3569
    1327      15.0121
    1328      15.6766
    1329      15.0547
    1330      15.4326
    1331      15.4487
    1332      14.8618
    1333      15.3660
    1334      15.1091
    1335      15.2735
    1336      15.4383
    1337      15.0817
    1338      15.3042
    1339      15.4569
    1340      15.2691
    1341      14.8314
    1342      15.4598
    1343      15.8557
    1344      15.5444
    1345      15.4092
    1346      15.3492
    1347      14.9340
    1348      15.0288
    1349      15.1790
    1350      15.3232
    1351      15.3153
    1352      15.5712
    1353      14.9121
    1354      15.3613
    1355      14.7752
    1356      14.7142
    1357      14.9823
    1358      14.8409
    1359      15.4435
    1360      15.0967
    1361      13.9671
    1362      13.6562
    1363      14.6818
    1364      14.4417
    1365      14.2935
    1366      14.6626
    1367      14.0120
    1368      13.6440
    1369      13.3264
    1370      13.0240
    1371      13.3994
    1372      13.4405
    1373      13.8527
    1374      13.7448
    1375      13.7672
    1376      13.7161
    1377      13.8464
    1378      13.5170
    1379      13.9011
    1380      13.8604
    1381      14.0116
    1382      14.2582
    1383      14.1035
    1384      13.2570
    1385      13.2851
    1386      13.6279
    1387      14.2555
    1388      13.9717
    1389      13.2750
    1390      14.0769
    1391      14.2416
    1392      14.1686
    1393      14.2714
    1394      14.1086
    1395      14.1160
    1396      14.5070
    1397      14.2142
    1398      13.8273
    1399      14.1823
    1400      14.3286
    1401      14.2832
    1402      14.3497
    1403      13.8018
    1404      14.0729
    1405      14.1106
    1406      14.3964
    1407      13.8731
    1408      14.1233
    1409      14.1968
    1410      14.3200
    1411      14.4262
    1412      14.7461
    1413      14.2992
    1414      14.4543
    1415      14.4408
    1416      14.4934
    1417      14.0229
    1418      14.2150
    1419      13.9313
    1420      14.3399
    1421      14.4925
    1422      13.8524
    1423      14.2114
    1424      13.6661
    1425      14.6197
    1426      14.8344
    1427      15.3228
    1428      15.3491
    1429      15.1180
    1430      15.0639
    1431      15.0239
    1432      15.6505
    1433      15.5279
    1434      14.8558
    1435      15.0448
    1436      15.0861
    1437      15.0959
    1438      15.2822
    1439      15.2069
    1440      15.3679
    1441      15.4404
    1442      15.1676
    1443      15.3809
    1444      14.9004
    1445      15.1340
    1446      14.6777
    1447      15.1258
    1448      15.1321
    1449      15.2769
    1450      15.2700
    1451      15.1736
    1452      15.3849
    1453      15.3048
    1454      15.4179
    1455      14.8942
    1456      14.9824
    1457      15.2985
    1458      15.4895
    1459      15.0607
    1460      15.2456
    1461      14.7387
    1462      14.9020
    1463      15.4056
    1464      15.2648
    1465      14.9725
    1466      14.9815
    1467      14.9893
    1468      15.2787
    1469      14.9834
    1470      14.9512
    1471      15.1152
    1472      14.9211
    1473      15.4060
    1474      15.1745
    1475      14.4178
    1476      15.1847
    1477      15.3619
    1478      15.1503
    1479      15.4722
    1480      15.4025
    1481      15.7584
    1482      15.8234
    1483      15.2572
    1484      15.1396
    1485      14.8244
    1486      15.3944
    1487      15.7021
    1488      15.4640
    1489      14.5593
    1490      15.2980
    1491      15.2777
    1492      14.8879
    1493      15.2033
    1494      15.3560
    1495      15.1047
    1496      15.0625
    1497      15.2723
    1498      15.3988
    1499      14.5854
    1500      14.7277
    1501      15.0971
    1502      15.1527
    1503      14.6294
    1504      15.2124
    1505      14.8909
    1506      15.4218
    1507      15.2433
    1508      15.0336
    1509      15.2489
    1510      15.3209
    1511      14.4045
    1512      14.6219
    1513      13.8314
    1514      13.7842
    1515      13.9330
    1516      13.8082
    1517      14.1260
    1518      13.7224
    1519      13.9787
    1520      13.8731
    1521      13.9261
    1522      14.2882
    1523      14.1045
    1524      14.2140
    1525      13.8226
    1526      14.4086
    1527      14.2621
    1528      13.6640
    1529      13.8457
    1530      13.7660
    1531      13.3651
    1532      13.7878
    1533      13.4279
    1534      13.2950
    1535      13.7797
    1536      13.6299
    1537      13.7869
    1538      13.8055
    1539      13.8487
    1540      14.1249
    1541      13.9885
    1542      13.9828
    1543      13.7178
    1544      14.3863
    1545      13.3491
    1546      13.6500
    1547      14.0273
    1548      14.4911
    1549      14.1173
    1550      14.7038
    1551      14.3607
    1552      14.7637
    1553      14.2338
    1554      14.0048
    1555      13.8601
    1556      14.0069
    1557      14.1227
    1558      14.3516
    1559      14.1352
    1560      14.4654
    1561      14.3815
    1562      13.7627
    1563      14.2863
    1564      14.5840
    1565      14.0685
    1566      14.2159
    1567      14.7103
    1568      13.7809
    1569      13.5082
    1570      13.7778
    1571      13.7908
    1572      14.7134
    1573      15.3578
    1574      14.7089
    1575      14.9704
    1576      15.1461
    1577      14.1244
    1578      14.4079
    1579      14.5517
    1580      14.9397
    1581      14.4052
    1582      14.4724
    1583      15.2358
    1584      14.4636
    1585      14.2842
    1586      13.6126
    1587      13.2092
    1588      13.5320
    1589      13.8895
    1590      13.2740
    1591      13.6261
    1592      13.5262
    1593      13.5039
    1594      12.9793
    1595      13.3437
    1596      13.3860
    1597      13.3163
    1598      12.9507
    1599      13.1949
    1600      12.9751
    1601      13.5412
    1602      12.9292
    1603      12.5645
    1604      13.0282
    1605      13.3064
    1606      13.0167
    1607      13.4565
    1608      13.0877
    1609      13.4887
    1610      13.2516
    1611      13.1062
    1612      13.0071
    1613      13.0470
    1614      13.1709
    1615      13.2008
    1616      14.0720
    1617      13.8573
    1618      13.0813
    1619      12.6757
    1620      12.8994
    1621      12.8662
    1622      13.3677
    1623      13.0509
    1624      13.4208
    1625      13.0271
    1626      13.4138
    1627      13.4325
    1628      12.4272
    1629      13.0626
    1630      13.1270
    1631      13.6405
    1632      13.5904
    1633      13.2369
    1634      12.8917
    1635      13.1997
    1636      12.9883
    1637      13.1924
    1638      12.9773
    1639      13.0266
    1640      13.1973
    1641      12.9278
    1642      12.8234
    1643      12.8823
    1644      13.3500
    1645      13.0041
    1646      13.1762
    1647      13.2729
    1648      12.8620
    1649      12.7743
    1650      13.2113
    1651      12.8078
    1652      13.2534
    1653      13.3680
    1654      12.7457
    1655      13.1811
    1656      13.3029
    1657      13.0568
    1658      13.1510
    1659      13.5835
    1660      13.4342
    1661      13.7934
    1662      13.5113
    1663      13.2237
    1664      13.1650
    1665      13.0722
    1666      12.9732
    1667      13.2828
    1668      13.5726
    1669      13.8069
    1670      13.2781
    1671      13.4138
    1672      12.9639
    1673      12.9456
    1674      13.2620
    1675      13.1102
    1676      13.1218
    1677      13.0693
    1678      13.2565
    1679      13.6135
    1680      12.6282
    1681      13.1622
    1682      13.2845
    1683      12.3273
    1684      12.8983
    1685      13.1383
    1686      13.1459
    1687      13.1048
    1688      12.8089
    1689      13.0845
    1690      12.9534
    1691      13.3467
    1692      12.9259
    1693      12.6032
    1694      12.7283
    1695      13.3018
    1696      12.8311
    1697      12.9486
    1698      13.3034
    1699      13.3224
    1700      13.1626
    1701      13.1556
    1702      12.8210
    1703      13.0931
    1704      13.9727
    1705      13.7212
    1706      13.1415
    1707      13.8582
    1708      14.0452
    1709      13.5492
    1710      13.9749
    1711      13.7068
    1712      13.1481
    1713      12.8080
    1714      13.3630
    1715      12.9936
    1716      13.5873
    1717      14.0136
    1718      13.1573
    1719      13.8772
    1720      13.4355
    1721      13.5449
    1722      13.9165
    1723      13.0600
    1724      13.6514
    1725      12.8543
    1726      12.9757
    1727      13.1547
    1728      13.1949
    1729      12.9878
    1730      13.5667
    1731      13.2791
    1732      12.8275
    1733      13.7555
    1734      12.9582
    1735      13.3385
    1736      13.5238
    1737      13.5694
    1738      13.7739
    1739      14.4928
    1740      13.8523
    1741      14.4896
    1742      14.3269
    1743      14.5279
    1744      14.1199
    1745      14.1566
    1746      14.5145
    1747      15.3321
    1748      14.9587
    1749      15.4766
    1750      14.4159
    1751      14.8106
    1752      14.9689
    1753      14.7969
    1754      14.1604
    1755      14.3818
    1756      14.4021
    1757      14.3772
    1758      14.4738
    1759      13.6339
    1760      14.1838
    1761      14.0576
    1762      14.0550
    1763      14.0185
    1764      14.4809
    1765      14.3999
    1766      14.1700
    1767      13.9885
    1768      13.7082
    1769      13.8631
    1770      14.0706
    1771      13.1530
    1772      12.8477
    1773      13.4965
    1774      13.4634
    1775      13.6162
    1776      14.2165
    1777      14.0729
    1778      14.0076
    1779      13.6881
    1780      13.9048
    1781      13.2960
    1782      13.7718
    1783      13.9949
    1784      14.1504
    1785      13.8536
    1786      13.9624
    1787      13.7099
    1788      14.4312
    1789      14.2880
    1790      13.0203
    1791      14.2693
    1792      14.7929
    1793      14.1443
    1794      14.2028
    1795      14.2434
    1796      14.1568
    1797      14.0734
    1798      13.6965
    1799      13.5620
    1800      14.2101
    1801      13.0431
    1802      13.0771
    1803      13.2190
    1804      13.7334
    1805      13.5174
    1806      13.6267
    1807      13.8775
    1808      13.9831
    1809      14.5065
    1810      14.7486
    1811      14.4170
    1812      14.3740
    1813      13.4973
    1814      13.8460
    1815      13.1318
    1816      13.3683
    1817      12.9831
    1818      12.8208
    1819      13.0088
    1820      12.8867
    1821      13.4547
    1822      13.6534
    1823      13.5374
    1824      13.4461
    1825      13.5797
    1826      13.2774
    1827      12.9980
    1828      13.1181
    1829      13.3847
    1830      13.4422
    1831      13.4790
    1832      13.4713
    1833      12.9699
    1834      13.0959
    1835      12.8194
    1836      13.0847
    1837      13.5979
    1838      13.2067
    1839      13.1011
    1840      13.3422
    1841      13.7073
    1842      13.0344
    1843      12.9287
    1844      13.2534
    1845      13.2725
    1846      13.2613
    1847      13.5668
    1848      13.8452
    1849      13.1757
    1850      12.7203
    1851      13.5918
    1852      13.3586
    1853      13.3697
    1854      13.3519
    1855      13.3544
    1856      13.1157
    1857      13.3766
    1858      13.6871
    1859      12.7973
    1860      13.2456
    1861      13.5304
    1862      12.7173
    1863      12.9292
    1864      13.4236
    1865      12.5799
    1866      12.4535
    1867      13.0088
    1868      13.0752
    1869      13.0397
    1870      12.6241
    1871      13.0511
    1872      13.1964
    1873      12.8607
    1874      13.1935
    1875      13.9351
    1876      13.4001
    1877      13.4284
    1878      13.2872
    1879      13.1553
    1880      13.6847
    1881      13.7174
    1882      13.1560
    1883      13.4130
    1884      13.4146
    1885      13.2649
    1886      13.3128
    1887      13.2944
    1888      12.6566
    1889      13.1560
    1890      12.6513
    1891      13.5827
    1892      12.9670
    1893      12.8722
    1894      12.6842
    1895      13.1191
    1896      13.2610
    1897      13.5025
    1898      12.9767
    1899      13.2411
    1900      13.4692
    1901      12.8293
    1902      13.2610
    1903      12.8757
    1904      13.0263
    1905      12.9670
    1906      12.9526
    1907      13.3401
    1908      13.3911
    1909      13.3058
    1910      13.2962
    1911      13.3088
    1912      13.2310
    1913      13.7497
    1914      12.8936
    1915      13.6288
    1916      13.0892
    1917      12.7930
    1918      12.6032
    1919      13.2603
    1920      13.6390
    1921      13.1920
    1922      13.1619
    1923      12.8628
    1924      13.2307
    1925      12.7339
    1926      12.8632
    1927      13.5638
    1928      13.3707
    1929      13.1923
    1930      13.6657
    1931      13.4866
    1932      13.1431
    1933      13.6634
    1934      12.8267
    1935      13.0188
    1936      12.8468
    1937      12.9435
    1938      13.1912
    1939      13.0323
    1940      13.1303
    1941      13.8511
    1942      13.3719
    1943      13.2518
    1944      13.4712
    1945      13.2752
    1946      13.4429
    1947      13.0182
    1948      13.0903
    1949      13.1137
    1950      13.4633
    1951      13.3409
    1952      13.0653
    1953      13.1904
    1954      14.0197
    1955      13.2805
    1956      13.3501
    1957      13.5082
    1958      13.0636
    1959      13.5011
    1960      13.4498
    1961      13.7072
    1962      13.2929
    1963      13.3826
    1964      13.8353
    1965      13.3330
    1966      13.0044
    1967      13.1063
    1968      13.6593
    1969      13.2789
    1970      13.0077
    1971      12.7026
    1972      13.1973
    1973      13.8676
    1974      12.8539
    1975      12.9249
    1976      12.9967
    1977      13.0770
    1978      12.8211
    1979      13.1916
    1980      13.1838
    1981      13.1840
    1982      12.9638
    1983      13.2063
    1984      13.3117
    1985      12.7404
    1986      13.0243
    1987      13.2371
    1988      13.1249
    1989      13.3017
    1990      12.8340
    1991      12.7437
    1992      13.5420
    1993      13.2583
    1994      12.9210
    1995      12.4378
    1996      13.1891
    1997      13.3893
    1998      13.0866
    1999      13.3769
    2000      13.2499
