#Res        AtomicFlx
   1.000       6.3844
   2.000       4.4344
   3.000       2.8146
   4.000       1.5883
   5.000       1.0539
   6.000       1.4264
   7.000       1.6854
   8.000       1.5779
   9.000       0.9385
  10.000       0.9346
  11.000       1.1132
  12.000       1.0711
  13.000       0.8553
  14.000       0.8241
  15.000       0.8640
  16.000       0.6727
  17.000       0.6458
  18.000       0.7536
  19.000       0.7832
  20.000       0.6759
  21.000       0.5927
  22.000       0.7903
  23.000       1.0611
  24.000       1.5070
  25.000       1.3273
  26.000       1.6618
  27.000       1.7157
  28.000       1.2366
  29.000       0.7906
  30.000       0.8621
  31.000       0.6601
  32.000       0.6195
  33.000       0.4927
  34.000       0.4882
  35.000       0.5157
  36.000       0.4829
  37.000       0.4586
  38.000       0.5016
  39.000       0.6582
  40.000       0.6805
  41.000       0.7433
  42.000       0.5345
  43.000       0.5841
  44.000       0.5723
  45.000       0.4490
  46.000       0.4308
  47.000       0.5018
  48.000       0.4986
  49.000       0.4664
  50.000       0.5452
  51.000       0.6600
  52.000       0.5402
  53.000       0.5221
  54.000       0.5532
  55.000       0.5513
  56.000       0.6360
  57.000       0.7735
  58.000       0.8676
  59.000       0.7222
  60.000       0.8114
  61.000       0.8601
  62.000       0.7794
  63.000       1.0536
  64.000       0.9359
  65.000       0.6376
  66.000       0.6689
  67.000       0.6289
  68.000       0.9803
  69.000       1.4084
  70.000       1.5901
  71.000       1.0246
  72.000       0.8772
  73.000       0.7755
  74.000       0.7320
  75.000       0.5873
  76.000       0.5797
  77.000       0.5070
  78.000       0.4420
  79.000       0.4718
  80.000       0.5159
  81.000       0.6061
  82.000       0.8235
  83.000       0.8897
  84.000       1.3535
  85.000       2.2261
  86.000       2.6942
  87.000       2.8616
  88.000       2.6708
  89.000       1.6981
  90.000       1.4214
  91.000       1.1681
  92.000       0.6316
  93.000       0.4837
  94.000       0.4366
  95.000       0.3948
  96.000       0.3833
  97.000       0.4729
  98.000       0.5542
  99.000       0.6557
 100.000       0.5760
 101.000       0.6484
 102.000       0.7960
 103.000       0.6704
 104.000       0.4887
 105.000       0.4492
 106.000       0.3829
 107.000       0.3853
 108.000       0.3873
 109.000       0.4257
 110.000       0.5310
 111.000       0.5882
 112.000       0.6604
 113.000       0.8042
 114.000       1.0078
 115.000       0.9127
 116.000       0.7830
 117.000       1.0943
 118.000       0.9947
 119.000       0.7776
 120.000       0.5128
 121.000       0.4221
 122.000       0.4710
 123.000       0.4357
 124.000       0.4087
 125.000       0.3906
 126.000       0.3618
 127.000       0.4000
 128.000       0.4801
 129.000       0.5662
 130.000       0.8649
 131.000       1.2667
 132.000       2.1270
 133.000       1.9170
 134.000       1.2869
 135.000       0.8470
 136.000       0.6142
 137.000       0.4240
 138.000       0.3913
 139.000       0.4070
 140.000       0.3867
 141.000       0.4501
 142.000       0.4841
 143.000       0.4577
 144.000       0.4358
 145.000       0.5905
 146.000       0.7717
 147.000       1.4407
 148.000       1.9780
 149.000       3.5586
 150.000       4.1929
 151.000       4.1961
 152.000       5.0824
 153.000       5.1968
 154.000       3.6903
 155.000       2.5167
 156.000       1.7150
 157.000       1.2890
 158.000       1.1547
 159.000       1.0770
 160.000       0.8180
 161.000       0.8102
 162.000       0.8414
 163.000       0.7459
 164.000       0.6339
 165.000       0.6051
 166.000       0.6178
 167.000       0.5439
 168.000       0.4920
 169.000       0.5549
 170.000       0.5297
 171.000       0.4824
 172.000       0.5573
 173.000       0.6495
 174.000       0.6043
 175.000       0.5881
 176.000       0.8715
 177.000       1.0279
 178.000       0.9318
 179.000       1.0817
 180.000       1.5535
 181.000       2.7933
 182.000       4.0820
 183.000       5.0395
 184.000       6.1873
 185.000       5.9572
 186.000       6.1976
 187.000       7.8827
 188.000       9.6944
 189.000      10.1030
 190.000      10.3340
 191.000      12.0525
