#Frame            sb1          sb2          sb3
       1       4.0552       2.7731      12.5079
       2       4.7287       2.8560      12.6466
       3       3.9484       2.9268      12.4578
       4       4.6975       3.3305      13.2869
       5       4.2661       2.6518      13.0006
       6       4.4857       2.9371      13.3605
       7       4.3257       2.7917      12.9263
       8       4.0529       2.6663      13.2667
       9       4.4304       2.7276      13.1255
      10       4.1783       3.0010      12.6289
      11       4.2814       2.6767      12.9306
      12       4.4692       2.7389      13.1217
      13       3.8882       2.7575      12.7268
      14       4.1489       2.6369      12.6070
      15       4.0369       2.7857      12.8922
      16       4.2465       2.7239      12.8908
      17       4.3526       2.7278      12.9430
      18       4.2481       2.8478      12.9811
      19       4.3754       2.7090      12.8877
      20       4.4306       2.8923      13.0193
      21       4.3721       2.8688      13.1676
      22       4.3703       2.8257      12.7022
      23       4.2951       2.7796      12.5455
      24       4.6262       2.8695      13.3523
      25       4.2166       3.1259      12.8414
      26       4.2641       2.9124      12.8434
      27       4.3179       2.7949      12.9883
      28       4.6161       2.9637      13.3300
      29       4.0163       2.8860      12.9210
      30       4.1835       2.8197      12.7681
      31       3.4986       2.7067      12.4118
      32       4.1401       2.9189      12.9289
      33       4.7060       2.8153      12.7204
      34       2.8518       3.0245      11.6917
      35       2.8650       2.8542      10.9000
      36       2.7327       2.8435      11.7091
      37       2.7267       2.7287      11.6445
      38       3.5338       2.9407      12.1703
      39       2.9182       2.7584      11.8077
      40       3.4046       3.2593      12.7438
      41       4.1561       2.8557      12.2666
      42       3.8316       2.8946      12.5235
      43       4.0262       2.7979      12.3115
      44       4.0764       2.6545      12.3568
      45       3.5150       2.9329      12.1770
      46       4.6030       2.6680      12.5560
      47       2.6852       2.7728      11.6155
      48       2.8483       2.8738      11.9588
      49       2.9796       2.7369      11.6158
      50       3.2806       3.0527      12.4337
      51       3.3512       2.9964      12.5319
      52       2.8172       3.2739      11.3983
      53       3.2184       3.1887      11.9064
      54       2.9120       2.7100      11.8839
      55       2.7758       2.8226      11.3215
      56       2.7859       2.7870      11.9649
      57       2.8131       3.0437      11.0991
      58       2.8474       2.8028      11.7778
      59       2.7080       3.0684      11.5729
      60       2.7842       2.6097      11.6529
      61       2.7349       2.8865      11.1154
      62       2.9467       2.8958       9.0443
      63       2.7151       2.9767       8.2017
      64       2.7826       2.9241       6.4296
      65       2.7028       3.0133       8.1048
      66       2.7539       3.0059       6.6730
      67       2.6922       2.9434       5.5972
      68       2.8983       2.8217       6.5706
      69       2.7404       2.6647       7.9104
      70       2.7605       2.9615       7.3983
      71       3.0031       2.8500       7.6485
      72       2.9475       2.9695       7.9506
      73       2.7634       3.1085       7.2370
      74       4.1535       2.7562       9.0848
      75       2.9218       3.7240       7.1186
      76       3.3620       3.8647       5.4827
      77       3.3251       2.7115       6.9153
      78       4.4358       2.8130       8.8901
      79       4.0973       2.8717       7.1314
      80       4.7204       2.8114       8.6862
      81       4.5680       2.7918       8.0681
      82       4.5275       2.7615       8.6316
      83       4.6953       2.7107       8.7966
      84       4.9967       2.8981       9.6920
      85       4.6626       2.7849       8.9879
      86       4.4212       2.7652       7.9628
      87       4.4282       2.7484       9.0237
      88       4.7537       2.7428       8.9885
      89       4.6810       2.7147       8.7918
      90       4.4998       2.7765       9.0125
      91       4.3304       2.8937       8.4759
      92       4.7650       2.9146       8.6385
      93       4.6663       2.8353       8.9569
      94       4.6821       2.8112       8.8715
      95       4.8828       2.9094       9.0900
      96       3.9144       2.7133       7.0975
      97       4.3529       2.6674       9.1956
      98       4.6872       2.8802       8.5277
      99       4.7330       2.9247       8.9373
     100       3.1071       2.8208       7.3136
