Run semi-empirical minimization
 &qmmm
  maxcyc=0, qm_theory='AM1', scfconv=1.d-10  qmcharge=0,
 /
   6    C1        4.8730       22.9400       31.9390 
   6    C2        4.2170       21.9790       32.9640 
   6    C3        3.6860       20.7370       32.2340 
   6    C4        2.4780       21.0680       31.3360 
   6    C5        1.3480       21.8290       32.0770 
   6    C6        0.1530       22.2180       31.2080 
   6    C7       -0.2650       21.4040       30.1390 
   6    C8       -1.3820       21.7340       29.3660 
   6    C9       -2.1030       22.8790       29.6640 
   8    O1       -3.1970       23.2440       28.9360 
   6   C10       -1.7300       23.6900       30.7260 
   6   C11       -0.6140       23.3630       31.5160 
   6   C12       -0.2530       24.2980       32.6440 
   6   C13        0.7710       23.7270       33.6200 
   6   C14        1.9110       23.0610       32.8470 
   6   C15        3.0470       22.5960       33.7590 
   6   C16        3.7280       23.6140       34.6670 
   6   C17        5.0870       22.9730       35.0100 
   6   C18        5.2260       21.7310       34.1050 
   8    O2        4.8750       20.5710       34.8540 
   1    H1       -3.3330       22.5840       28.2370 
   1    H2        5.5230       20.4810       35.5740 
   1    H3        5.2560       23.8540       32.4030 
   1    H4        5.7240       22.4480       31.4530 
   1    H5        4.1880       23.2500       31.1460 
   1    H6        4.4780       20.2770       31.6310 
   1    H7        3.3670       19.9740       32.9560 
   1    H8        2.8060       21.6450       30.4630 
   1    H9        2.1010       20.1150       30.9450 
   1   H10        0.9400       21.1280       32.8230 
   1   H11        0.2660       20.4890       29.8910 
   1   H12       -1.6690       21.0840       28.5460 
   1   H13       -2.3140       24.5820       30.9420 
   1   H14        0.1500       25.2180       32.2020 
   1   H15       -1.1560       24.5710       33.2040 
   1   H16        1.1430       24.5390       34.2560 
   1   H17        0.2890       22.9970       34.2830 
   1   H18        2.2970       23.7980       32.1300 
   1   H19        2.6250       21.8250       34.4250 
   1   H20        3.8740       24.5740       34.1590 
   1   H21        3.1440       23.8080       35.5730 
   1   H22        5.8860       23.6940       34.8020 
   1   H23        5.1350       22.7140       36.0730 
   1   H24        6.2520       21.5970       33.7450 

