#Frame   Contacts_00016[native] Contacts_00016[nonnative]
       1                     48                         0
       2                     31                        15
       3                     27                        10
       4                     32                        19
       5                     34                        13
       6                     29                        12
       7                     29                        13
       8                     28                        16
       9                     29                        19
      10                     30                        14
      11                     22                        11
      12                     33                        14
      13                     28                        12
      14                     35                        18
      15                     32                        16
      16                     30                        18
      17                     38                        18
      18                     33                        14
      19                     33                        13
      20                     32                        18
      21                     26                        11
      22                     30                        21
      23                     29                        14
      24                     30                        12
      25                     38                        10
      26                     35                        14
      27                     30                        21
      28                     31                        15
      29                     38                        18
      30                     34                        13
      31                     32                        13
      32                     30                        12
      33                     26                        14
      34                     30                        19
      35                     31                        10
      36                     27                        20
      37                     27                         8
      38                     29                        21
      39                     32                        15
      40                     33                        13
      41                     32                        17
      42                     34                        20
      43                     32                        18
      44                     31                         9
      45                     29                        24
      46                     28                         8
      47                     31                        11
      48                     31                        14
      49                     31                         9
      50                     29                        12
      51                     27                         7
      52                     27                        14
      53                     26                        21
      54                     20                        11
      55                     19                        15
      56                     31                        13
      57                     15                        12
      58                     16                        10
      59                     19                        20
      60                     24                        14
      61                     18                        15
      62                     26                        16
      63                     26                        14
      64                     23                        14
      65                     27                        13
      66                     23                        14
      67                     25                        13
      68                     25                        16
      69                     25                        13
      70                     32                        24
      71                     26                        10
      72                     23                        12
      73                     31                        13
      74                     26                        27
      75                     29                        22
      76                     21                        21
      77                     22                        25
      78                     15                        19
      79                     20                        17
      80                     15                        15
      81                     18                        28
      82                     20                        21
      83                     23                        15
      84                     24                        24
      85                     21                        19
      86                     15                         9
      87                     21                        11
      88                     25                        13
      89                     21                        14
      90                     20                        21
      91                     27                         6
      92                     24                        24
      93                     23                        25
      94                     24                        23
      95                     25                        15
      96                     30                        19
      97                     25                        22
      98                     33                        18
      99                     27                        19
     100                     34                        22
     101                     31                        17
     102                     30                        14
     103                     36                        23
     104                     26                        12
     105                     33                        22
     106                     26                        25
     107                     29                        24
     108                     27                        23
     109                     26                        20
     110                     20                        14
     111                     18                        23
     112                     23                        22
     113                     21                        18
     114                     26                        25
     115                     20                        15
     116                     23                        22
     117                     16                        18
     118                     20                        18
     119                     20                        24
     120                     17                        15
     121                     18                        20
     122                     20                        15
     123                     21                        12
     124                     15                        18
     125                     23                        15
     126                     15                        13
     127                     13                        26
     128                     23                        15
     129                     18                        19
     130                     22                        12
     131                     13                        23
     132                     18                        15
     133                     20                        24
     134                     18                        18
     135                     11                        18
     136                     18                        13
     137                     17                        14
     138                     14                        16
     139                     13                        30
     140                     15                        18
     141                     14                        26
     142                     15                        20
     143                     15                        27
     144                     16                        20
     145                     13                        16
     146                     17                        20
     147                     17                        18
     148                     18                        19
     149                     15                        21
     150                     13                        18
     151                     18                        18
     152                     12                        26
     153                     13                        21
     154                     18                        19
     155                     17                        21
     156                     13                        17
     157                     14                        14
     158                     16                        15
     159                     20                        24
     160                     15                        21
     161                     15                        24
     162                     16                        19
     163                     16                        17
     164                     16                        23
     165                     15                        23
     166                     13                        23
     167                     14                        26
     168                     16                        22
     169                     14                        20
     170                     16                        17
     171                     15                        23
     172                     14                        24
     173                     13                        16
     174                     17                        22
     175                     14                        22
     176                     22                        19
     177                     16                        22
     178                     15                        24
     179                     17                        19
     180                     16                        18
     181                     14                        19
     182                     15                        19
     183                     14                        20
     184                     12                        22
     185                     11                        23
     186                     19                        23
     187                     15                        27
     188                     15                        22
     189                     13                        23
     190                     15                        32
     191                     14                        32
     192                     16                        30
     193                     12                        32
     194                     14                        28
     195                     16                        24
     196                     14                        23
     197                     14                        21
     198                     13                        27
     199                     14                        24
     200                     18                        19
     201                     16                        22
     202                     14                        22
     203                     17                        19
     204                     12                        20
     205                     15                        23
     206                     10                        22
     207                     15                        15
     208                     12                        19
     209                     15                        20
     210                     12                        18
     211                     15                        24
     212                     14                        24
     213                     19                        23
     214                     17                        19
     215                     14                        21
     216                     15                        17
     217                     10                        20
     218                     13                        17
     219                     15                        24
     220                     13                        18
     221                     14                        25
     222                     15                        21
     223                     12                        21
     224                     11                        19
     225                     13                        28
     226                     12                        20
     227                      9                        21
     228                     11                        25
     229                      9                        20
     230                      6                        19
     231                     10                        22
     232                      5                        23
     233                     12                        19
     234                     14                        14
     235                     10                        22
     236                     18                        16
     237                      7                        16
     238                     12                        22
     239                     11                        23
     240                     11                        20
     241                     14                        10
     242                     10                        22
     243                     16                        24
     244                     12                        13
     245                     13                        17
     246                     10                        21
     247                     16                        20
     248                     16                        17
     249                     10                        19
     250                     12                        21
     251                     10                        24
     252                     13                        13
     253                     17                        15
     254                     16                        18
     255                     13                        20
     256                     15                        24
     257                     11                        23
     258                     11                        20
     259                     13                        20
     260                     11                        23
     261                     16                        17
     262                     14                        22
     263                      9                        18
     264                     15                        26
     265                     16                        20
     266                     11                        24
     267                     13                        24
     268                     13                        18
     269                     11                        16
     270                     11                        20
     271                     13                        13
     272                     12                        19
     273                      9                        26
     274                     13                        24
     275                     16                        14
     276                     15                        18
     277                      8                        23
     278                     14                        19
     279                     10                        21
     280                     12                        17
     281                     14                        23
     282                     14                        23
     283                     15                        20
     284                     11                        14
     285                     11                        20
     286                     11                        18
     287                     12                        21
     288                     12                        18
     289                     14                        24
     290                     16                        22
     291                     12                        28
     292                     14                        30
     293                     15                        26
     294                     12                        26
     295                     13                        25
     296                     12                        22
     297                     12                        21
     298                     12                        22
     299                     15                        15
     300                     15                        17
     301                     12                        30
     302                     10                        18
     303                     11                        24
     304                     11                        16
     305                     14                        12
     306                     11                        25
     307                     13                        19
     308                     16                        18
     309                     12                        13
     310                     11                        23
     311                     12                        17
     312                     12                        12
     313                      9                        19
     314                     13                        23
     315                     11                        17
     316                     18                        13
     317                     14                        24
     318                     14                        18
     319                     11                        24
     320                     11                        18
     321                     13                        17
     322                     17                        16
     323                     15                        23
     324                     13                        23
     325                     18                        21
     326                     10                        22
     327                     13                        23
     328                     15                        30
     329                     15                        20
     330                     12                        21
     331                     15                        19
     332                     11                        21
     333                     15                        23
     334                     16                        18
     335                     12                        22
     336                     12                        27
     337                     12                        13
     338                     13                        16
     339                     11                        25
     340                     10                        25
     341                     14                        26
     342                     10                        16
     343                     11                        17
     344                     13                        15
     345                     10                        22
     346                     18                        19
     347                     14                        23
     348                     20                        16
     349                     13                        21
     350                     13                        14
     351                     12                        23
     352                     13                        20
     353                     11                        20
     354                     16                        17
     355                     14                        14
     356                     14                        13
     357                      7                        23
     358                     11                        22
     359                     13                        18
     360                      9                        20
     361                     11                        19
     362                     14                        20
     363                     10                        20
     364                      9                        17
     365                     17                        25
     366                     13                        12
     367                     20                        18
     368                      9                        18
     369                     17                        19
     370                     16                        15
     371                     17                        20
     372                     11                        20
     373                     10                        23
     374                     12                        13
     375                     11                        13
     376                      9                        17
     377                     13                        20
     378                     10                        22
     379                     14                        15
     380                     10                        18
     381                      8                        21
     382                     11                        24
     383                     14                        19
     384                     11                        17
     385                     13                        22
     386                     13                        21
     387                     15                        14
     388                      7                        19
     389                     15                        18
     390                     10                        21
     391                      8                        23
     392                      9                        30
     393                      9                        23
     394                     10                        22
     395                     12                        20
     396                      9                        22
     397                     10                        28
     398                     12                        24
     399                      9                        21
     400                     11                        15
     401                     13                        22
     402                     16                        15
     403                     13                        17
     404                     16                        18
     405                     21                        13
     406                     14                        12
     407                     12                        16
     408                     14                        19
     409                      9                        23
     410                     14                        16
     411                     15                        18
     412                     16                        24
     413                     11                        21
     414                     13                        20
     415                     14                        18
     416                     13                        16
     417                     13                        13
     418                     17                        24
     419                     17                        14
     420                     13                        20
     421                     15                        17
     422                     17                        13
     423                     15                        22
     424                     19                        21
     425                     16                        15
     426                     19                        23
     427                     12                        25
     428                     15                        13
     429                      8                        24
     430                      8                        25
     431                     10                        22
     432                      7                        15
     433                     12                        17
     434                     10                        20
     435                     17                        15
     436                     15                        16
     437                     13                        12
     438                      9                        21
     439                      8                        18
     440                     17                        18
     441                     16                        26
     442                     11                        24
     443                      9                        36
     444                     10                        18
     445                     16                        18
     446                      8                        34
     447                      9                        32
     448                      8                        22
     449                      9                        26
     450                      5                        22
     451                      9                        25
     452                     12                        22
     453                     10                        10
     454                      9                        18
     455                     10                        15
     456                     11                        16
     457                     12                        18
     458                      8                        12
     459                     14                        23
     460                      9                        18
     461                      7                        25
     462                      9                        14
     463                      7                        22
     464                      7                        25
     465                      7                        21
     466                      7                        25
     467                      7                        18
     468                      6                        29
     469                      7                        33
     470                     11                        22
     471                     11                        19
     472                     10                        16
     473                     11                        22
     474                     14                        16
     475                      7                        28
     476                      5                        18
     477                      9                        24
     478                      9                        20
     479                      7                        24
     480                      9                        33
     481                      9                        30
     482                      8                        21
     483                     10                        18
     484                     10                        21
     485                      5                        27
     486                     10                        25
     487                     10                        23
     488                     11                        19
     489                     14                        21
     490                      9                        21
     491                     12                        20
     492                     12                        23
     493                     10                        19
     494                     11                        25
     495                     12                        23
     496                     11                        18
     497                     18                        20
     498                     12                        25
     499                     16                        15
     500                     10                        18
     501                     11                        16
     502                      9                        13
     503                     13                        17
     504                     11                        18
     505                     12                        20
     506                     12                        15
     507                      9                        29
     508                     12                        17
     509                     12                        16
     510                     14                        13
     511                      9                        15
     512                      9                        19
     513                      8                        18
     514                     14                        15
     515                      9                        23
     516                     11                        29
     517                     12                        19
     518                     11                        21
     519                     15                        13
     520                     11                        27
     521                     15                        18
     522                     12                        13
     523                      8                        26
     524                      9                        19
     525                     11                        11
     526                     14                        20
     527                     11                        14
     528                     14                        12
     529                     11                        12
     530                     10                        11
     531                     10                        31
     532                     11                        26
     533                     13                        20
     534                     14                        16
     535                     11                        16
     536                     13                        12
     537                     15                        17
     538                     11                        20
     539                     20                        14
     540                     16                        13
     541                     10                        13
     542                     14                        15
     543                     11                        19
     544                      9                        20
     545                     13                        14
     546                     11                        15
     547                     13                        12
     548                     16                        18
     549                     13                        19
     550                     16                        16
     551                     10                        23
     552                      8                        18
     553                      9                        28
     554                     11                        19
     555                     14                        29
     556                     13                        14
     557                     10                        12
     558                     13                        14
     559                     17                        19
     560                     14                        15
     561                     14                        20
     562                     15                        17
     563                     12                        18
     564                     16                        15
     565                     14                        19
     566                     15                        20
     567                     14                        14
     568                     16                        15
     569                     15                        28
     570                      7                        22
     571                     19                        18
     572                      9                        19
     573                     11                        21
     574                     12                        24
     575                     11                        15
     576                     14                        19
     577                     18                        13
     578                     17                        18
     579                     12                        18
     580                     13                        18
     581                      8                        24
     582                     11                        18
     583                     14                        20
     584                     14                        15
     585                     13                        21
     586                     15                        19
     587                     13                        15
     588                     14                        16
     589                     11                        19
     590                     12                        17
     591                     11                        15
     592                     16                        15
     593                     15                        18
     594                      9                        15
     595                     18                        13
     596                     10                        16
     597                     13                        12
     598                     12                        15
     599                     13                        17
     600                     10                        19
     601                      9                        22
     602                     12                        30
     603                      8                        17
     604                      5                        11
     605                     11                        26
     606                      7                        17
     607                      9                        16
     608                      6                        18
     609                     11                        26
     610                      8                        22
     611                      9                         8
     612                      8                        18
     613                     13                        16
     614                     13                        22
     615                     17                        11
     616                     12                        20
     617                     11                        17
     618                     12                        18
     619                     13                        15
     620                     11                        16
     621                     11                        12
     622                      9                        22
     623                      8                        21
     624                     10                        13
     625                     10                        28
     626                     12                        17
     627                      9                        17
     628                     10                        27
     629                     15                        15
     630                      7                        18
     631                     12                        19
     632                     10                        16
     633                      9                        18
     634                     17                        16
     635                     10                        21
     636                     10                        20
     637                     14                        18
     638                     10                        24
     639                      9                        18
     640                      5                        27
     641                      8                        24
     642                      9                        26
     643                      8                        19
     644                     10                        18
     645                     12                        22
     646                      8                        24
     647                     18                        17
     648                     17                        13
     649                     12                        22
     650                     14                        20
     651                     13                        25
     652                     11                        15
     653                      8                        18
     654                     11                        16
     655                     11                        16
     656                     15                        14
     657                      9                        15
     658                      7                        16
     659                     11                        16
     660                      9                        22
     661                     13                        11
     662                      8                        20
     663                     14                        18
     664                      7                        10
     665                      7                        23
     666                      8                        18
     667                     11                        20
     668                     14                        21
     669                     13                        20
     670                      8                        19
     671                      9                        11
     672                     11                        23
     673                     11                        17
     674                      8                        23
     675                      7                        21
     676                      6                        26
     677                      9                        20
     678                      5                        25
     679                      8                        24
     680                     11                        21
     681                      9                        15
     682                     10                        20
     683                     12                        14
     684                     13                        17
     685                      9                        27
     686                     10                        26
     687                      7                        18
     688                      6                        17
     689                     13                        15
     690                      8                        17
     691                     11                        27
     692                      9                        31
     693                      8                        28
     694                     13                        23
     695                      9                        19
     696                     11                        13
     697                     11                        23
     698                      7                        23
     699                     10                        28
     700                      9                        18
     701                     11                        17
     702                     10                        20
     703                      8                        10
     704                      7                        23
     705                      8                        16
     706                      9                        19
     707                     12                        15
     708                      9                        18
     709                      8                        24
     710                      9                        20
     711                      9                        26
     712                     10                        19
     713                      6                        24
     714                      9                        26
     715                      8                        16
     716                      8                        23
     717                      8                        15
     718                     11                        24
     719                     10                        28
     720                     10                        18
     721                      9                        24
     722                     10                        18
     723                      6                        22
     724                     11                        14
     725                     10                        19
     726                      8                        22
     727                      8                        28
     728                      5                        26
     729                      9                        19
     730                      8                        21
     731                      4                        23
     732                     13                        27
     733                     12                        22
     734                     11                        19
     735                     13                        16
     736                     12                        16
     737                     15                        17
     738                      9                        18
     739                     11                        22
     740                      7                        18
     741                     11                        20
     742                      7                        17
     743                      4                        16
     744                      5                        16
     745                      5                        17
     746                      6                        19
     747                      7                        20
     748                      6                        19
     749                     11                        10
     750                      9                        20
     751                      9                        15
     752                      7                        19
     753                      9                        10
     754                     17                        14
     755                      7                        20
     756                     10                        16
     757                     11                        18
     758                      9                        15
     759                     13                        19
     760                      8                        24
     761                      6                        25
     762                     10                        17
     763                     12                        12
     764                     11                        13
     765                     16                        14
     766                     13                        14
     767                     12                        18
     768                     12                        18
     769                     12                        14
     770                     17                        23
     771                     11                        29
     772                     11                        21
     773                     13                        23
     774                     13                        21
     775                     14                        26
     776                     11                        21
     777                      6                        26
     778                      8                        19
     779                     11                        20
     780                     11                        25
     781                     10                        14
     782                      9                        24
     783                      5                        22
     784                      9                        22
     785                      6                        16
     786                      7                        22
     787                      7                        23
     788                      9                        21
     789                      6                        20
     790                      7                        21
     791                     12                        20
     792                      8                        24
     793                     10                        20
     794                     11                        21
     795                      8                        17
     796                     13                        18
     797                      6                        21
     798                      7                        24
     799                      7                        23
     800                      8                        15
     801                      8                        14
     802                     11                        26
     803                      8                        18
     804                      8                        18
     805                      7                        19
     806                      7                        19
     807                      5                        30
     808                      8                        23
     809                     11                        18
     810                     12                        23
     811                      9                        19
     812                      7                        31
     813                     10                        21
     814                     11                        13
     815                     14                        18
     816                     10                        13
     817                     10                        15
     818                      9                        24
     819                      9                        11
     820                     10                        24
     821                      4                        22
     822                      9                        25
     823                      8                        28
     824                      8                        23
     825                      9                        21
     826                     10                        16
     827                     13                        23
     828                      6                        23
     829                      8                        19
     830                      8                        17
     831                      7                        28
     832                      9                        30
     833                     12                        19
     834                     12                        19
     835                     15                        20
     836                     13                        17
     837                      7                        15
     838                      4                        24
     839                      5                        24
     840                      5                        17
     841                      9                        20
     842                      8                        22
     843                      8                        22
     844                     11                        21
     845                      9                        19
     846                      7                        24
     847                     11                        31
     848                      7                        23
     849                      9                        21
     850                      9                        21
     851                      8                        32
