#Res        AtomicFlx
   1.000       1.0127
   2.000       0.6740
   3.000       0.8160
   4.000       0.9344
   5.000       0.7232
   6.000       0.9162
   7.000       1.1310
   8.000       0.9779
   9.000       0.6112
  10.000       0.7206
  11.000       0.7797
  12.000       0.6461
  13.000       0.6211
  14.000       0.7153
  15.000       0.8046
  16.000       0.6126
  17.000       0.4784
  18.000       0.5631
  19.000       0.5681
  20.000       0.5259
  21.000       0.4563
  22.000       0.6003
  23.000       0.8743
  24.000       1.1978
  25.000       0.9515
  26.000       1.1089
  27.000       1.1436
  28.000       0.8275
  29.000       0.5522
  30.000       0.5080
  31.000       0.4046
  32.000       0.3685
  33.000       0.3479
  34.000       0.3456
  35.000       0.4182
  36.000       0.3987
  37.000       0.3847
  38.000       0.4822
  39.000       0.8955
  40.000       0.6519
  41.000       0.6074
  42.000       0.4890
  43.000       0.5577
  44.000       0.5576
  45.000       0.4167
  46.000       0.4127
  47.000       0.4672
  48.000       0.4194
  49.000       0.3906
  50.000       0.3957
  51.000       0.4460
  52.000       0.4797
  53.000       0.4639
  54.000       0.4101
  55.000       0.4346
  56.000       0.5162
  57.000       0.6051
  58.000       0.5770
  59.000       0.4934
  60.000       0.7745
  61.000       0.4547
  62.000       0.4468
  63.000       0.5311
  64.000       0.5014
  65.000       0.4244
  66.000       0.6386
  67.000       0.5499
  68.000       0.9424
  69.000       1.3582
  70.000       1.7969
  71.000       1.6308
  72.000       1.6777
  73.000       1.0312
  74.000       0.8768
  75.000       0.7064
  76.000       0.6345
  77.000       0.5234
  78.000       0.3958
  79.000       0.3758
  80.000       0.4799
  81.000       0.4454
  82.000       0.5171
  83.000       0.5468
  84.000       0.6008
  85.000       0.8922
  86.000       1.1255
  87.000       1.0252
  88.000       1.4594
  89.000       1.0447
  90.000       0.8432
  91.000       0.7249
  92.000       0.6473
  93.000       0.4727
  94.000       0.3902
  95.000       0.3756
  96.000       0.3711
  97.000       0.5073
  98.000       0.4556
  99.000       0.4856
 100.000       0.5180
 101.000       0.5175
 102.000       0.6583
 103.000       0.5626
 104.000       0.4468
 105.000       0.4434
 106.000       0.4046
 107.000       0.4504
 108.000       0.4432
 109.000       0.4388
 110.000       0.5120
 111.000       0.6391
 112.000       0.8164
 113.000       0.7240
 114.000       1.0376
 115.000       0.7769
 116.000       1.0781
 117.000       0.9171
 118.000       0.8076
 119.000       0.6877
 120.000       0.4919
 121.000       0.4076
 122.000       0.4212
 123.000       0.4317
 124.000       0.4031
 125.000       0.3641
 126.000       0.3427
 127.000       0.3655
 128.000       0.7360
 129.000       0.9251
 130.000       1.3435
 131.000       1.8019
 132.000       2.0714
 133.000       1.8619
 134.000       1.6340
 135.000       1.2268
 136.000       0.7405
 137.000       0.4174
 138.000       0.4041
 139.000       0.3418
 140.000       0.3362
 141.000       0.3097
 142.000       0.3411
 143.000       0.3397
 144.000       0.3481
 145.000       0.4136
 146.000       0.4836
 147.000       0.6024
 148.000       0.9143
 149.000       1.2136
 150.000       1.4256
 151.000       0.9742
 152.000       0.8139
 153.000       0.7031
 154.000       0.7321
 155.000       0.7213
 156.000       0.6074
 157.000       0.5902
 158.000       0.7192
 159.000       0.5452
 160.000       0.4463
 161.000       0.3883
 162.000       0.4753
 163.000       0.3814
 164.000       0.3674
 165.000       0.4276
 166.000       0.4084
 167.000       0.3339
 168.000       0.3651
 169.000       0.4264
 170.000       0.3884
 171.000       0.3741
 172.000       0.4504
 173.000       0.5824
 174.000       0.5684
 175.000       0.4966
 176.000       0.7632
 177.000       0.9769
 178.000       0.8675
 179.000       0.8610
 180.000       1.2303
 181.000       1.5987
 182.000       2.1197
 183.000       2.6367
 184.000       3.2535
 185.000       3.6844
 186.000       4.0103
 187.000       4.5882
 188.000       5.2513
 189.000       5.7587
 190.000       6.6226
 191.000       7.6370
