#Frame           core
       1       0.5534
       2       0.6495
       3       0.6633
       4       0.8028
       5       0.7902
       6       0.9253
       7       0.8997
       8       0.8512
       9       0.8577
      10       0.8305
      11       0.7936
      12       0.7856
      13       0.6633
      14       0.6546
      15       0.7008
      16       0.8143
      17       0.8624
      18       0.7787
      19       0.7798
      20       0.8359
      21       0.8151
      22       0.9816
      23       0.9652
      24       0.9068
      25       0.8443
      26       0.8758
      27       0.8377
      28       0.8602
      29       0.8334
      30       0.9847
      31       0.9006
      32       0.8570
      33       0.8424
      34       0.7689
      35       0.8571
      36       0.8425
      37       0.8200
      38       0.7500
      39       0.8452
      40       0.8768
      41       0.8518
      42       0.7936
      43       0.7667
      44       0.8122
      45       0.8824
      46       0.8595
      47       0.8670
      48       0.8316
      49       0.8575
      50       0.8853
      51       0.8001
      52       0.9060
      53       0.8477
      54       0.8612
      55       0.8638
      56       0.8800
      57       0.9055
      58       0.8835
      59       0.9094
      60       1.0245
      61       1.0838
      62       1.0308
      63       1.0519
      64       1.0830
      65       0.9773
      66       1.0229
      67       1.0107
      68       0.9980
      69       0.9467
      70       0.8694
      71       1.0753
      72       0.9593
      73       0.9975
      74       1.0190
      75       0.9492
      76       0.9295
      77       1.0298
      78       0.9115
      79       0.9183
      80       0.9858
      81       0.9485
      82       0.9643
      83       0.9333
      84       1.0623
      85       1.0411
      86       1.0609
      87       1.0980
      88       1.0371
      89       1.0592
      90       1.0985
      91       1.1675
      92       1.0740
      93       1.1629
      94       1.0816
      95       1.1747
      96       1.1358
      97       1.1271
      98       1.0698
      99       1.1820
     100       1.1123
     101       1.0185
     102       1.0346
     103       1.1466
     104       1.0724
     105       1.0630
     106       1.0770
     107       1.0791
     108       1.1832
     109       1.2613
     110       1.2282
     111       1.0918
     112       1.0258
     113       1.1580
     114       1.1374
     115       1.1351
     116       1.0038
     117       1.0182
     118       0.9487
     119       0.9422
     120       0.9440
     121       0.9586
     122       0.8681
     123       0.8748
     124       0.8366
     125       0.7799
     126       0.8528
     127       0.8739
     128       0.9149
     129       0.8871
     130       0.9031
     131       0.8540
     132       0.9518
     133       0.8813
     134       0.9276
     135       0.9392
     136       0.8940
     137       0.9608
     138       0.8737
     139       0.9080
     140       0.9119
     141       0.9066
     142       0.9737
     143       0.9510
     144       0.9416
     145       0.9792
     146       0.9047
     147       0.9394
     148       1.0316
     149       0.9721
     150       0.9734
     151       1.0036
     152       0.9958
     153       0.9251
     154       0.9510
     155       0.8767
     156       0.8617
     157       0.9116
     158       0.9668
     159       0.8700
     160       1.0068
     161       0.9132
     162       0.9961
     163       0.9378
     164       0.9764
     165       0.9978
     166       0.9702
     167       1.0205
     168       0.9820
     169       1.0213
     170       0.9865
     171       1.0759
     172       0.9196
     173       0.8687
     174       0.9578
     175       0.8734
     176       0.8803
     177       0.8668
     178       1.0198
     179       0.9445
     180       0.9173
     181       0.9557
     182       0.9141
     183       0.9103
     184       0.9146
     185       0.8741
     186       0.9376
     187       0.8680
     188       0.8887
     189       0.8643
     190       0.8873
     191       0.9941
     192       0.9369
     193       0.9790
     194       1.0573
     195       1.1063
     196       1.1266
     197       1.0052
     198       0.9111
     199       0.9642
     200       1.0634
     201       0.9937
     202       1.1493
     203       1.1989
     204       1.1459
     205       1.0472
     206       1.0850
     207       1.1383
     208       1.1093
     209       1.1215
     210       1.0667
     211       1.0665
     212       1.1016
     213       0.9223
     214       0.9380
     215       0.9344
     216       0.8763
     217       0.8213
     218       0.8423
     219       0.8917
     220       0.9431
     221       0.7908
     222       0.9372
     223       0.9084
     224       0.8781
     225       0.9822
     226       0.9642
     227       0.9378
     228       1.0319
     229       0.8608
     230       0.9244
     231       0.9185
     232       0.8529
     233       0.8138
     234       0.9099
     235       0.9360
     236       1.0784
     237       0.9290
     238       1.0046
     239       0.9331
     240       1.0080
     241       1.0419
     242       1.0412
     243       1.0288
     244       1.0056
     245       0.9605
     246       0.9327
     247       1.1182
     248       1.1058
     249       1.0252
     250       1.0396
     251       1.0549
     252       0.9612
     253       0.9563
     254       0.9892
     255       0.8804
     256       0.9564
     257       0.9363
     258       0.9520
     259       0.9346
     260       0.9505
     261       0.9185
     262       0.9781
     263       0.9417
     264       0.9660
     265       1.0141
     266       1.0149
     267       1.0674
     268       1.0908
     269       1.0422
     270       1.1061
     271       1.1095
     272       1.1315
     273       1.0276
     274       1.1010
     275       1.0245
     276       1.0046
     277       1.0172
     278       1.1114
     279       1.0302
     280       1.0512
     281       1.1007
     282       1.1455
     283       1.1162
     284       1.1292
     285       1.1295
     286       1.1912
     287       1.1003
     288       0.9923
     289       1.0374
     290       1.0991
     291       1.0538
     292       1.0384
     293       1.0108
     294       1.0085
     295       0.9293
     296       0.9252
     297       1.0503
     298       0.9678
     299       0.9673
     300       1.0076
     301       0.9619
     302       1.0022
     303       0.9678
     304       0.9889
     305       0.9925
     306       1.0317
     307       0.9836
     308       0.9975
     309       0.9614
     310       1.0281
     311       0.9905
     312       1.0470
     313       1.1074
     314       1.1243
     315       1.1106
     316       1.0244
     317       0.9624
     318       1.0216
     319       0.9978
     320       1.0266
     321       1.0850
     322       1.1099
     323       1.1319
     324       1.1011
     325       1.0897
     326       1.0889
     327       1.1536
     328       1.1453
     329       1.2203
     330       1.2118
     331       1.2150
     332       1.1099
     333       1.1318
     334       1.1188
     335       0.9679
     336       1.1710
     337       0.9297
     338       0.9119
     339       0.8751
     340       0.9549
     341       1.0726
     342       0.9900
     343       0.9283
     344       1.0255
     345       1.0455
     346       1.1147
     347       1.1747
     348       1.0345
     349       1.0390
     350       1.0709
     351       1.0888
     352       1.0290
     353       1.0978
     354       1.1089
     355       0.9266
     356       0.9971
     357       1.0391
     358       0.9307
     359       1.1123
     360       0.9656
     361       0.9946
     362       0.9283
     363       0.9244
     364       0.9249
     365       1.0177
     366       0.9917
     367       1.0285
     368       0.9938
     369       1.0601
     370       1.0066
     371       1.0256
     372       1.0525
     373       1.1426
     374       1.0935
     375       1.0522
     376       1.1392
     377       1.0713
     378       1.1161
     379       1.0718
     380       1.0902
     381       1.1378
     382       1.0134
     383       1.0353
     384       0.9442
     385       1.0564
     386       1.1206
     387       0.9649
     388       1.0301
     389       1.1061
     390       0.9806
     391       0.9203
     392       0.9882
     393       1.0752
     394       0.9780
     395       1.1938
     396       1.1638
     397       1.2124
     398       1.1656
     399       1.1399
     400       1.1738
     401       1.0315
     402       1.0578
     403       1.0570
     404       1.1021
     405       1.0180
     406       1.0405
     407       1.0698
     408       1.0199
     409       1.0748
     410       1.0915
     411       1.0079
     412       1.0115
     413       1.1062
     414       1.0217
     415       1.0253
     416       1.0717
     417       0.9956
     418       1.1487
     419       1.0319
     420       1.0667
     421       1.0861
     422       1.0133
     423       1.1311
     424       1.1381
     425       1.1255
     426       1.1070
     427       1.2194
     428       1.0437
     429       1.0163
     430       1.0074
     431       1.0070
     432       1.1054
     433       0.9199
     434       0.9756
     435       1.0039
     436       0.9803
     437       0.8851
     438       0.9032
     439       0.8461
     440       0.8690
     441       0.9365
     442       0.9751
     443       0.9581
     444       0.9724
     445       0.9794
     446       0.9802
     447       1.0484
     448       1.0093
     449       0.9658
     450       0.9184
     451       0.9536
     452       0.9417
     453       1.0221
     454       0.9592
     455       0.9173
     456       1.0790
     457       1.2424
     458       1.1356
     459       1.1286
     460       1.1101
     461       1.0916
     462       1.1168
     463       1.0335
     464       1.0781
     465       1.0974
     466       1.0876
     467       1.1440
     468       1.1440
     469       1.1113
     470       1.1039
     471       1.1476
     472       1.0601
     473       1.0202
     474       1.0959
     475       0.9813
     476       1.1051
     477       0.9023
     478       0.9883
     479       1.0335
     480       1.1268
     481       1.0832
     482       0.9559
     483       0.8828
     484       0.9194
     485       0.9494
     486       0.9602
     487       1.0436
     488       0.9017
     489       0.9725
     490       0.9431
     491       0.9210
     492       0.9062
     493       0.9622
     494       0.9760
     495       0.8714
     496       0.9046
     497       0.9038
     498       0.8266
     499       0.8886
     500       1.0139
     501       0.9953
     502       0.9713
     503       0.8819
     504       0.9158
     505       0.9638
     506       0.8690
     507       0.9168
     508       0.8899
     509       0.8911
     510       0.9272
     511       0.9264
     512       0.9511
     513       0.9114
     514       0.9460
     515       1.0005
     516       1.0919
     517       1.1049
     518       1.1025
     519       1.1099
     520       1.1913
     521       1.1239
     522       1.0311
     523       1.0291
     524       0.9992
     525       1.0300
     526       0.9278
     527       0.9451
     528       0.9981
     529       0.9057
     530       0.8715
     531       0.8894
     532       0.8811
     533       0.8876
     534       0.9104
     535       0.8832
     536       0.9525
     537       1.0487
     538       1.0472
     539       1.0682
     540       1.1891
     541       1.0934
     542       1.0488
     543       1.0862
     544       1.1149
     545       1.0965
     546       1.2232
     547       1.1265
     548       1.1220
     549       1.1325
     550       1.0741
     551       1.0775
     552       1.0717
     553       1.1176
     554       1.0646
     555       1.0912
     556       1.0886
     557       1.0364
     558       0.9955
     559       1.0188
     560       1.0370
     561       1.0818
     562       0.9582
     563       1.0240
     564       0.9550
     565       0.8913
     566       0.8862
     567       0.9372
     568       0.8943
     569       0.8844
     570       0.9807
     571       0.9228
     572       0.8904
     573       0.8849
     574       0.9537
     575       0.9334
     576       0.9289
     577       0.9216
     578       0.9904
     579       0.9491
     580       0.9478
     581       0.9654
     582       0.9131
     583       0.9720
     584       0.9477
     585       0.9354
     586       0.9618
     587       1.0485
     588       0.9670
     589       0.9674
     590       0.9986
     591       1.0872
     592       1.1464
     593       1.0361
     594       1.0404
     595       0.9987
     596       0.9641
     597       0.9970
     598       0.8557
     599       0.9277
     600       0.9681
     601       0.9666
     602       0.9894
     603       0.9413
     604       1.0210
     605       1.0140
     606       1.0484
     607       1.0140
     608       1.0036
     609       1.0092
     610       1.0824
     611       0.8930
     612       0.9843
     613       0.9758
     614       0.9074
     615       1.0039
     616       0.9222
     617       1.0429
     618       0.9514
     619       0.9807
     620       1.0067
     621       0.9405
     622       0.9337
     623       0.9289
     624       0.8999
     625       0.9263
     626       1.0410
     627       1.0035
     628       1.0370
     629       0.9908
     630       1.0526
     631       0.9837
     632       0.9869
     633       0.9693
     634       0.9463
     635       1.0482
     636       1.0690
     637       1.0259
     638       0.9845
     639       1.0185
     640       1.0381
     641       1.0632
     642       1.0545
     643       1.0449
     644       1.0541
     645       1.0530
     646       1.1005
     647       1.0791
     648       1.0631
     649       1.0162
     650       1.0521
     651       1.0573
     652       1.0617
     653       1.0948
     654       1.1538
     655       1.0622
     656       0.9647
     657       0.9924
     658       1.0077
     659       1.0264
     660       1.0457
     661       0.9777
     662       0.9541
     663       1.0072
     664       1.0801
     665       1.0400
     666       0.9367
     667       1.0333
     668       1.0729
     669       1.0449
     670       1.0782
     671       1.0028
     672       1.0219
     673       1.0631
     674       1.0410
     675       1.0505
     676       0.9654
     677       1.0220
     678       1.0119
     679       1.0657
     680       1.0581
     681       1.0195
     682       0.9260
     683       1.0633
     684       1.1257
     685       1.1380
     686       0.9976
     687       0.9433
     688       0.9308
     689       1.0537
     690       0.9433
     691       0.9364
     692       0.9431
     693       0.8836
     694       0.9193
     695       0.9446
     696       0.9808
     697       0.8957
     698       0.8729
     699       0.9838
     700       1.0509
     701       0.9133
     702       1.0424
     703       1.0166
     704       1.0458
     705       1.1139
     706       0.9867
     707       0.9736
     708       0.9636
     709       0.9223
     710       0.9888
     711       1.0241
     712       1.0219
     713       1.0107
     714       0.9185
     715       1.0190
     716       0.9963
     717       1.1572
     718       1.0615
     719       1.0884
     720       1.0629
     721       1.0161
     722       0.9952
     723       0.9619
     724       0.9176
     725       0.9434
     726       0.9131
     727       0.9334
     728       0.9347
     729       0.9221
     730       0.9747
     731       0.8574
     732       0.8912
     733       0.9289
     734       0.9724
     735       0.9367
     736       1.0091
     737       1.0037
     738       0.8805
     739       0.9235
     740       0.9433
     741       0.9884
     742       0.9558
     743       0.9382
     744       0.9084
     745       0.9654
     746       0.9581
     747       0.9024
     748       0.9574
     749       1.0094
     750       0.9309
     751       0.9454
     752       0.9631
     753       0.9315
     754       0.9382
     755       0.9083
     756       0.9664
     757       1.0833
     758       1.0176
     759       1.0373
     760       1.0438
     761       1.0356
     762       1.0585
     763       1.1609
     764       1.1612
     765       1.1792
     766       1.1653
     767       1.1047
     768       1.1348
     769       1.0629
     770       1.1001
     771       1.0851
     772       1.0988
     773       1.0572
     774       1.1152
     775       1.1478
     776       1.0827
     777       1.0885
     778       1.0283
     779       1.1354
     780       1.1390
     781       1.1560
     782       1.1923
     783       1.2499
     784       1.1425
     785       1.1572
     786       1.1752
     787       1.2544
     788       1.1620
     789       1.2140
     790       1.2111
     791       1.0866
     792       1.1676
     793       1.1419
     794       1.1728
     795       1.2250
     796       1.2609
     797       1.3075
     798       1.2627
     799       1.1968
     800       1.1881
     801       1.1227
     802       1.1859
     803       1.0892
     804       1.0963
     805       1.0800
     806       1.1283
     807       1.1412
     808       1.1126
     809       1.1291
     810       1.1291
     811       1.0269
     812       1.1009
     813       1.1386
     814       1.0710
     815       1.1699
     816       1.1392
     817       1.1255
     818       1.1633
     819       1.1295
     820       1.1638
     821       1.1323
     822       1.1509
     823       1.1752
     824       1.1731
     825       1.1553
     826       1.1778
     827       1.1661
     828       1.1150
     829       1.1651
     830       1.1922
     831       1.2161
     832       1.2746
     833       1.1320
     834       1.1515
     835       1.0947
     836       1.1516
     837       1.0590
     838       1.1040
     839       1.1303
     840       1.1397
     841       1.0732
     842       1.1036
     843       1.1189
     844       1.1507
     845       1.2076
     846       1.1968
     847       1.2218
     848       1.1742
     849       1.2422
     850       1.1677
     851       1.1190
     852       1.1269
     853       1.1059
     854       1.1052
     855       1.0782
     856       1.0838
     857       1.0039
     858       0.9833
     859       1.1761
     860       1.2301
     861       1.2146
     862       1.0727
     863       1.1447
     864       1.0726
     865       0.9779
     866       1.0366
     867       0.9982
     868       1.1091
     869       1.0643
     870       1.1830
     871       1.0852
     872       1.0661
     873       1.1522
     874       1.1565
     875       1.1736
     876       1.3330
     877       1.3218
     878       1.2729
     879       1.1768
     880       1.1181
     881       1.1523
     882       1.1787
     883       1.2294
     884       1.3354
     885       1.1809
     886       1.3010
     887       1.2281
     888       1.2765
     889       1.2224
     890       1.3236
     891       1.3062
     892       1.2380
     893       1.2705
     894       1.1936
     895       1.1646
     896       1.1850
     897       1.1455
     898       1.1610
     899       1.2305
     900       1.1616
     901       1.1620
     902       1.1587
     903       1.1955
     904       1.2377
     905       1.1539
     906       1.1602
     907       1.0352
     908       1.0581
     909       1.0911
     910       1.0043
     911       0.9808
     912       1.0501
     913       1.0239
     914       1.0374
     915       1.0947
     916       1.1541
     917       1.0687
     918       1.0842
     919       1.1138
     920       1.1564
     921       1.2583
     922       1.1771
     923       1.1121
     924       1.0691
     925       1.0389
     926       1.0691
     927       1.0503
     928       0.9627
     929       1.0145
     930       1.0372
     931       0.9576
     932       1.0705
     933       1.0633
     934       1.1086
     935       1.1014
     936       1.1047
     937       1.0125
     938       1.1105
     939       1.0722
     940       1.0325
     941       1.0844
     942       0.9360
     943       1.0570
     944       0.9751
     945       1.0088
     946       1.1031
     947       1.0110
     948       0.9799
     949       0.9717
     950       1.0150
     951       1.0802
     952       1.1119
     953       1.0104
     954       1.0447
     955       1.0169
     956       1.0764
     957       1.1022
     958       1.1424
     959       1.1264
     960       1.0903
     961       1.0141
     962       1.0280
     963       1.0960
     964       1.1747
     965       1.1066
     966       1.0670
     967       1.1420
     968       1.2130
     969       1.2434
     970       1.3280
     971       1.1868
     972       1.2467
     973       1.2621
     974       1.2056
     975       1.1432
     976       1.1499
     977       1.1958
     978       1.1389
     979       1.1394
     980       1.1396
     981       1.0925
     982       1.0797
     983       1.1171
     984       1.0605
     985       1.0332
     986       1.0279
     987       1.1524
     988       1.1183
     989       1.2670
     990       1.2387
     991       1.3138
     992       1.1652
     993       1.0667
     994       1.1899
     995       1.1544
     996       1.0705
     997       1.0051
     998       1.0015
     999       0.9468
    1000       0.9391
    1001       1.0922
    1002       1.0835
    1003       0.9693
    1004       0.9682
    1005       0.9625
    1006       1.0563
    1007       0.9387
    1008       1.0251
    1009       1.0105
    1010       1.0709
    1011       1.1128
    1012       1.0556
    1013       1.0220
    1014       0.9673
    1015       1.0187
    1016       1.0562
    1017       0.9564
    1018       1.0327
    1019       1.0635
    1020       1.0566
    1021       1.0198
    1022       0.9909
    1023       1.0614
    1024       1.0131
    1025       0.9421
    1026       1.0560
    1027       1.0784
    1028       1.0862
    1029       1.1880
    1030       1.2059
    1031       1.0793
    1032       1.0188
    1033       1.1709
    1034       1.0607
    1035       1.1398
    1036       1.1108
    1037       1.0680
    1038       1.0616
    1039       1.0843
    1040       1.0915
    1041       1.0949
    1042       1.0480
    1043       1.0898
    1044       1.1200
    1045       1.1422
    1046       1.1186
    1047       1.0717
    1048       1.0268
    1049       1.0219
    1050       1.0715
    1051       1.0262
    1052       1.0248
    1053       0.9923
    1054       1.0236
    1055       1.1014
    1056       1.0117
    1057       1.0400
    1058       1.1603
    1059       1.1124
    1060       1.1060
    1061       1.1189
    1062       1.0465
    1063       1.0650
    1064       1.0421
    1065       1.0318
    1066       1.0280
    1067       1.1373
    1068       1.0981
    1069       1.1219
    1070       1.1173
    1071       1.1081
    1072       1.1502
    1073       1.1263
    1074       1.1720
    1075       1.1296
    1076       1.1730
    1077       1.2168
    1078       1.2089
    1079       1.2497
    1080       1.2622
    1081       1.2492
    1082       1.2624
    1083       1.2381
    1084       1.2183
    1085       1.2286
    1086       1.2365
    1087       1.1376
    1088       1.2023
    1089       1.1354
    1090       1.2160
    1091       1.2199
    1092       1.2414
    1093       1.1962
    1094       1.1466
    1095       1.1765
    1096       1.1065
    1097       1.1191
    1098       1.1835
    1099       1.0813
    1100       1.1368
    1101       1.0828
    1102       1.1286
    1103       1.1587
    1104       1.2433
    1105       1.2259
    1106       1.2429
    1107       1.2913
    1108       1.2584
    1109       1.2596
    1110       1.2790
    1111       1.3870
    1112       1.3694
    1113       1.3138
    1114       1.2398
    1115       1.1592
    1116       1.1602
    1117       1.1118
    1118       1.1335
    1119       1.1304
    1120       1.1417
    1121       1.0952
    1122       1.1825
    1123       1.1066
    1124       1.1554
    1125       1.1467
    1126       1.1771
    1127       1.2397
    1128       1.2224
    1129       1.1387
    1130       1.1712
    1131       1.1420
    1132       1.1521
    1133       1.1756
    1134       1.2553
    1135       1.2081
    1136       1.1890
    1137       1.1851
    1138       1.2394
    1139       1.2370
    1140       1.2000
    1141       1.1207
    1142       1.2067
    1143       1.1923
    1144       1.3265
    1145       1.2360
    1146       1.3167
    1147       1.1610
    1148       1.1061
    1149       1.0330
    1150       1.1333
    1151       1.1929
    1152       1.1124
    1153       1.1228
    1154       1.1620
    1155       1.1990
    1156       1.2436
    1157       1.3362
    1158       1.2622
    1159       1.1794
    1160       1.2272
    1161       1.1973
    1162       1.1556
    1163       1.2016
    1164       1.1583
    1165       1.1784
    1166       1.1730
    1167       1.1675
    1168       1.1592
    1169       1.2156
    1170       1.1971
    1171       1.1596
    1172       1.1562
    1173       1.2064
    1174       1.3241
    1175       1.2141
    1176       1.2067
    1177       1.1151
    1178       1.2321
    1179       1.2457
    1180       1.2081
    1181       1.1973
    1182       1.2413
    1183       1.1599
    1184       1.2180
    1185       1.2818
    1186       1.2579
    1187       1.1650
    1188       1.1505
    1189       1.0705
    1190       1.1004
    1191       1.0970
    1192       1.1051
    1193       0.9982
    1194       1.0416
    1195       1.0713
    1196       1.1933
    1197       1.1374
    1198       1.1728
    1199       1.0434
    1200       1.0530
    1201       1.0183
    1202       1.0869
    1203       1.1761
    1204       1.1858
    1205       1.1614
    1206       1.0947
    1207       1.0834
    1208       1.1467
    1209       1.2333
    1210       1.1119
    1211       1.0469
    1212       1.0849
    1213       1.0214
    1214       1.0229
    1215       1.0281
    1216       1.0736
    1217       1.0778
    1218       1.0505
    1219       1.1650
    1220       1.0948
    1221       1.0447
    1222       1.0236
    1223       1.0439
    1224       1.0722
    1225       1.0833
    1226       1.1068
    1227       1.0216
    1228       1.0531
    1229       1.0370
    1230       1.1187
    1231       1.0723
    1232       1.0511
    1233       1.1584
    1234       1.0803
    1235       1.0448
    1236       1.0174
    1237       1.0475
    1238       1.0029
    1239       0.9753
    1240       1.0860
    1241       1.0111
    1242       1.0126
    1243       1.1269
    1244       1.0604
    1245       1.1421
    1246       1.1153
    1247       1.0709
    1248       1.2700
    1249       1.2562
    1250       1.1831
    1251       1.2325
    1252       1.1878
    1253       1.3226
    1254       1.3170
    1255       1.2339
    1256       1.3061
    1257       1.2267
    1258       1.2288
    1259       1.2193
    1260       1.1312
    1261       1.1338
    1262       1.1204
    1263       1.1492
    1264       1.1676
    1265       1.1935
    1266       1.3484
    1267       1.3513
    1268       1.3573
    1269       1.2369
    1270       1.3512
    1271       1.2659
    1272       1.2412
    1273       1.2938
    1274       1.2582
    1275       1.3074
    1276       1.2436
    1277       1.1670
    1278       1.1800
    1279       1.2137
    1280       1.2321
    1281       1.1646
    1282       1.1787
    1283       1.3089
    1284       1.3129
    1285       1.2983
    1286       1.3778
    1287       1.3056
    1288       1.1972
    1289       1.2420
    1290       1.2410
    1291       1.2397
    1292       1.2694
    1293       1.2803
    1294       1.2268
    1295       1.1739
    1296       1.2332
    1297       1.1799
    1298       1.0985
    1299       1.2225
    1300       1.1567
    1301       1.1845
    1302       1.1357
    1303       1.0966
    1304       1.0669
    1305       1.1359
    1306       1.1680
    1307       1.1531
    1308       1.0921
    1309       1.1358
    1310       1.0093
    1311       1.0167
    1312       1.0528
    1313       1.0291
    1314       1.0919
    1315       1.0543
    1316       0.9981
    1317       1.1154
    1318       1.1404
    1319       1.1275
    1320       1.0799
    1321       1.1176
    1322       1.2367
    1323       1.1011
    1324       1.1580
    1325       1.2441
    1326       1.1016
    1327       1.1432
    1328       1.2415
    1329       1.3083
    1330       1.2665
    1331       1.1194
    1332       1.2656
    1333       1.2270
    1334       1.3860
    1335       1.3497
    1336       1.2580
    1337       1.3073
    1338       1.3301
    1339       1.3211
    1340       1.2771
    1341       1.1914
    1342       1.2917
    1343       1.1823
    1344       1.2261
    1345       1.2710
    1346       1.1434
    1347       1.1668
    1348       1.2484
    1349       1.2444
    1350       1.2836
    1351       1.3376
    1352       1.2489
    1353       1.2463
    1354       1.2777
    1355       1.3065
    1356       1.2072
    1357       1.2277
    1358       1.2107
    1359       1.2179
    1360       1.1674
    1361       1.1825
    1362       1.1263
    1363       1.0719
    1364       1.0880
    1365       1.1112
    1366       1.1396
    1367       1.0726
    1368       1.1246
    1369       1.1623
    1370       1.0982
    1371       1.1097
    1372       1.1922
    1373       1.1385
    1374       1.1210
    1375       1.1016
    1376       1.1187
    1377       1.2133
    1378       1.1764
    1379       1.2438
    1380       1.2700
    1381       1.2416
    1382       1.2194
    1383       1.1373
    1384       1.1572
    1385       1.2618
    1386       1.1773
    1387       1.1110
    1388       1.2123
    1389       1.2884
    1390       1.1660
    1391       1.2251
    1392       1.3603
    1393       1.2147
    1394       1.2068
    1395       1.2486
    1396       1.2522
    1397       1.2708
    1398       1.2390
    1399       1.2086
    1400       1.1865
    1401       1.2558
    1402       1.1729
    1403       1.1377
    1404       1.1233
    1405       1.1450
    1406       1.1296
    1407       1.0914
    1408       1.1663
    1409       1.1709
    1410       1.1408
    1411       1.0938
    1412       1.1600
    1413       1.0973
    1414       1.0797
    1415       1.1213
    1416       1.0754
    1417       1.0227
    1418       1.1036
    1419       1.0654
    1420       0.9515
    1421       1.0837
    1422       1.0707
    1423       1.0865
    1424       1.1400
    1425       1.0189
    1426       1.1138
    1427       1.0839
    1428       1.0450
    1429       1.0536
    1430       1.0172
    1431       1.1097
    1432       1.2398
    1433       1.1510
    1434       1.1287
    1435       1.0512
    1436       1.0614
    1437       1.0315
    1438       1.1307
    1439       1.0571
    1440       1.1335
    1441       1.1469
    1442       1.1670
    1443       1.0970
    1444       1.0778
    1445       1.1266
    1446       1.2206
    1447       1.1578
    1448       1.0983
    1449       1.0986
    1450       1.1818
    1451       1.1893
    1452       1.2909
    1453       1.1745
    1454       1.1290
    1455       1.1266
    1456       1.0141
    1457       0.9826
    1458       0.9708
    1459       1.0332
    1460       1.0488
    1461       1.0224
    1462       1.0485
    1463       0.9285
    1464       0.9834
    1465       1.1365
    1466       1.1597
    1467       1.1682
    1468       1.0923
    1469       1.1857
    1470       1.2150
    1471       1.1500
    1472       1.1189
    1473       1.1590
    1474       1.1615
    1475       1.1698
    1476       1.0531
    1477       1.0532
    1478       0.9598
    1479       0.9475
    1480       0.9059
    1481       1.0017
    1482       0.9895
    1483       1.1388
    1484       1.1080
    1485       1.0019
    1486       1.0484
    1487       1.0384
    1488       1.0144
    1489       0.9113
    1490       0.9915
    1491       1.0326
    1492       1.0131
    1493       0.9950
    1494       0.9532
    1495       1.0235
    1496       1.0059
    1497       1.0860
    1498       1.0567
    1499       1.0367
    1500       1.0154
    1501       1.1064
    1502       1.0140
    1503       1.0197
    1504       0.9703
    1505       1.0337
    1506       1.0342
    1507       1.1413
    1508       1.1057
    1509       1.1027
    1510       1.2175
    1511       1.0904
    1512       1.1879
    1513       1.1204
    1514       1.1731
    1515       1.0682
    1516       0.9294
    1517       1.0121
    1518       1.0022
    1519       0.9995
    1520       1.0589
    1521       1.0720
    1522       1.0610
    1523       1.0065
    1524       0.9632
    1525       0.9902
    1526       1.0270
    1527       1.0318
    1528       1.0833
    1529       1.0124
    1530       0.9357
    1531       0.8888
    1532       0.9800
    1533       1.0590
    1534       1.1642
    1535       1.0913
    1536       1.1227
    1537       1.0694
    1538       1.0819
    1539       1.0715
    1540       0.8620
    1541       0.9392
    1542       1.0399
    1543       0.8988
    1544       0.8724
    1545       0.9181
    1546       0.9154
    1547       0.9952
    1548       0.9730
    1549       0.9581
    1550       1.0094
    1551       0.9650
    1552       0.8745
    1553       0.9496
    1554       1.0072
    1555       1.0670
    1556       1.0945
    1557       1.1033
    1558       1.0686
    1559       1.0471
    1560       1.0414
    1561       0.9905
    1562       1.1076
    1563       1.0296
    1564       1.1353
    1565       1.0709
    1566       1.0286
    1567       1.0905
    1568       1.1397
    1569       1.2050
    1570       1.0437
    1571       1.0916
    1572       1.0899
    1573       1.1798
    1574       1.1387
    1575       1.1020
    1576       1.0920
    1577       1.0869
    1578       1.0360
    1579       1.0303
    1580       1.0558
    1581       0.9970
    1582       1.0775
    1583       1.0613
    1584       1.0118
    1585       1.0272
    1586       0.9974
    1587       0.9942
    1588       1.0438
    1589       0.9829
    1590       1.0347
    1591       1.0045
    1592       0.9464
    1593       1.0357
    1594       1.0044
    1595       1.0211
    1596       1.1370
    1597       1.1232
    1598       1.1906
    1599       1.1835
    1600       1.1181
    1601       1.1097
    1602       1.1291
    1603       1.1231
    1604       1.1395
    1605       1.3542
    1606       1.3644
    1607       1.3226
    1608       1.2981
    1609       1.3177
    1610       1.1772
    1611       1.2158
    1612       1.2300
    1613       1.3817
    1614       1.3019
    1615       1.2786
    1616       1.3442
    1617       1.1176
    1618       1.2752
    1619       1.3210
    1620       1.2458
    1621       1.2002
    1622       1.3485
    1623       1.2762
    1624       1.2163
    1625       1.1578
    1626       1.2383
    1627       1.3851
    1628       1.4578
    1629       1.2562
    1630       1.2440
    1631       1.3704
    1632       1.3930
    1633       1.3761
    1634       1.2016
    1635       1.3684
    1636       1.4222
    1637       1.3325
    1638       1.1861
    1639       1.1534
    1640       1.2148
    1641       1.2368
    1642       1.1927
    1643       1.1359
    1644       1.0796
    1645       1.0800
    1646       1.2271
    1647       1.0515
    1648       1.0921
    1649       1.1329
    1650       1.2118
    1651       1.0979
    1652       1.1256
    1653       1.1824
    1654       1.1914
    1655       1.2743
    1656       1.2426
    1657       1.3032
    1658       1.2357
    1659       1.2555
    1660       1.1793
    1661       1.3364
    1662       1.2940
    1663       1.2072
    1664       1.3179
    1665       1.2805
    1666       1.3179
    1667       1.3638
    1668       1.3354
    1669       1.2789
    1670       1.2613
    1671       1.3428
    1672       1.3536
    1673       1.2711
    1674       1.2700
    1675       1.3504
    1676       1.2442
    1677       1.2328
    1678       1.2150
    1679       1.1468
    1680       1.2806
    1681       1.2504
    1682       1.3402
    1683       1.1860
    1684       1.2654
    1685       1.3490
    1686       1.2139
    1687       1.2547
    1688       1.2516
    1689       1.2100
    1690       1.2106
    1691       1.3051
    1692       1.3000
    1693       1.2874
    1694       1.2532
    1695       1.2634
    1696       1.2627
    1697       1.2902
    1698       1.3261
    1699       1.3644
    1700       1.2424
    1701       1.1758
    1702       1.1951
    1703       1.1472
    1704       0.9668
    1705       1.0987
    1706       1.0324
    1707       1.1107
    1708       1.1719
    1709       1.1413
    1710       1.1679
    1711       1.2045
    1712       1.2013
    1713       1.1993
    1714       1.1114
    1715       1.0363
    1716       1.0402
    1717       0.9500
    1718       1.0252
    1719       0.9373
    1720       1.0096
    1721       1.0601
    1722       1.0561
    1723       1.0842
    1724       1.0944
    1725       1.1659
    1726       1.1393
    1727       1.1695
    1728       1.1096
    1729       1.0920
    1730       1.0968
    1731       1.2183
    1732       1.2389
    1733       1.0607
    1734       1.0379
    1735       1.1310
    1736       1.1551
    1737       1.0526
    1738       1.0296
    1739       1.0431
    1740       0.9740
    1741       1.0616
    1742       0.9773
    1743       1.1886
    1744       1.2526
    1745       1.2701
    1746       1.2725
    1747       1.2331
    1748       1.3486
    1749       1.2938
    1750       1.2444
    1751       1.2894
    1752       1.1847
    1753       1.2444
    1754       1.3358
    1755       1.1593
    1756       1.2876
    1757       1.2776
    1758       1.2858
    1759       1.2032
    1760       1.2770
    1761       1.2834
    1762       1.1987
    1763       1.2902
    1764       1.2445
    1765       1.1089
    1766       1.1114
    1767       1.2508
    1768       1.1667
    1769       1.1027
    1770       1.0797
    1771       1.1266
    1772       1.2240
    1773       1.1791
    1774       1.1117
    1775       1.2351
    1776       1.1800
    1777       1.1713
    1778       1.2967
    1779       1.3269
    1780       1.3300
    1781       1.2159
    1782       1.2690
    1783       1.2080
    1784       1.2217
    1785       1.2662
    1786       1.3961
    1787       1.3318
    1788       1.3769
    1789       1.3816
    1790       1.4115
    1791       1.2139
    1792       1.2635
    1793       1.2377
    1794       1.3125
    1795       1.2564
    1796       1.1684
    1797       1.2247
    1798       1.2902
    1799       1.3756
    1800       1.2211
    1801       1.3763
    1802       1.3686
    1803       1.3867
    1804       1.4601
    1805       1.4123
    1806       1.3461
    1807       1.3535
    1808       1.4587
    1809       1.3004
    1810       1.4385
    1811       1.4157
    1812       1.4471
    1813       1.4008
    1814       1.4700
    1815       1.4578
    1816       1.4926
    1817       1.4626
    1818       1.3914
    1819       1.4598
    1820       1.3675
    1821       1.3855
    1822       1.4651
    1823       1.3487
    1824       1.2168
    1825       1.3407
    1826       1.3690
    1827       1.4171
    1828       1.3897
    1829       1.4400
    1830       1.3808
    1831       1.3747
    1832       1.3349
    1833       1.2756
    1834       1.2205
    1835       1.3310
    1836       1.2967
    1837       1.2392
    1838       1.2957
    1839       1.2749
    1840       1.2633
    1841       1.3060
    1842       1.3021
    1843       1.2399
    1844       1.1365
    1845       1.2318
    1846       1.2366
    1847       1.2241
    1848       1.2680
    1849       1.2755
    1850       1.3926
    1851       1.3862
    1852       1.3471
    1853       1.3638
    1854       1.4080
    1855       1.4196
    1856       1.3097
    1857       1.2065
    1858       1.2811
    1859       1.3888
    1860       1.2513
    1861       1.2423
    1862       1.3399
    1863       1.3870
    1864       1.3904
    1865       1.5742
    1866       1.5979
    1867       1.5371
    1868       1.5137
    1869       1.4730
    1870       1.6241
    1871       1.6149
    1872       1.5527
    1873       1.4250
    1874       1.5878
    1875       1.5246
    1876       1.5013
    1877       1.4072
    1878       1.4658
    1879       1.4037
    1880       1.4329
    1881       1.3623
    1882       1.4612
    1883       1.6138
    1884       1.3970
    1885       1.4123
    1886       1.3482
    1887       1.3546
    1888       1.5086
    1889       1.4790
    1890       1.4355
    1891       1.4796
    1892       1.4322
    1893       1.4840
    1894       1.5201
    1895       1.4738
    1896       1.5122
    1897       1.2606
    1898       1.5580
    1899       1.3707
    1900       1.3968
    1901       1.3026
    1902       1.3785
    1903       1.3915
    1904       1.3168
    1905       1.3957
    1906       1.4632
    1907       1.3935
    1908       1.3513
    1909       1.3189
    1910       1.4010
    1911       1.3027
    1912       1.2921
    1913       1.2256
    1914       1.2180
    1915       1.3276
    1916       1.2983
    1917       1.3508
    1918       1.3376
    1919       1.2915
    1920       1.2193
    1921       1.2378
    1922       1.2385
    1923       1.2672
    1924       1.2298
    1925       1.2108
    1926       1.2063
    1927       1.2232
    1928       1.2601
    1929       1.1973
    1930       1.1586
    1931       1.1292
    1932       1.2054
    1933       1.1496
    1934       1.1628
    1935       1.1930
    1936       1.1481
    1937       1.1175
    1938       1.0689
    1939       1.1959
    1940       1.1984
    1941       1.1921
    1942       1.2739
    1943       1.3060
    1944       1.3352
    1945       1.3307
    1946       1.2742
    1947       1.2453
    1948       1.2128
    1949       1.0606
    1950       1.1629
    1951       1.1378
    1952       1.2183
    1953       1.1427
    1954       1.2186
    1955       1.1571
    1956       1.2193
    1957       1.1462
    1958       1.0408
    1959       0.9602
    1960       1.0532
    1961       1.0619
    1962       1.2656
    1963       1.2696
    1964       1.1983
    1965       1.2324
    1966       1.2499
    1967       1.2012
    1968       1.1452
    1969       1.1545
    1970       1.2321
    1971       1.2535
    1972       1.3257
    1973       1.3189
    1974       1.2405
    1975       1.3042
    1976       1.2341
    1977       1.2046
    1978       1.1346
    1979       1.1998
    1980       1.2492
    1981       1.0463
    1982       1.1442
    1983       1.0841
    1984       1.1125
    1985       1.0840
    1986       1.0760
    1987       1.1258
    1988       1.0937
    1989       1.1404
    1990       1.1148
    1991       1.1470
    1992       1.3095
    1993       1.2624
    1994       1.2324
    1995       1.2504
    1996       1.2707
    1997       1.2008
    1998       1.1951
    1999       1.3292
    2000       1.2571
