#Frame           gate
       1       0.5157
       2       0.5124
       3       0.5718
       4       0.4516
       5       0.3629
       6       0.8990
       7       0.6102
       8       0.6300
       9       0.6168
      10       0.8097
      11       1.1713
      12       1.1838
      13       0.8302
      14       0.6816
      15       0.6603
      16       1.3112
      17       1.4326
      18       0.9954
      19       1.0784
      20       1.5931
      21       1.1948
      22       1.5280
      23       1.7071
      24       1.5993
      25       1.3412
      26       1.0580
      27       1.2071
      28       1.5568
      29       1.0017
      30       1.2545
      31       1.2815
      32       1.3300
      33       1.4766
      34       1.0162
      35       1.2554
      36       0.7264
      37       1.0258
      38       0.6640
      39       0.8060
      40       1.0798
      41       0.7448
      42       0.5838
      43       0.7096
      44       0.6521
      45       0.6062
      46       0.7598
      47       0.7821
      48       1.3254
      49       0.9352
      50       1.1125
      51       0.5831
      52       0.7162
      53       0.7316
      54       0.6652
      55       0.5171
      56       0.8785
      57       0.5298
      58       0.9009
      59       0.8889
      60       0.7462
      61       1.0555
      62       0.8074
      63       1.1226
      64       1.1093
      65       1.0033
      66       1.0227
      67       1.1167
      68       0.9642
      69       1.3162
      70       0.7783
      71       0.8384
      72       0.8825
      73       0.8199
      74       0.5415
      75       0.8165
      76       0.6315
      77       0.6743
      78       0.7085
      79       0.6861
      80       0.6233
      81       0.6463
      82       0.6336
      83       0.8533
      84       0.9567
      85       0.8646
      86       0.7388
      87       0.8815
      88       1.0688
      89       0.9168
      90       0.8706
      91       0.8338
      92       0.8718
      93       1.0303
      94       0.7041
      95       1.1897
      96       0.6590
      97       0.7177
      98       0.9742
      99       0.9914
     100       0.7296
     101       0.9052
     102       0.8363
     103       0.7677
     104       0.7393
     105       0.8684
     106       0.8904
     107       1.1857
     108       0.7572
     109       0.9548
     110       0.8018
     111       0.8630
     112       0.6252
     113       0.6377
     114       1.0999
     115       1.2121
     116       1.0914
     117       1.3189
     118       1.2907
     119       0.5967
     120       1.1243
     121       1.2171
     122       1.1508
     123       1.2492
     124       1.5776
     125       1.2600
     126       1.5216
     127       1.7473
     128       1.8244
     129       1.5876
     130       1.8622
     131       1.5745
     132       1.7006
     133       1.6038
     134       1.5149
     135       1.6185
     136       0.9567
     137       1.1133
     138       0.7987
     139       1.3499
     140       1.8528
     141       1.9668
     142       1.9547
     143       1.3063
     144       1.4135
     145       1.5799
     146       1.6437
     147       1.5767
     148       1.6234
     149       1.6739
     150       1.5390
     151       1.5829
     152       0.9872
     153       1.1027
     154       0.9141
     155       1.0354
     156       1.3711
     157       1.2428
     158       1.1418
     159       0.6575
     160       0.8288
     161       0.6555
     162       0.6590
     163       0.7894
     164       0.7933
     165       0.7574
     166       0.5161
     167       1.0560
     168       0.7439
     169       0.8187
     170       1.0050
     171       0.9449
     172       0.6331
     173       0.6863
     174       0.9809
     175       0.6815
     176       0.9327
     177       0.9135
     178       0.9009
     179       0.5160
     180       0.6329
     181       0.8529
     182       1.2074
     183       1.1671
     184       0.9626
     185       1.0914
     186       1.0037
     187       0.9821
     188       1.4090
     189       1.1943
     190       0.8333
     191       1.0315
     192       0.9332
     193       1.0730
     194       1.0442
     195       1.1911
     196       1.2960
     197       0.8948
     198       1.1015
     199       1.3317
     200       0.6933
     201       0.9190
     202       1.0598
     203       0.8185
     204       0.5003
     205       0.7164
     206       0.6509
     207       0.8363
     208       1.0195
     209       0.9269
     210       0.7279
     211       0.7709
     212       0.6423
     213       1.0359
     214       0.8690
     215       0.8095
     216       0.9766
     217       1.0171
     218       0.6755
     219       1.0543
     220       0.9506
     221       1.0268
     222       0.9365
     223       1.2177
     224       1.0871
     225       1.2699
     226       0.7906
     227       0.7956
     228       0.7941
     229       0.8333
     230       0.7661
     231       0.8546
     232       0.6404
     233       1.0128
     234       0.8529
     235       1.1139
     236       0.9854
     237       1.0708
     238       1.2348
     239       1.0550
     240       1.2008
     241       0.8805
     242       1.3671
     243       1.0755
     244       1.2389
     245       0.8252
     246       1.2443
     247       1.1314
     248       1.3168
     249       1.5165
     250       1.2648
     251       1.1835
     252       0.7124
     253       0.7416
     254       0.8774
     255       0.7615
     256       0.8707
     257       1.1916
     258       0.8357
     259       0.9667
     260       1.0489
     261       0.8274
     262       0.9708
     263       1.1176
     264       0.9829
     265       0.6071
     266       0.6854
     267       1.1927
     268       1.2103
     269       1.0616
     270       0.8828
     271       1.2913
     272       1.1221
     273       1.5519
     274       1.2579
     275       0.8698
     276       1.0071
     277       0.6795
     278       1.0249
     279       0.9686
     280       0.8343
     281       1.0217
     282       0.8811
     283       0.9191
     284       0.8359
     285       1.0647
     286       0.9638
     287       1.0422
     288       1.0262
     289       0.7855
     290       1.0192
     291       0.7231
     292       0.8253
     293       0.7721
     294       1.3419
     295       0.9917
     296       1.3201
     297       1.3601
     298       1.0328
     299       0.8380
     300       1.1459
     301       1.1795
     302       0.9726
     303       1.0118
     304       1.2818
     305       1.1148
     306       1.3254
     307       1.1051
     308       1.0614
     309       1.0676
     310       1.1388
     311       1.0458
     312       1.1661
     313       1.0882
     314       1.0126
     315       0.9728
     316       0.7382
     317       0.7905
     318       0.7518
     319       0.7583
     320       0.7625
     321       0.9942
     322       0.8715
     323       0.8451
     324       0.8709
     325       1.1097
     326       0.5808
     327       0.7649
     328       0.8212
     329       0.8372
     330       0.8009
     331       0.7627
     332       0.8924
     333       1.0112
     334       1.1416
     335       0.9368
     336       1.2642
     337       1.0588
     338       0.9664
     339       1.0363
     340       0.8128
     341       1.2371
     342       0.9215
     343       0.8362
     344       1.0946
     345       0.7619
     346       1.0283
     347       0.8554
     348       0.9296
     349       0.8882
     350       0.9147
     351       0.9868
     352       0.8965
     353       0.7729
     354       0.9695
     355       0.6426
     356       0.8283
     357       1.2226
     358       0.7136
     359       0.8933
     360       1.0668
     361       0.9345
     362       0.7254
     363       0.7473
     364       0.7495
     365       0.9054
     366       0.9335
     367       0.7714
     368       0.9890
     369       0.9629
     370       0.7193
     371       0.7645
     372       0.8994
     373       0.9459
     374       0.7763
     375       0.9765
     376       0.9442
     377       0.9583
     378       1.0612
     379       0.7542
     380       0.7759
     381       1.0191
     382       0.9505
     383       0.9542
     384       1.0178
     385       0.7030
     386       1.2463
     387       1.0470
     388       1.0424
     389       1.1852
     390       1.2329
     391       1.0445
     392       0.7521
     393       0.8975
     394       0.7870
     395       0.8226
     396       0.9352
     397       1.1871
     398       0.9062
     399       0.8680
     400       0.7849
     401       0.8030
     402       0.8162
     403       0.6500
     404       0.7604
     405       0.9819
     406       0.6905
     407       0.7573
     408       1.0299
     409       0.7071
     410       0.9485
     411       0.7501
     412       0.9960
     413       0.9873
     414       0.8626
     415       1.1709
     416       0.8896
     417       0.9767
     418       0.7946
     419       1.2362
     420       1.0922
     421       0.4540
     422       0.8190
     423       0.9254
     424       1.0726
     425       0.9875
     426       1.1452
     427       0.8816
     428       0.8357
     429       1.0758
     430       1.1960
     431       0.9787
     432       1.0099
     433       0.9381
     434       1.1536
     435       1.1506
     436       1.1296
     437       0.8668
     438       1.0240
     439       0.7145
     440       0.7221
     441       0.6339
     442       0.8220
     443       1.0083
     444       1.0165
     445       0.9331
     446       0.9552
     447       1.0278
     448       1.0267
     449       1.0914
     450       0.7696
     451       0.8144
     452       0.9941
     453       1.2608
     454       0.8930
     455       0.8382
     456       0.6751
     457       1.0366
     458       1.1529
     459       0.9706
     460       1.1059
     461       0.8162
     462       0.9663
     463       1.0048
     464       1.0291
     465       1.0192
     466       0.8746
     467       0.9197
     468       1.0496
     469       0.7142
     470       0.8685
     471       0.8216
     472       0.5903
     473       0.7623
     474       1.1509
     475       0.9830
     476       0.9002
     477       0.6279
     478       0.8011
     479       0.7181
     480       1.0767
     481       0.8737
     482       1.1473
     483       0.8866
     484       1.1162
     485       0.8078
     486       1.1765
     487       1.5588
     488       0.7786
     489       0.8002
     490       0.9272
     491       0.6324
     492       1.0338
     493       0.8328
     494       0.6434
     495       0.4733
     496       0.8061
     497       0.8410
     498       0.7722
     499       1.1776
     500       1.0963
     501       1.1217
     502       1.0031
     503       0.7258
     504       1.0460
     505       0.8063
     506       0.7109
     507       0.5807
     508       0.8357
     509       0.7804
     510       0.7690
     511       0.6894
     512       1.0502
     513       0.6584
     514       0.8110
     515       0.9276
     516       1.1618
     517       1.1829
     518       1.1413
     519       1.0525
     520       0.8948
     521       1.3619
     522       1.0310
     523       0.8984
     524       1.0128
     525       0.9329
     526       1.0285
     527       0.8671
     528       1.2263
     529       0.9247
     530       0.9971
     531       1.0295
     532       0.8198
     533       0.8225
     534       1.0756
     535       1.3045
     536       0.9008
     537       1.1603
     538       1.0678
     539       1.1245
     540       0.9736
     541       1.0177
     542       0.8437
     543       1.1064
     544       1.3363
     545       1.0945
     546       1.4173
     547       1.2670
     548       0.9425
     549       1.0486
     550       0.9739
     551       1.0431
     552       1.0098
     553       0.9687
     554       1.1396
     555       1.0257
     556       0.8839
     557       0.7972
     558       0.8076
     559       1.0763
     560       0.9636
     561       1.0822
     562       0.9155
     563       0.8035
     564       1.1840
     565       0.8515
     566       1.0628
     567       0.8997
     568       0.9430
     569       0.8214
     570       0.9236
     571       0.7791
     572       0.6573
     573       0.8646
     574       0.8442
     575       0.7970
     576       0.7541
     577       0.8700
     578       0.7391
     579       0.8029
     580       0.5962
     581       0.8750
     582       0.5415
     583       0.5463
     584       0.5723
     585       0.5109
     586       0.9074
     587       0.8533
     588       0.8868
     589       0.7688
     590       0.6789
     591       0.8864
     592       1.0911
     593       0.7161
     594       0.8203
     595       1.0672
     596       0.6698
     597       0.9600
     598       0.6912
     599       0.7233
     600       0.6860
     601       0.7202
     602       0.8750
     603       0.6938
     604       0.9556
     605       0.8619
     606       0.8241
     607       0.7058
     608       0.6866
     609       0.8001
     610       0.7325
     611       0.7511
     612       0.6183
     613       0.7356
     614       0.6486
     615       0.7096
     616       0.8464
     617       0.8248
     618       0.8298
     619       0.6273
     620       1.1757
     621       0.7963
     622       1.0599
     623       1.1942
     624       0.6898
     625       0.6109
     626       0.8329
     627       0.7189
     628       0.8243
     629       0.7499
     630       0.8069
     631       1.0395
     632       1.0109
     633       0.5427
     634       0.9024
     635       0.7868
     636       1.1697
     637       1.0541
     638       0.7794
     639       0.9712
     640       0.6800
     641       0.9308
     642       0.9714
     643       1.0124
     644       0.6422
     645       0.4907
     646       0.6715
     647       0.7170
     648       0.9214
     649       0.7001
     650       0.6047
     651       0.8712
     652       1.0153
     653       0.9210
     654       1.1025
     655       1.0477
     656       0.4971
     657       0.6257
     658       1.0555
     659       1.1296
     660       0.9268
     661       0.7413
     662       0.7423
     663       0.8647
     664       0.6501
     665       0.7973
     666       0.7086
     667       0.5463
     668       0.8259
     669       1.0114
     670       0.6688
     671       0.6371
     672       0.7184
     673       1.1510
     674       0.8970
     675       1.1637
     676       0.8693
     677       0.7682
     678       0.6096
     679       0.7016
     680       0.7107
     681       0.9354
     682       0.8132
     683       0.8102
     684       0.6557
     685       0.7655
     686       0.7407
     687       0.9452
     688       0.9194
     689       0.6797
     690       0.5773
     691       0.6527
     692       0.6255
     693       0.4442
     694       0.6483
     695       1.0469
     696       0.9348
     697       0.7152
     698       0.7440
     699       0.7431
     700       0.8140
     701       1.1754
     702       0.8605
     703       0.6409
     704       1.0815
     705       0.9130
     706       0.7523
     707       0.5985
     708       0.6799
     709       0.5813
     710       0.5957
     711       0.7478
     712       0.9453
     713       0.7266
     714       0.7916
     715       0.7614
     716       0.7317
     717       0.7049
     718       0.5734
     719       0.7442
     720       0.8746
     721       1.0321
     722       0.7653
     723       0.6022
     724       0.7464
     725       0.7878
     726       0.8210
     727       0.8272
     728       0.9111
     729       0.8978
     730       0.9324
     731       0.6482
     732       0.7200
     733       0.5595
     734       1.0395
     735       0.9968
     736       1.2525
     737       1.0429
     738       0.7524
     739       0.7823
     740       0.6852
     741       0.6386
     742       0.6947
     743       0.7630
     744       0.5344
     745       0.5841
     746       0.7321
     747       0.8920
     748       1.0150
     749       1.2415
     750       0.9050
     751       0.8023
     752       0.7453
     753       0.7846
     754       0.8778
     755       0.9154
     756       0.8546
     757       0.8819
     758       0.7477
     759       1.0312
     760       1.0392
     761       0.6564
     762       1.0917
     763       0.7225
     764       0.8985
     765       0.6258
     766       0.6004
     767       0.7711
     768       0.8551
     769       0.9463
     770       1.0126
     771       1.3102
     772       1.0617
     773       0.6668
     774       0.8661
     775       1.0126
     776       0.7042
     777       0.8229
     778       0.6010
     779       0.5953
     780       0.7989
     781       0.8847
     782       1.2934
     783       1.2368
     784       1.0356
     785       1.0213
     786       1.1499
     787       1.4026
     788       1.0430
     789       0.8274
     790       0.9937
     791       0.7154
     792       0.9148
     793       0.6964
     794       0.7056
     795       1.3773
     796       1.1131
     797       0.9700
     798       1.1169
     799       0.8715
     800       1.1470
     801       0.7062
     802       0.5260
     803       0.5633
     804       0.6401
     805       0.6223
     806       0.8399
     807       0.8528
     808       0.7090
     809       0.7211
     810       1.0146
     811       0.5569
     812       0.7687
     813       0.7139
     814       0.6979
     815       0.6368
     816       0.8774
     817       0.7909
     818       0.8445
     819       0.8565
     820       1.0459
     821       0.8900
     822       0.7615
     823       1.1496
     824       0.9310
     825       0.6025
     826       0.8751
     827       0.7965
     828       0.7848
     829       0.6457
     830       0.8692
     831       1.1076
     832       1.1283
     833       1.1122
     834       0.9344
     835       0.7159
     836       0.9400
     837       0.6579
     838       0.6375
     839       1.0652
     840       0.8486
     841       0.7393
     842       1.1353
     843       1.0151
     844       0.7082
     845       0.9104
     846       0.8658
     847       0.5751
     848       0.7366
     849       0.8714
     850       0.6750
     851       0.7493
     852       0.8080
     853       0.7294
     854       0.6686
     855       0.8432
     856       1.1693
     857       0.9620
     858       0.7928
     859       0.9874
     860       1.0090
     861       0.9370
     862       0.9238
     863       0.7341
     864       0.8404
     865       1.0532
     866       0.7136
     867       0.5998
     868       0.6811
     869       0.8776
     870       0.5848
     871       0.7216
     872       0.7840
     873       0.7441
     874       0.9564
     875       0.8588
     876       1.0509
     877       0.8604
     878       0.7090
     879       0.7416
     880       0.7580
     881       0.5219
     882       0.6950
     883       0.9961
     884       1.2020
     885       1.1209
     886       0.9687
     887       0.8430
     888       0.7616
     889       0.8018
     890       0.9247
     891       0.7833
     892       0.8425
     893       0.8812
     894       0.9786
     895       0.7299
     896       1.0488
     897       0.8061
     898       1.1200
     899       0.8733
     900       1.2038
     901       0.8565
     902       0.8910
     903       0.7549
     904       0.8759
     905       0.9020
     906       0.9036
     907       0.6018
     908       0.8724
     909       0.7953
     910       0.8968
     911       0.8670
     912       0.7185
     913       0.5640
     914       0.6377
     915       0.5433
     916       0.5919
     917       0.5548
     918       0.7084
     919       0.8298
     920       1.0610
     921       0.8805
     922       0.8333
     923       0.8964
     924       0.5363
     925       0.8636
     926       0.8406
     927       0.8392
     928       0.5879
     929       0.6556
     930       0.5457
     931       0.7143
     932       0.7477
     933       0.7771
     934       0.8048
     935       0.9540
     936       0.7024
     937       0.6866
     938       0.8093
     939       0.8845
     940       0.6072
     941       0.8748
     942       0.8261
     943       0.6747
     944       0.8616
     945       0.6607
     946       0.8682
     947       0.7573
     948       0.5204
     949       0.5489
     950       0.6667
     951       1.0427
     952       0.7674
     953       0.6287
     954       0.8067
     955       0.7500
     956       1.0972
     957       0.6788
     958       0.6476
     959       0.7623
     960       1.1777
     961       0.6174
     962       0.9731
     963       0.7912
     964       0.7646
     965       1.2912
     966       1.0330
     967       1.0660
     968       1.1833
     969       1.1383
     970       0.9789
     971       0.8839
     972       1.2524
     973       1.3916
     974       0.9765
     975       0.3669
     976       1.1438
     977       1.2219
     978       1.0764
     979       0.7131
     980       0.6381
     981       0.6498
     982       0.8018
     983       0.9040
     984       0.8479
     985       0.8286
     986       0.7371
     987       0.5994
     988       0.7820
     989       0.7900
     990       0.7977
     991       0.7510
     992       1.0708
     993       0.7806
     994       0.9820
     995       1.0467
     996       1.1598
     997       1.0193
     998       1.0162
     999       0.7274
    1000       0.9668
    1001       0.7630
    1002       0.8561
    1003       0.9739
    1004       0.7251
    1005       0.5161
    1006       1.0339
    1007       0.8029
    1008       0.8342
    1009       0.6386
    1010       1.0250
    1011       0.7857
    1012       0.7119
    1013       1.1945
    1014       0.5784
    1015       0.6323
    1016       0.8878
    1017       0.7536
    1018       1.0361
    1019       0.7366
    1020       0.8076
    1021       0.9167
    1022       1.2737
    1023       1.3615
    1024       0.8541
    1025       0.9545
    1026       1.1121
    1027       0.9573
    1028       1.1168
    1029       0.8695
    1030       0.9125
    1031       1.0567
    1032       0.7546
    1033       0.9883
    1034       0.9383
    1035       0.8519
    1036       0.7059
    1037       0.6937
    1038       0.9181
    1039       1.1955
    1040       1.2750
    1041       0.9137
    1042       1.3413
    1043       0.9088
    1044       1.0578
    1045       0.7370
    1046       0.8181
    1047       0.8181
    1048       0.7185
    1049       0.7992
    1050       1.2227
    1051       0.6184
    1052       0.7263
    1053       0.7921
    1054       0.7864
    1055       0.5861
    1056       0.7573
    1057       0.9260
    1058       0.9906
    1059       0.9157
    1060       0.9297
    1061       1.0232
    1062       0.8124
    1063       0.7754
    1064       0.9144
    1065       0.7828
    1066       0.5990
    1067       0.7296
    1068       1.3146
    1069       0.8597
    1070       0.7078
    1071       0.8835
    1072       0.6821
    1073       0.7125
    1074       0.7885
    1075       0.8396
    1076       0.8625
    1077       0.7701
    1078       0.8717
    1079       0.9843
    1080       0.7483
    1081       0.4320
    1082       0.7148
    1083       0.9452
    1084       0.6963
    1085       0.7631
    1086       0.6830
    1087       0.9070
    1088       0.7990
    1089       0.9387
    1090       0.8714
    1091       1.1402
    1092       0.7515
    1093       0.7231
    1094       0.6290
    1095       0.7735
    1096       0.8713
    1097       0.6644
    1098       0.7167
    1099       0.6593
    1100       0.7671
    1101       0.4290
    1102       0.9584
    1103       0.5367
    1104       0.8225
    1105       0.8456
    1106       1.1002
    1107       0.8657
    1108       0.9119
    1109       0.8609
    1110       1.0223
    1111       1.0002
    1112       0.9539
    1113       0.9289
    1114       0.9097
    1115       1.0427
    1116       0.7802
    1117       1.0236
    1118       1.0491
    1119       1.0453
    1120       1.0889
    1121       0.8739
    1122       1.1146
    1123       0.8707
    1124       0.9779
    1125       1.0481
    1126       0.8816
    1127       1.3270
    1128       1.3450
    1129       0.9102
    1130       1.4131
    1131       1.2314
    1132       1.5243
    1133       1.2377
    1134       1.4378
    1135       0.8984
    1136       1.0341
    1137       0.8718
    1138       0.9328
    1139       1.0597
    1140       0.6146
    1141       1.1177
    1142       0.6013
    1143       0.7500
    1144       0.5526
    1145       0.9057
    1146       0.4954
    1147       0.5832
    1148       1.0300
    1149       0.7529
    1150       0.6500
    1151       0.6300
    1152       0.4453
    1153       1.0992
    1154       1.3470
    1155       0.9537
    1156       1.0160
    1157       1.0606
    1158       1.2107
    1159       0.7597
    1160       0.7651
    1161       0.8346
    1162       1.0461
    1163       0.7769
    1164       0.8250
    1165       1.0539
    1166       0.8703
    1167       1.0709
    1168       0.8106
    1169       1.3028
    1170       1.1741
    1171       1.0761
    1172       1.0515
    1173       1.1048
    1174       1.7050
    1175       1.1077
    1176       1.0759
    1177       1.0883
    1178       0.5299
    1179       0.8937
    1180       0.9320
    1181       0.7570
    1182       1.2633
    1183       0.7862
    1184       0.9634
    1185       1.1416
    1186       1.0851
    1187       1.1818
    1188       0.8783
    1189       0.9950
    1190       0.9749
    1191       1.1246
    1192       1.1322
    1193       0.7215
    1194       1.1006
    1195       1.0274
    1196       1.1213
    1197       0.8490
    1198       0.9709
    1199       1.0256
    1200       0.7071
    1201       0.6135
    1202       0.8105
    1203       0.6982
    1204       0.9575
    1205       0.9115
    1206       0.8116
    1207       0.7033
    1208       0.5189
    1209       0.6613
    1210       0.8391
    1211       0.5554
    1212       0.5986
    1213       0.7540
    1214       0.6594
    1215       0.9235
    1216       0.6233
    1217       0.3585
    1218       0.7245
    1219       0.5308
    1220       0.5805
    1221       0.6154
    1222       0.6249
    1223       0.8359
    1224       0.6640
    1225       0.6442
    1226       0.6846
    1227       0.8700
    1228       0.6673
    1229       0.6152
    1230       0.5875
    1231       0.6033
    1232       0.6666
    1233       0.4762
    1234       0.6831
    1235       0.4812
    1236       0.5582
    1237       0.6851
    1238       0.6777
    1239       0.6909
    1240       0.9930
    1241       0.5386
    1242       0.5205
    1243       0.7304
    1244       0.8315
    1245       0.6437
    1246       0.6179
    1247       0.9630
    1248       0.8002
    1249       0.8138
    1250       0.7495
    1251       0.8168
    1252       0.5623
    1253       0.8110
    1254       1.0137
    1255       0.6813
    1256       1.0243
    1257       0.8613
    1258       0.6639
    1259       0.8374
    1260       0.5943
    1261       0.8370
    1262       1.0412
    1263       0.8572
    1264       0.5631
    1265       0.7506
    1266       0.8152
    1267       0.8211
    1268       0.6296
    1269       0.8013
    1270       0.5257
    1271       0.8879
    1272       0.5540
    1273       0.7811
    1274       0.7555
    1275       0.6615
    1276       0.6668
    1277       0.6226
    1278       1.0426
    1279       0.5704
    1280       0.7031
    1281       0.7564
    1282       0.7659
    1283       1.1021
    1284       0.9008
    1285       0.8660
    1286       0.6310
    1287       0.5077
    1288       0.6965
    1289       0.8117
    1290       0.7931
    1291       0.4800
    1292       0.8404
    1293       0.8963
    1294       0.5764
    1295       0.9139
    1296       0.8243
    1297       0.6132
    1298       0.7401
    1299       0.8361
    1300       0.6897
    1301       0.6816
    1302       0.8520
    1303       0.5979
    1304       0.4936
    1305       0.6295
    1306       0.8625
    1307       0.7775
    1308       0.4644
    1309       0.4992
    1310       0.4766
    1311       0.4000
    1312       0.6210
    1313       1.0860
    1314       0.4650
    1315       0.5472
    1316       0.5621
    1317       0.5370
    1318       0.5228
    1319       0.7696
    1320       0.6551
    1321       0.5680
    1322       0.8502
    1323       0.6852
    1324       0.9436
    1325       0.8273
    1326       0.8003
    1327       1.2371
    1328       0.8315
    1329       0.9724
    1330       0.9786
    1331       0.8431
    1332       1.0793
    1333       1.1533
    1334       0.9769
    1335       1.0584
    1336       1.3381
    1337       0.9318
    1338       0.9898
    1339       1.1067
    1340       0.8689
    1341       0.7288
    1342       0.8083
    1343       0.6365
    1344       0.7239
    1345       0.8307
    1346       0.6992
    1347       0.5482
    1348       0.9844
    1349       1.3467
    1350       1.3957
    1351       0.8923
    1352       0.8301
    1353       0.8321
    1354       0.4998
    1355       0.8693
    1356       0.5612
    1357       0.6405
    1358       0.8485
    1359       1.1050
    1360       0.6763
    1361       0.6286
    1362       0.7412
    1363       0.8955
    1364       0.8733
    1365       0.9384
    1366       1.2285
    1367       0.7163
    1368       0.8868
    1369       0.9973
    1370       0.6842
    1371       0.8625
    1372       1.1199
    1373       0.7941
    1374       0.5937
    1375       0.9520
    1376       0.6799
    1377       0.9784
    1378       1.3412
    1379       1.2325
    1380       1.1478
    1381       0.6698
    1382       0.9024
    1383       0.8975
    1384       0.8790
    1385       1.1229
    1386       0.8456
    1387       0.9246
    1388       0.9002
    1389       0.7638
    1390       0.9127
    1391       0.5635
    1392       1.1343
    1393       1.0439
    1394       0.7864
    1395       0.8182
    1396       1.1012
    1397       0.6670
    1398       0.9983
    1399       0.7537
    1400       0.7855
    1401       0.6593
    1402       1.1792
    1403       0.9323
    1404       0.9443
    1405       1.0612
    1406       0.7813
    1407       0.7745
    1408       1.0290
    1409       0.5239
    1410       0.7671
    1411       0.6813
    1412       0.7599
    1413       1.1472
    1414       0.9909
    1415       0.7874
    1416       0.8520
    1417       0.8807
    1418       0.6894
    1419       0.5902
    1420       0.6482
    1421       0.8154
    1422       1.0231
    1423       0.7239
    1424       0.9110
    1425       0.6540
    1426       0.4787
    1427       0.6525
    1428       0.9508
    1429       0.6185
    1430       0.7353
    1431       0.8724
    1432       0.9822
    1433       0.5481
    1434       0.6708
    1435       0.7835
    1436       0.9190
    1437       0.6606
    1438       0.7638
    1439       0.5838
    1440       0.6598
    1441       1.1114
    1442       0.8949
    1443       0.9043
    1444       0.6555
    1445       0.8504
    1446       0.7152
    1447       1.0115
    1448       0.7707
    1449       0.9287
    1450       0.8501
    1451       1.0218
    1452       1.1074
    1453       0.6048
    1454       0.7540
    1455       0.7230
    1456       0.7875
    1457       0.7620
    1458       1.1862
    1459       1.5421
    1460       1.0624
    1461       0.8285
    1462       0.5858
    1463       0.3602
    1464       0.9452
    1465       0.8735
    1466       1.0969
    1467       1.2479
    1468       0.7862
    1469       1.0835
    1470       0.8309
    1471       0.9134
    1472       0.7799
    1473       0.7523
    1474       0.7979
    1475       0.6740
    1476       0.3705
    1477       0.8227
    1478       0.5647
    1479       0.4657
    1480       0.7218
    1481       0.6174
    1482       0.6717
    1483       0.8393
    1484       0.8691
    1485       0.6454
    1486       0.6130
    1487       0.9061
    1488       0.5398
    1489       0.6102
    1490       0.6114
    1491       0.4333
    1492       0.6192
    1493       0.9047
    1494       1.0295
    1495       0.8414
    1496       1.2295
    1497       1.5608
    1498       1.1051
    1499       0.9136
    1500       1.2026
    1501       1.6605
    1502       0.8259
    1503       0.6091
    1504       0.6722
    1505       0.9393
    1506       0.7602
    1507       0.5325
    1508       0.4953
    1509       0.9073
    1510       0.6321
    1511       0.7607
    1512       0.9688
    1513       1.0334
    1514       1.0170
    1515       1.0056
    1516       1.1173
    1517       0.7925
    1518       1.0756
    1519       0.8373
    1520       0.7437
    1521       0.8934
    1522       0.9253
    1523       0.9359
    1524       0.7172
    1525       0.8770
    1526       0.8669
    1527       1.0838
    1528       1.1089
    1529       1.1902
    1530       0.7712
    1531       0.9574
    1532       0.7783
    1533       0.6112
    1534       0.6193
    1535       0.6993
    1536       0.7588
    1537       0.6243
    1538       0.7452
    1539       0.9720
    1540       0.5752
    1541       0.7677
    1542       0.6963
    1543       0.8890
    1544       0.8895
    1545       1.2874
    1546       1.0728
    1547       1.1929
    1548       0.9684
    1549       0.9601
    1550       1.0047
    1551       1.1274
    1552       1.0657
    1553       1.0415
    1554       1.2024
    1555       1.0295
    1556       1.2327
    1557       1.2716
    1558       0.6445
    1559       0.9427
    1560       0.8530
    1561       1.1188
    1562       0.9087
    1563       0.9024
    1564       1.1277
    1565       0.9772
    1566       0.8146
    1567       1.1754
    1568       1.0647
    1569       0.9397
    1570       0.9276
    1571       0.7274
    1572       0.8233
    1573       0.5874
    1574       0.6058
    1575       0.6016
    1576       0.5423
    1577       0.4922
    1578       0.5645
    1579       0.5935
    1580       0.6430
    1581       0.6860
    1582       1.0384
    1583       0.8426
    1584       0.9901
    1585       1.3622
    1586       1.0670
    1587       0.8362
    1588       1.1483
    1589       0.9176
    1590       0.5315
    1591       0.9288
    1592       1.0991
    1593       1.1971
    1594       0.7425
    1595       1.1384
    1596       1.1196
    1597       1.1440
    1598       1.2374
    1599       0.8812
    1600       0.8942
    1601       1.0071
    1602       1.0917
    1603       0.8438
    1604       0.7913
    1605       0.7759
    1606       0.8982
    1607       1.3401
    1608       0.5247
    1609       0.4608
    1610       0.7139
    1611       0.8309
    1612       1.1956
    1613       0.7477
    1614       1.3866
    1615       1.3132
    1616       1.5228
    1617       1.1583
    1618       1.2997
    1619       1.0930
    1620       1.0676
    1621       1.2976
    1622       1.1597
    1623       0.9566
    1624       1.1596
    1625       0.7550
    1626       0.9660
    1627       1.3933
    1628       0.7799
    1629       1.2525
    1630       1.2795
    1631       1.4564
    1632       1.6413
    1633       1.1543
    1634       0.9729
    1635       1.5337
    1636       1.2819
    1637       1.1687
    1638       1.2093
    1639       1.1393
    1640       1.0143
    1641       1.2207
    1642       1.0042
    1643       0.9028
    1644       0.9926
    1645       1.2109
    1646       1.3456
    1647       1.3847
    1648       1.0526
    1649       1.2290
    1650       1.0012
    1651       1.3168
    1652       1.2742
    1653       1.2225
    1654       1.4458
    1655       1.1776
    1656       1.3975
    1657       1.3599
    1658       0.9285
    1659       1.1083
    1660       0.7427
    1661       0.8996
    1662       1.2287
    1663       0.8188
    1664       0.8724
    1665       0.9904
    1666       1.1970
    1667       1.0533
    1668       1.2548
    1669       0.9433
    1670       0.7920
    1671       1.2078
    1672       1.0937
    1673       0.9186
    1674       0.9201
    1675       0.6186
    1676       1.1897
    1677       0.9161
    1678       0.7311
    1679       0.7949
    1680       0.9255
    1681       0.6714
    1682       0.9116
    1683       0.8466
    1684       0.9661
    1685       1.3823
    1686       1.4567
    1687       1.2025
    1688       1.0329
    1689       0.6683
    1690       1.2336
    1691       1.4999
    1692       1.0815
    1693       1.1202
    1694       1.2129
    1695       1.2117
    1696       1.2080
    1697       0.8412
    1698       1.4177
    1699       0.9368
    1700       0.8119
    1701       1.1942
    1702       0.9220
    1703       0.7522
    1704       0.7351
    1705       1.3537
    1706       1.1920
    1707       1.1583
    1708       0.8680
    1709       0.7068
    1710       0.9767
    1711       0.6955
    1712       0.9653
    1713       0.6558
    1714       0.6287
    1715       0.8498
    1716       1.1184
    1717       0.9830
    1718       0.8216
    1719       0.6443
    1720       0.7956
    1721       0.7528
    1722       1.0986
    1723       0.5485
    1724       0.7797
    1725       0.8821
    1726       1.0385
    1727       1.3581
    1728       0.9662
    1729       1.1367
    1730       0.9875
    1731       1.3888
    1732       1.5694
    1733       1.3444
    1734       1.0884
    1735       1.2689
    1736       1.1892
    1737       1.0754
    1738       1.2578
    1739       1.4238
    1740       1.5119
    1741       1.7181
    1742       1.0069
    1743       1.5238
    1744       1.2532
    1745       1.2426
    1746       1.3827
    1747       1.2412
    1748       1.1789
    1749       1.3492
    1750       1.2883
    1751       1.2335
    1752       1.5947
    1753       1.2343
    1754       1.1668
    1755       1.1471
    1756       1.7359
    1757       1.4101
    1758       1.0469
    1759       1.2347
    1760       1.3778
    1761       1.5935
    1762       1.0396
    1763       1.0727
    1764       1.0760
    1765       0.8600
    1766       0.8967
    1767       0.9576
    1768       0.8922
    1769       0.7363
    1770       0.9254
    1771       0.7094
    1772       0.7007
    1773       0.8131
    1774       0.5082
    1775       0.7056
    1776       1.0450
    1777       0.8536
    1778       1.2950
    1779       1.2667
    1780       1.4189
    1781       1.2571
    1782       1.2272
    1783       1.1094
    1784       1.0333
    1785       1.1117
    1786       1.4279
    1787       0.8588
    1788       0.7390
    1789       0.8983
    1790       1.2702
    1791       0.5482
    1792       0.9062
    1793       1.1206
    1794       1.0168
    1795       1.0994
    1796       0.9172
    1797       0.8563
    1798       1.4714
    1799       1.0798
    1800       1.2325
    1801       1.3437
    1802       1.2076
    1803       1.0810
    1804       1.3066
    1805       1.2948
    1806       1.2585
    1807       1.3038
    1808       1.0849
    1809       1.0979
    1810       1.1179
    1811       1.1638
    1812       1.2402
    1813       1.1055
    1814       1.0458
    1815       1.1082
    1816       1.2583
    1817       1.2808
    1818       1.1544
    1819       1.7100
    1820       1.1934
    1821       1.1470
    1822       1.4489
    1823       1.4433
    1824       1.0664
    1825       1.2838
    1826       1.1668
    1827       1.8186
    1828       1.4150
    1829       1.1360
    1830       1.0517
    1831       1.2993
    1832       1.5898
    1833       1.2623
    1834       1.2495
    1835       1.3992
    1836       1.3970
    1837       1.1586
    1838       1.3044
    1839       1.2588
    1840       1.3793
    1841       1.2249
    1842       1.4014
    1843       1.6957
    1844       1.1543
    1845       1.3174
    1846       1.2274
    1847       1.3972
    1848       1.1987
    1849       1.0426
    1850       1.4151
    1851       1.0395
    1852       1.1053
    1853       0.9621
    1854       1.3945
    1855       1.5776
    1856       1.5751
    1857       1.1697
    1858       1.5607
    1859       1.5714
    1860       1.9441
    1861       1.6046
    1862       1.6518
    1863       1.0962
    1864       1.2767
    1865       1.4914
    1866       1.2930
    1867       1.2952
    1868       1.3060
    1869       1.3785
    1870       1.6442
    1871       1.7806
    1872       1.4430
    1873       1.4729
    1874       1.5114
    1875       1.6874
    1876       1.5569
    1877       1.0758
    1878       1.1558
    1879       1.2575
    1880       1.4389
    1881       1.1091
    1882       1.0637
    1883       1.4561
    1884       1.1820
    1885       1.5267
    1886       1.4320
    1887       1.4232
    1888       1.6023
    1889       1.8025
    1890       1.3155
    1891       1.4516
    1892       1.6159
    1893       1.6574
    1894       1.5071
    1895       1.5009
    1896       1.4333
    1897       1.2189
    1898       1.3431
    1899       1.1857
    1900       1.2066
    1901       1.1413
    1902       1.2472
    1903       1.2755
    1904       1.4757
    1905       1.6621
    1906       2.0362
    1907       1.5960
    1908       1.6755
    1909       1.4502
    1910       1.7118
    1911       1.4227
    1912       1.6835
    1913       1.4687
    1914       1.7072
    1915       1.6916
    1916       1.7454
    1917       1.4040
    1918       1.4947
    1919       1.3506
    1920       1.2230
    1921       1.4511
    1922       1.6405
    1923       1.5211
    1924       1.4956
    1925       1.4852
    1926       1.2597
    1927       1.2890
    1928       1.5415
    1929       1.5157
    1930       1.3688
    1931       1.3176
    1932       1.5245
    1933       1.6679
    1934       1.2524
    1935       1.2483
    1936       0.8620
    1937       1.1684
    1938       1.1234
    1939       1.6700
    1940       1.8950
    1941       1.3290
    1942       1.4399
    1943       1.5712
    1944       1.4593
    1945       1.2596
    1946       1.1431
    1947       1.4214
    1948       1.6274
    1949       0.8823
    1950       1.2842
    1951       1.5356
    1952       1.5029
    1953       1.3005
    1954       0.7502
    1955       1.1545
    1956       1.0991
    1957       1.0578
    1958       1.0596
    1959       0.8634
    1960       0.9198
    1961       1.1455
    1962       1.1629
    1963       1.4798
    1964       1.5172
    1965       1.2442
    1966       1.4943
    1967       1.5801
    1968       1.4176
    1969       1.6504
    1970       1.7529
    1971       1.3126
    1972       1.3501
    1973       1.5915
    1974       1.5420
    1975       1.1656
    1976       1.2626
    1977       1.0534
    1978       0.9518
    1979       1.3321
    1980       1.4114
    1981       0.8252
    1982       1.2731
    1983       1.3533
    1984       0.9912
    1985       1.0843
    1986       1.1129
    1987       1.0688
    1988       1.2660
    1989       1.3905
    1990       1.1720
    1991       1.1589
    1992       1.5061
    1993       1.3779
    1994       1.5213
    1995       1.3629
    1996       1.5539
    1997       1.5907
    1998       1.1842
    1999       1.5272
    2000       1.1602
