#Frame              d
       1      14.8345
       2      14.3407
       3      14.7451
       4      14.7531
       5      14.7247
       6      14.8508
       7      14.9761
       8      14.3610
       9      14.3110
      10      14.4667
      11      14.3708
      12      14.2749
      13      14.2898
      14      14.6436
      15      14.7823
      16      14.6380
      17      14.4437
      18      14.5105
      19      14.5317
      20      14.5140
      21      14.4245
      22      14.4739
      23      15.2518
      24      15.4364
      25      15.2801
      26      14.9004
      27      15.0437
      28      14.6646
      29      14.7767
      30      14.6289
      31      14.3140
      32      14.8245
      33      14.6251
      34      14.2368
      35      14.7887
      36      14.3292
      37      14.0261
      38      14.0453
      39      14.2202
      40      13.9733
      41      14.1746
      42      14.7259
      43      14.6432
      44      14.3986
      45      14.8086
      46      14.6603
      47      14.6524
      48      14.5496
      49      14.7116
      50      14.5069
      51      13.6198
      52      14.1408
      53      14.3297
      54      14.2875
      55      13.5064
      56      14.1849
      57      14.2635
      58      14.6322
      59      14.1830
      60      14.0127
      61      14.2562
      62      13.9129
      63      14.8169
      64      14.1666
      65      14.2577
      66      13.6091
      67      14.0875
      68      14.0001
      69      13.5959
      70      13.8230
      71      13.9098
      72      13.9672
      73      14.0229
      74      13.6536
      75      13.8832
      76      13.9523
      77      14.7592
      78      14.3677
      79      14.4170
      80      14.0624
      81      14.3588
      82      14.2766
      83      14.6561
      84      14.7634
      85      14.5500
      86      13.9213
      87      13.4935
      88      13.8644
      89      14.3329
      90      14.4658
      91      14.1413
      92      14.6582
      93      14.6267
      94      14.3204
      95      14.4409
      96      14.5998
      97      14.3895
      98      15.2448
      99      15.0863
     100      14.2696
     101      14.5429
     102      14.5752
     103      14.4894
     104      14.1531
     105      14.7357
     106      14.6669
     107      14.5319
     108      14.7471
     109      13.7253
     110      14.4048
     111      13.8284
     112      14.1578
     113      14.4639
     114      15.0308
     115      14.8180
     116      14.7509
     117      14.7659
     118      14.7011
     119      14.1524
     120      14.3120
     121      13.8353
     122      14.7450
     123      14.5859
     124      14.4991
     125      14.4759
     126      14.2114
     127      13.8242
     128      14.2454
     129      14.5272
     130      14.3113
     131      14.3989
     132      15.1583
     133      15.1497
     134      15.1726
     135      14.1423
     136      14.5347
     137      14.6966
     138      14.5798
     139      14.6248
     140      14.6887
     141      14.3338
     142      14.2585
     143      13.5611
     144      14.2845
     145      14.0552
     146      14.5609
     147      14.3555
     148      14.3727
     149      14.8919
     150      14.1134
     151      14.6980
     152      14.6484
     153      14.2463
     154      14.5041
     155      14.6750
     156      14.6585
     157      14.2524
     158      14.2580
     159      13.9544
     160      14.2914
     161      14.3887
     162      14.1964
     163      13.6810
     164      14.4996
     165      14.3322
     166      14.1707
     167      14.2208
     168      14.3349
     169      14.1767
     170      14.0836
     171      15.0186
     172      14.6343
     173      14.1495
     174      14.4381
     175      13.9743
     176      13.9677
     177      14.7852
     178      14.0290
     179      14.3142
     180      15.1109
     181      14.8008
     182      14.3491
     183      14.9134
     184      14.5377
     185      14.6606
     186      14.3931
     187      14.9643
     188      15.6434
     189      14.9233
     190      14.5491
     191      14.9280
     192      15.0558
     193      15.1056
     194      15.2736
     195      14.7005
     196      14.4546
     197      14.9115
     198      14.5368
     199      14.3170
     200      14.9577
     201      15.9110
     202      14.7037
     203      14.4870
     204      15.1060
     205      14.6894
     206      15.0430
     207      15.0834
     208      14.6731
     209      14.8214
     210      14.3981
     211      15.1629
     212      14.6205
     213      14.6803
     214      14.9287
     215      15.0661
     216      14.2234
     217      14.6750
     218      14.9204
     219      14.6139
     220      14.7482
     221      14.8646
     222      15.2142
     223      14.8977
     224      14.7576
     225      15.3225
     226      15.0743
     227      14.9448
     228      15.0847
     229      14.8700
     230      15.3158
     231      14.7121
     232      14.8246
     233      14.7265
     234      14.5170
     235      14.8686
     236      14.6998
     237      14.7914
     238      14.7868
     239      14.7517
     240      14.7243
     241      14.2726
     242      15.0193
     243      15.0153
     244      15.0096
     245      14.3224
     246      14.7859
     247      14.4871
     248      14.8778
     249      15.0062
     250      14.7840
     251      14.8578
     252      15.0836
     253      14.8305
     254      14.3883
     255      14.6140
     256      15.4016
     257      15.1109
     258      15.0958
     259      15.1473
     260      14.9937
     261      15.3182
     262      14.9594
     263      15.0758
     264      14.9248
     265      15.3900
     266      14.5143
     267      14.5785
     268      15.0338
     269      14.8507
     270      15.0102
     271      14.7001
     272      14.5724
     273      14.8705
     274      14.7986
     275      15.0874
     276      15.1920
     277      14.9197
     278      14.7802
     279      14.7817
     280      14.5464
     281      14.5207
     282      14.4311
     283      14.6330
     284      14.7034
     285      14.4501
     286      14.5730
     287      15.0762
     288      14.8848
     289      14.7810
     290      15.0822
     291      14.9110
     292      15.1587
     293      14.8101
     294      15.2813
     295      14.7863
     296      14.9378
     297      15.3142
     298      14.8242
     299      15.0707
     300      14.6781
     301      15.0360
     302      14.6523
     303      14.5917
     304      14.1362
     305      14.7822
     306      14.3820
     307      14.4636
     308      15.1159
     309      14.5093
     310      14.4152
     311      14.3579
     312      15.0420
     313      14.4901
     314      14.7886
     315      14.8900
     316      15.2868
     317      15.1149
     318      15.0946
     319      15.2172
     320      14.9750
     321      14.7786
     322      14.7959
     323      14.7773
     324      14.7010
     325      14.5130
     326      14.1269
     327      14.1066
     328      13.8269
     329      14.7256
     330      14.1091
     331      15.4182
     332      14.0595
     333      14.2893
     334      14.4022
     335      14.8375
     336      14.7219
     337      15.0780
     338      14.4576
     339      14.5411
     340      14.8013
     341      14.0010
     342      14.8978
     343      14.6008
     344      14.7348
     345      14.9576
     346      15.0373
     347      14.8088
     348      15.0880
     349      14.6539
     350      15.0398
     351      14.8964
     352      14.8298
     353      14.9204
     354      15.3529
     355      14.8313
     356      15.1361
     357      14.6621
     358      14.7932
     359      15.2317
     360      14.9448
     361      14.8957
     362      14.4993
     363      14.9809
     364      15.0729
     365      14.7993
     366      14.9338
     367      15.0486
     368      15.0741
     369      14.9725
     370      15.6925
     371      15.3214
     372      15.3961
     373      15.2444
     374      15.5852
     375      15.5594
     376      15.2467
     377      14.9481
     378      15.0916
     379      14.6925
     380      15.4643
     381      14.9265
     382      14.8595
     383      14.8922
     384      14.9026
     385      14.8424
     386      14.7852
     387      15.1018
     388      14.9063
     389      14.6631
     390      14.2392
     391      14.3669
     392      14.4591
     393      15.0513
     394      15.3288
     395      14.8099
     396      15.0621
     397      14.8924
     398      14.6761
     399      14.9707
     400      14.9271
     401      14.6622
     402      14.5267
     403      15.1775
     404      15.1672
     405      14.8809
     406      14.7018
     407      14.8349
     408      14.7652
     409      14.6754
     410      14.9051
     411      14.8735
     412      13.9044
     413      15.2187
     414      15.4519
     415      15.4316
     416      15.2156
     417      15.0058
     418      14.9242
     419      14.8392
     420      14.9645
     421      14.7580
     422      14.6963
     423      14.7038
     424      14.2247
     425      14.9769
     426      14.8361
     427      14.7545
     428      14.7497
     429      15.0819
     430      15.2144
     431      14.9806
     432      15.2258
     433      15.5938
     434      15.0425
     435      15.2413
     436      15.3418
     437      14.5441
     438      14.6165
     439      14.9881
     440      15.2484
     441      14.8529
     442      15.1901
     443      15.4843
     444      14.8059
     445      14.3863
     446      14.5196
     447      14.8947
     448      14.7661
     449      15.2490
     450      15.2963
     451      15.4909
     452      15.0514
     453      14.7289
     454      14.8128
     455      15.0295
     456      15.4964
     457      14.9032
     458      15.4004
     459      15.4076
     460      15.0380
     461      14.5884
     462      14.7747
     463      14.9491
     464      14.6170
     465      14.5983
     466      14.8212
     467      15.2475
     468      14.7707
     469      14.6902
     470      14.8825
     471      14.8408
     472      15.0058
     473      14.6821
     474      15.3040
     475      14.8730
     476      14.7708
     477      14.8852
     478      15.0915
     479      14.7851
     480      14.9591
     481      14.8824
     482      15.1993
     483      15.4294
     484      14.6592
     485      15.6422
     486      14.6746
     487      15.4769
     488      15.3587
     489      15.3941
     490      15.5682
     491      14.9339
     492      15.2861
     493      15.3133
     494      15.1326
     495      15.0896
     496      15.1518
     497      14.9357
     498      14.4015
     499      14.6660
     500      14.8028
     501      14.8880
     502      14.4606
     503      14.7783
     504      15.1348
     505      14.5226
     506      14.8446
     507      14.2998
     508      14.4824
     509      14.9637
     510      14.8635
     511      14.6600
     512      14.6615
     513      14.6028
     514      14.5388
     515      14.6902
     516      14.4746
     517      15.0532
     518      14.5200
     519      14.7049
     520      14.8278
     521      14.4449
     522      15.1249
     523      14.9132
     524      14.6935
     525      14.5355
     526      14.7439
     527      14.9566
     528      15.0530
     529      15.0777
     530      15.0039
     531      14.8916
     532      15.2352
     533      15.2174
     534      14.2837
     535      14.4482
     536      14.7063
     537      14.8106
     538      14.5151
     539      14.6136
     540      15.0296
     541      14.8755
     542      14.6572
     543      14.7894
     544      15.1671
     545      14.8888
     546      14.9945
     547      14.8289
     548      14.8597
     549      14.7171
     550      15.0996
     551      14.8713
     552      15.3137
     553      14.9127
     554      15.1885
     555      14.9338
     556      14.8230
     557      14.6634
     558      15.1917
     559      15.0661
     560      15.6102
     561      14.6913
     562      14.8571
     563      14.4909
     564      14.9812
     565      15.1721
     566      14.7131
     567      15.5224
     568      14.5589
     569      14.9179
     570      15.3175
     571      15.0162
     572      15.2325
     573      14.7847
     574      14.6388
     575      14.7354
     576      14.6787
     577      14.6114
     578      14.8961
     579      14.2671
     580      14.5070
     581      14.5717
     582      15.0640
     583      14.5466
     584      14.8015
     585      14.4045
     586      14.4190
     587      14.1722
     588      14.3727
     589      14.4591
     590      15.0122
     591      14.4471
     592      14.1074
     593      14.5283
     594      14.4738
     595      14.4580
     596      14.4126
     597      14.5253
     598      14.9316
     599      14.8193
     600      14.6651
     601      15.2753
     602      15.3634
     603      14.7738
     604      14.8823
     605      14.8983
     606      15.5110
     607      14.9807
     608      14.8489
     609      14.8783
     610      14.9466
     611      15.1416
     612      14.6187
     613      15.1358
     614      14.6333
     615      14.7679
     616      14.4794
     617      14.1750
     618      14.9854
     619      15.0015
     620      14.9964
     621      14.4643
     622      14.7935
     623      14.4516
     624      14.7480
     625      14.4894
     626      14.9600
     627      14.3739
     628      14.2676
     629      14.4664
     630      14.8773
     631      14.6557
     632      14.8090
     633      14.4942
     634      14.5599
     635      14.6738
     636      14.4986
     637      14.4688
     638      14.7368
     639      14.8515
     640      14.7918
     641      14.9787
     642      14.7939
     643      14.4663
     644      14.6648
     645      14.7188
     646      15.0903
     647      15.0828
     648      14.4214
     649      14.9668
     650      14.5892
     651      15.0932
     652      15.6606
     653      14.9265
     654      15.1261
     655      14.6247
     656      14.7774
     657      14.3597
     658      14.5387
     659      14.4751
     660      15.0581
     661      14.5551
     662      14.7184
     663      14.8704
     664      15.0272
     665      14.4065
     666      14.5397
     667      14.5418
     668      14.5121
     669      14.8217
     670      14.9997
     671      15.0307
     672      14.8074
     673      15.1876
     674      14.4745
     675      14.3916
     676      15.0139
     677      14.8117
     678      14.6927
     679      14.9040
     680      14.7920
     681      15.1685
     682      14.9777
     683      14.6089
     684      14.9755
     685      15.0640
     686      14.8127
     687      14.7751
     688      14.8130
     689      14.9952
     690      14.5879
     691      14.5732
     692      14.3447
     693      14.3129
     694      15.0771
     695      14.3889
     696      14.6369
     697      14.5599
     698      14.7576
     699      14.7655
     700      15.0824
     701      15.2389
     702      14.8407
     703      14.5187
     704      14.5262
     705      14.8923
     706      14.6617
     707      14.6399
     708      14.0790
     709      14.6230
     710      15.2494
     711      14.8054
     712      14.9337
     713      14.7776
     714      14.8520
     715      15.1029
     716      15.1133
     717      14.2785
     718      14.9332
     719      14.5304
     720      14.7191
     721      14.2219
     722      14.5084
     723      14.7879
     724      14.5861
     725      14.6290
     726      15.1185
     727      15.3163
     728      15.0978
     729      15.0588
     730      15.3150
     731      14.6647
     732      14.7170
     733      14.4853
     734      15.1212
     735      14.9205
     736      15.3593
     737      15.2869
     738      14.9810
     739      14.9111
     740      15.1948
     741      15.1758
     742      14.7538
     743      15.0265
     744      14.4055
     745      14.5913
     746      14.6803
     747      15.0953
     748      15.3379
     749      14.6565
     750      14.6782
     751      14.8958
     752      15.2356
     753      15.2030
     754      14.8162
     755      15.1704
     756      14.5187
     757      14.9801
     758      14.3859
     759      14.5626
     760      15.0152
     761      14.8643
     762      14.5064
     763      14.2254
     764      14.4676
     765      14.4397
     766      14.8754
     767      14.5415
     768      14.7253
     769      14.6342
     770      14.6329
     771      15.0299
     772      14.5311
     773      14.2850
     774      14.4727
     775      14.7923
     776      14.6964
     777      15.0368
     778      14.4444
     779      14.5847
     780      14.2484
     781      14.5809
     782      14.1875
     783      14.2944
     784      14.2606
     785      14.3382
     786      14.3113
     787      14.4883
     788      14.2983
     789      14.3599
     790      14.6012
     791      15.1545
     792      14.9936
     793      14.7594
     794      14.4298
     795      14.7494
     796      14.6181
     797      14.9184
     798      14.8680
     799      14.3604
     800      14.8585
     801      14.1812
     802      15.0059
     803      14.7444
     804      14.9930
     805      14.7975
     806      14.8159
     807      14.7338
     808      14.7912
     809      14.4828
     810      14.8616
     811      14.7156
     812      14.8697
     813      14.5965
     814      14.4041
     815      14.6255
     816      14.5863
     817      14.8837
     818      14.6376
     819      15.0813
     820      15.1180
     821      14.8876
     822      15.2666
     823      15.0867
     824      14.9845
     825      14.8461
     826      14.8548
     827      14.1493
     828      14.5927
     829      14.4193
     830      14.9592
     831      14.8765
     832      15.2218
     833      14.9660
     834      15.4166
     835      15.0178
     836      14.7431
     837      14.5495
     838      14.5748
     839      14.6892
     840      15.1891
     841      14.8023
     842      15.1777
     843      14.6845
     844      14.5853
     845      14.6704
     846      14.7122
     847      14.7852
     848      14.3215
     849      14.9152
     850      14.7114
     851      14.9767
     852      14.8750
     853      14.7093
     854      14.6302
     855      14.5773
     856      14.6699
     857      14.8015
     858      14.5618
     859      14.6256
     860      14.5762
     861      14.9094
     862      14.7414
     863      15.0656
     864      14.9679
     865      14.8302
     866      14.8652
     867      14.3759
     868      15.1717
     869      15.3739
     870      14.6914
     871      14.7365
     872      14.8481
     873      14.7814
     874      14.9580
     875      14.9436
     876      14.6194
     877      14.6778
     878      14.7748
     879      15.1672
     880      14.8306
     881      14.7913
     882      14.7174
     883      15.0687
     884      14.9062
     885      14.7747
     886      15.1990
     887      14.9479
     888      14.7680
     889      14.9663
     890      14.9221
     891      14.7812
     892      14.5750
     893      15.3277
     894      14.9413
     895      14.8842
     896      15.3364
     897      14.7216
     898      15.0801
     899      15.2976
     900      15.0830
     901      15.1008
     902      14.3296
     903      14.9737
     904      15.1528
     905      14.7349
     906      14.7705
     907      14.7166
     908      14.8069
     909      14.7095
     910      15.1388
     911      14.7006
     912      14.8227
     913      14.5228
     914      14.5581
     915      14.7890
     916      14.7611
     917      14.6595
     918      14.9335
     919      14.4451
     920      14.3675
     921      14.3277
     922      14.5324
     923      14.6776
     924      14.9182
     925      14.4100
     926      14.9078
     927      15.1060
     928      15.1149
     929      14.4950
     930      14.8224
     931      14.6719
     932      15.1460
     933      15.0979
     934      14.9992
     935      14.6114
     936      14.7329
     937      14.8632
     938      14.8508
     939      14.4242
     940      14.3761
     941      14.5584
     942      14.7570
     943      15.2684
     944      15.0934
     945      14.4523
     946      15.1272
     947      14.7718
     948      14.6797
     949      14.7816
     950      14.4847
     951      15.1031
     952      14.4378
     953      14.2050
     954      15.2762
     955      14.7695
     956      14.7413
     957      14.7132
     958      14.8401
     959      14.9503
     960      14.8035
     961      15.2835
     962      15.4960
     963      14.6848
     964      14.6038
     965      15.0420
     966      14.7989
     967      14.9390
     968      15.0305
     969      14.9813
     970      15.2685
     971      14.8592
     972      14.9146
     973      14.2553
     974      14.8150
     975      14.5924
     976      14.6453
     977      14.7765
     978      14.4251
     979      14.8593
     980      14.4073
     981      14.8424
     982      14.4658
     983      14.5957
     984      14.5994
     985      14.8273
     986      14.6998
     987      14.0275
     988      14.9546
     989      14.4539
     990      15.0770
     991      15.0684
     992      15.2613
     993      14.4622
     994      14.8028
     995      14.2194
     996      14.7808
     997      14.7953
     998      14.9199
     999      15.0089
    1000      15.0031
    1001      14.3441
    1002      14.8421
    1003      14.7407
    1004      14.8408
    1005      14.5718
    1006      15.0126
    1007      14.7216
    1008      14.3650
    1009      14.7121
    1010      14.7722
    1011      15.0637
    1012      14.8775
    1013      14.6452
    1014      15.0897
    1015      15.1404
    1016      14.8288
    1017      15.0475
    1018      14.7958
    1019      14.5871
    1020      14.7152
    1021      15.3335
    1022      15.2054
    1023      15.3579
    1024      14.6575
    1025      14.8052
    1026      14.9225
    1027      15.0101
    1028      14.7796
    1029      14.8834
    1030      15.0360
    1031      14.6799
    1032      14.8631
    1033      14.7691
    1034      14.8316
    1035      14.7167
    1036      14.7628
    1037      14.6899
    1038      14.3621
    1039      14.7402
    1040      14.2980
    1041      15.1824
    1042      15.0129
    1043      14.3783
    1044      14.6111
    1045      14.8357
    1046      14.6556
    1047      14.9327
    1048      14.7780
    1049      14.3583
    1050      14.4461
    1051      14.0516
    1052      14.5883
    1053      14.8235
    1054      14.6509
    1055      14.5470
    1056      14.3295
    1057      14.6175
    1058      14.8033
    1059      14.5671
    1060      14.5944
    1061      14.6855
    1062      14.5867
    1063      15.1820
    1064      14.5481
    1065      14.9256
    1066      14.8635
    1067      14.5760
    1068      14.8389
    1069      14.5951
    1070      14.8441
    1071      14.8895
    1072      14.8408
    1073      14.3931
    1074      14.5628
    1075      14.9218
    1076      14.2014
    1077      15.1171
    1078      15.2588
    1079      15.1817
    1080      15.0591
    1081      14.8721
    1082      14.9611
    1083      14.9325
    1084      14.9172
    1085      14.8019
    1086      14.6008
    1087      14.8826
    1088      15.1692
    1089      15.1022
    1090      14.8589
    1091      15.1624
    1092      14.8988
    1093      15.2663
    1094      14.5529
    1095      15.2254
    1096      14.8598
    1097      14.7111
    1098      14.8051
    1099      14.7583
    1100      14.5720
    1101      14.7208
    1102      14.2052
    1103      14.8576
    1104      14.7554
    1105      14.4961
    1106      14.5064
    1107      15.1741
    1108      14.8985
    1109      15.1859
    1110      14.5091
    1111      14.8904
    1112      14.8557
    1113      14.8614
    1114      14.1616
    1115      14.6397
    1116      14.7091
    1117      14.3889
    1118      15.0200
    1119      14.1660
    1120      14.5466
    1121      13.8686
    1122      14.4961
    1123      14.4261
    1124      14.8936
    1125      14.2640
    1126      14.7556
    1127      14.7208
    1128      14.9674
    1129      14.8275
    1130      14.5333
    1131      14.5370
    1132      14.7925
    1133      14.1446
    1134      14.7432
    1135      14.6704
    1136      14.6714
    1137      14.5603
    1138      14.6023
    1139      14.5290
    1140      14.2675
    1141      14.8126
    1142      14.7892
    1143      14.8086
    1144      15.1696
    1145      14.6999
    1146      14.5870
    1147      14.4246
    1148      14.0945
    1149      14.5721
    1150      14.4473
    1151      14.1732
    1152      14.3329
    1153      14.2090
    1154      14.0459
    1155      14.3613
    1156      14.4293
    1157      14.3563
    1158      14.3793
    1159      14.4501
    1160      13.8138
    1161      14.4189
    1162      14.2712
    1163      14.0173
    1164      14.4270
    1165      14.1839
    1166      14.2679
    1167      14.5503
    1168      14.1601
    1169      14.2560
    1170      14.4631
    1171      14.4215
    1172      14.5464
    1173      14.3605
    1174      14.8127
    1175      13.8132
    1176      13.7021
    1177      13.8562
    1178      14.1182
    1179      14.1735
    1180      13.9514
    1181      13.8999
    1182      14.1571
    1183      14.5778
    1184      14.2728
    1185      14.4586
    1186      14.3400
    1187      14.3712
    1188      14.0194
    1189      14.1681
    1190      14.3987
    1191      14.4861
    1192      14.2437
    1193      14.0871
    1194      13.9211
    1195      14.2658
    1196      14.1387
    1197      14.3341
    1198      13.9580
    1199      14.2049
    1200      14.1135
    1201      14.1953
    1202      14.3309
    1203      14.1660
    1204      14.3644
    1205      14.6185
    1206      14.3868
    1207      13.9952
    1208      13.9964
    1209      14.1648
    1210      14.4545
    1211      14.2469
    1212      14.1634
    1213      13.8855
    1214      13.6147
    1215      13.8982
    1216      14.8352
    1217      14.7937
    1218      14.3904
    1219      14.9210
    1220      14.9551
    1221      15.3283
    1222      14.8211
    1223      14.3330
    1224      14.4832
    1225      14.6432
    1226      14.5833
    1227      14.4712
    1228      14.6340
    1229      14.4585
    1230      15.1578
    1231      14.7716
    1232      14.8344
    1233      14.7094
    1234      14.2569
    1235      14.1049
    1236      14.1891
    1237      14.4922
    1238      14.4363
    1239      14.3899
    1240      14.4109
    1241      14.4924
    1242      15.1874
    1243      14.5022
    1244      14.4143
    1245      14.5849
    1246      14.7327
    1247      14.1157
    1248      14.7816
    1249      14.4084
    1250      14.5667
    1251      14.4078
    1252      14.2865
    1253      14.5224
    1254      14.3986
    1255      14.4908
    1256      14.7899
    1257      14.8980
    1258      14.2310
    1259      14.1668
    1260      14.1423
    1261      14.2682
    1262      14.1729
    1263      14.6914
    1264      14.1007
    1265      14.3738
    1266      14.2089
    1267      14.1830
    1268      14.4284
    1269      14.4520
    1270      14.1238
    1271      14.6329
    1272      14.6008
    1273      14.2922
    1274      14.5016
    1275      14.6160
    1276      14.9502
    1277      14.6809
    1278      13.9079
    1279      14.6111
    1280      14.4299
    1281      14.6602
    1282      14.5826
    1283      14.3969
    1284      14.8531
    1285      14.1860
    1286      14.3316
    1287      14.8836
    1288      14.6889
    1289      14.8164
    1290      14.4266
    1291      14.5447
    1292      14.6341
    1293      14.6688
    1294      14.4585
    1295      14.3065
    1296      14.6732
    1297      14.6297
    1298      14.7882
    1299      14.8702
    1300      14.4582
    1301      14.5324
    1302      14.4071
    1303      14.7495
    1304      14.5445
    1305      14.7443
    1306      14.7213
    1307      14.6086
    1308      14.6731
    1309      14.2082
    1310      14.1334
    1311      14.6549
    1312      15.0501
    1313      14.6232
    1314      14.8223
    1315      14.7696
    1316      14.5125
    1317      14.0061
    1318      14.6343
    1319      14.4479
    1320      14.7535
    1321      14.4771
    1322      15.2539
    1323      14.7769
    1324      14.3657
    1325      14.4719
    1326      14.4807
    1327      14.5005
    1328      14.6163
    1329      14.5815
    1330      14.3520
    1331      15.0629
    1332      14.3528
    1333      14.8158
    1334      14.8946
    1335      14.2751
    1336      14.4656
    1337      14.6532
    1338      14.2422
    1339      14.5612
    1340      14.8597
    1341      14.4855
    1342      14.7283
    1343      14.9268
    1344      14.6695
    1345      14.5854
    1346      14.3178
    1347      13.7637
    1348      13.7708
    1349      14.6890
    1350      14.2939
    1351      14.3415
    1352      14.1954
    1353      14.9078
    1354      14.4878
    1355      14.5881
    1356      14.2546
    1357      14.6197
    1358      14.6314
    1359      14.8603
    1360      14.6315
    1361      14.3810
    1362      14.5795
    1363      14.3266
    1364      14.2054
    1365      14.6652
    1366      14.4095
    1367      14.1003
    1368      14.6427
    1369      14.3968
    1370      14.4829
    1371      14.6347
    1372      14.3031
    1373      14.2947
    1374      14.1133
    1375      14.0303
    1376      14.3764
    1377      14.9208
    1378      14.3802
    1379      14.6603
    1380      14.5608
    1381      15.0905
    1382      14.3777
    1383      14.6487
    1384      14.4649
    1385      14.7701
    1386      14.5962
    1387      14.3177
    1388      14.8530
    1389      14.6024
    1390      14.4611
    1391      14.6985
    1392      15.3259
    1393      14.6248
    1394      14.6213
    1395      14.4836
    1396      14.6218
    1397      14.8168
    1398      15.1018
    1399      14.7299
    1400      14.2134
    1401      14.2867
    1402      14.7623
    1403      14.7184
    1404      14.8271
    1405      14.1546
    1406      14.3706
    1407      14.5053
    1408      14.9146
    1409      14.9293
    1410      15.1157
    1411      14.8907
    1412      14.8354
    1413      14.8325
    1414      14.4416
    1415      14.8558
    1416      14.6552
    1417      14.5655
    1418      14.7897
    1419      14.8432
    1420      14.5088
    1421      15.0414
    1422      14.4200
    1423      14.5695
    1424      14.8525
    1425      14.7250
    1426      15.1991
    1427      15.1047
    1428      15.1207
    1429      14.5620
    1430      15.1475
    1431      14.2449
    1432      14.6051
    1433      14.9760
    1434      15.0581
    1435      14.8595
    1436      15.2062
    1437      14.3959
    1438      14.6776
    1439      14.6823
    1440      14.9053
    1441      14.9384
    1442      14.6797
    1443      14.7937
    1444      14.8135
    1445      14.6773
    1446      14.7566
    1447      14.8701
    1448      14.7036
    1449      14.9841
    1450      14.7242
    1451      14.9736
    1452      14.8277
    1453      14.7832
    1454      14.9237
    1455      14.7445
    1456      14.8579
    1457      14.1008
    1458      15.1757
    1459      14.8800
    1460      14.5351
    1461      14.6502
    1462      14.6825
    1463      14.5003
    1464      14.4633
    1465      14.5543
    1466      15.0227
    1467      14.8594
    1468      14.7132
    1469      14.5052
    1470      14.5162
    1471      14.7100
    1472      14.9586
    1473      14.3213
    1474      14.3905
    1475      14.7102
    1476      14.7515
    1477      15.3560
    1478      14.8138
    1479      14.4347
    1480      14.4984
    1481      14.4432
    1482      14.8392
    1483      14.7170
    1484      14.5287
    1485      14.8080
    1486      14.8509
    1487      14.4625
    1488      14.7022
    1489      14.5054
    1490      13.9543
    1491      14.4358
    1492      14.6524
    1493      14.3471
    1494      14.4421
    1495      14.3015
    1496      14.0959
    1497      14.0763
    1498      14.3452
    1499      14.4565
    1500      14.5775
    1501      14.6604
    1502      14.6906
    1503      14.0607
    1504      14.0551
    1505      14.4976
    1506      14.1237
    1507      14.6182
    1508      13.9692
    1509      14.4105
    1510      13.8209
    1511      14.2751
    1512      14.4618
    1513      14.8415
    1514      14.1702
    1515      14.4659
    1516      14.9550
    1517      14.6401
    1518      13.6927
    1519      14.0037
    1520      14.7411
    1521      14.3788
    1522      14.5346
    1523      14.6852
    1524      14.3263
    1525      14.3177
    1526      14.3978
    1527      14.8371
    1528      14.6358
    1529      14.6416
    1530      14.8533
    1531      14.3942
    1532      14.6288
    1533      14.9131
    1534      14.4964
    1535      14.4178
    1536      14.3156
    1537      14.2201
    1538      14.3013
    1539      14.5956
    1540      14.3387
    1541      14.1062
    1542      14.6436
    1543      14.4259
    1544      14.4255
    1545      14.4670
    1546      14.8607
    1547      14.6861
    1548      14.6186
    1549      14.1430
    1550      14.8924
    1551      14.5609
    1552      14.8110
    1553      14.3386
    1554      14.8673
    1555      14.3138
    1556      14.5598
    1557      14.1042
    1558      14.7326
    1559      14.8822
    1560      14.6017
    1561      14.6097
    1562      14.3628
    1563      14.6563
    1564      14.4404
    1565      14.5013
    1566      14.3132
    1567      14.3109
    1568      14.1437
    1569      14.2795
    1570      14.5790
    1571      14.2629
    1572      14.4390
    1573      14.9117
    1574      14.2171
    1575      14.7154
    1576      14.7576
    1577      14.4999
    1578      14.1033
    1579      14.9830
    1580      14.9539
    1581      14.3214
    1582      14.6461
    1583      14.7294
    1584      14.7466
    1585      15.1333
    1586      14.4496
    1587      14.9626
    1588      14.7521
    1589      14.3837
    1590      14.8490
    1591      14.5487
    1592      14.7772
    1593      14.5018
    1594      14.7847
    1595      14.4885
    1596      14.9829
    1597      14.2729
    1598      14.7180
    1599      14.9203
    1600      14.6001
    1601      14.9783
    1602      14.7207
    1603      15.0452
    1604      14.5779
    1605      14.2476
    1606      14.9232
    1607      14.5753
    1608      15.0291
    1609      14.5402
    1610      14.3264
    1611      14.4347
    1612      14.5380
    1613      14.7780
    1614      14.3160
    1615      14.4705
    1616      15.0901
    1617      14.7728
    1618      14.4161
    1619      14.4122
    1620      14.2406
    1621      14.1480
    1622      14.3681
    1623      14.7147
    1624      14.3234
    1625      14.4234
    1626      14.5223
    1627      14.2384
    1628      14.4041
    1629      14.6042
    1630      14.4342
    1631      14.6255
    1632      14.0451
    1633      15.0728
    1634      14.6451
    1635      14.7302
    1636      15.1844
    1637      14.5984
    1638      14.7934
    1639      14.5642
    1640      14.8608
    1641      15.1069
    1642      14.8055
    1643      14.7502
    1644      14.9984
    1645      14.4766
    1646      14.7009
    1647      14.2154
    1648      14.7750
    1649      14.6507
    1650      14.1388
    1651      14.6064
    1652      15.0459
    1653      15.1951
    1654      15.1570
    1655      14.7955
    1656      14.2449
    1657      14.8362
    1658      14.0677
    1659      14.1331
    1660      14.6039
    1661      14.4891
    1662      14.1205
    1663      14.6548
    1664      15.3739
    1665      14.4784
    1666      13.9677
    1667      14.4477
    1668      14.4617
    1669      14.4982
    1670      14.9256
    1671      14.8003
    1672      14.7456
    1673      14.9449
    1674      14.6067
    1675      14.6178
    1676      14.4634
    1677      14.5889
    1678      14.9971
    1679      14.9684
    1680      14.6147
    1681      14.2784
    1682      14.0102
    1683      14.5778
    1684      14.4443
    1685      14.4620
    1686      13.9902
    1687      13.9570
    1688      14.6567
    1689      14.6662
    1690      14.8903
    1691      14.2252
    1692      14.3000
    1693      13.9489
    1694      14.3005
    1695      14.2655
    1696      14.5224
    1697      14.3211
    1698      14.8071
    1699      14.6117
    1700      14.7155
    1701      14.4443
    1702      14.8845
    1703      14.2263
    1704      14.4998
    1705      13.6429
    1706      14.3064
    1707      14.6959
    1708      14.8649
    1709      14.9540
    1710      14.3574
    1711      14.5720
    1712      15.0765
    1713      14.8193
    1714      14.3522
    1715      15.1016
    1716      14.5869
    1717      14.8114
    1718      15.1106
    1719      14.6551
    1720      14.8442
    1721      14.5264
    1722      15.0544
    1723      14.6949
    1724      14.6174
    1725      14.6694
    1726      14.7582
    1727      14.5569
    1728      14.5697
    1729      14.3331
    1730      13.8830
    1731      13.8576
    1732      14.3590
    1733      13.9842
    1734      14.1934
    1735      14.5030
    1736      14.3297
    1737      13.9449
    1738      14.3782
    1739      13.7783
    1740      14.0280
    1741      13.9209
    1742      14.5855
    1743      14.3202
    1744      14.4440
    1745      13.8743
    1746      14.4172
    1747      14.2552
    1748      14.4310
    1749      14.3171
    1750      14.3347
    1751      14.4571
    1752      14.1074
    1753      14.2052
    1754      14.6168
    1755      14.4594
    1756      13.8708
    1757      14.0383
    1758      14.5158
    1759      14.6459
    1760      14.2237
    1761      14.1511
    1762      14.4964
    1763      14.3358
    1764      14.4864
    1765      14.5548
    1766      14.4840
    1767      14.3217
    1768      14.2510
    1769      14.5269
    1770      14.5107
    1771      14.3284
    1772      14.3886
    1773      13.8314
    1774      13.5034
    1775      14.4673
    1776      14.2690
    1777      14.2911
    1778      14.0851
    1779      14.2489
    1780      14.2589
    1781      14.3224
    1782      13.8716
    1783      13.9189
    1784      14.5642
    1785      14.0995
    1786      14.1727
    1787      14.3976
    1788      14.0201
    1789      14.6042
    1790      14.3372
    1791      14.1768
    1792      14.7800
    1793      14.3458
    1794      14.2122
    1795      14.7543
    1796      14.4388
    1797      14.7233
    1798      14.2183
    1799      14.3261
    1800      15.2978
    1801      14.8933
    1802      14.8934
    1803      15.2324
    1804      14.9873
    1805      14.9659
    1806      14.5565
    1807      14.5713
    1808      14.2305
    1809      14.4762
    1810      14.3730
    1811      14.2460
    1812      14.4898
    1813      14.1531
    1814      13.9129
    1815      14.0729
    1816      14.6347
    1817      14.3932
    1818      14.6527
    1819      14.3086
    1820      14.7492
    1821      14.6031
    1822      14.9905
    1823      14.3878
    1824      14.2689
    1825      14.8388
    1826      14.4841
    1827      14.3838
    1828      14.8104
    1829      14.5047
    1830      13.8890
    1831      14.7806
    1832      14.7297
    1833      13.9589
    1834      14.9226
    1835      14.6793
    1836      14.8099
    1837      15.1304
    1838      14.7423
    1839      14.7617
    1840      14.9157
    1841      14.9592
    1842      14.6216
    1843      13.9040
    1844      14.2509
    1845      14.2735
    1846      14.6470
    1847      14.2524
    1848      14.4808
    1849      14.7487
    1850      14.5548
    1851      14.2876
    1852      14.2364
    1853      14.7589
    1854      14.2273
    1855      14.4825
    1856      13.9703
    1857      14.5530
    1858      14.2405
    1859      13.9682
    1860      14.1790
    1861      14.0643
    1862      14.0740
    1863      14.4990
    1864      14.3513
    1865      14.2670
    1866      14.6248
    1867      14.8964
    1868      14.6416
    1869      14.3710
    1870      14.4429
    1871      14.3798
    1872      14.5126
    1873      14.1153
    1874      14.6263
    1875      14.4262
    1876      14.3335
    1877      14.4471
    1878      14.6198
    1879      14.4748
    1880      14.6043
    1881      14.7278
    1882      14.4512
    1883      15.7204
    1884      14.6120
    1885      15.4515
    1886      14.9775
    1887      15.1459
    1888      14.8151
    1889      15.0021
    1890      15.1169
    1891      14.6752
    1892      14.4627
    1893      14.4742
    1894      14.2383
    1895      14.8554
    1896      14.5971
    1897      14.3641
    1898      14.8472
    1899      14.7588
    1900      14.6547
    1901      14.7469
    1902      14.7523
    1903      14.6463
    1904      14.6847
    1905      14.9315
    1906      14.9187
    1907      14.9075
    1908      14.9550
    1909      14.5706
    1910      15.0042
    1911      14.8066
    1912      14.9306
    1913      14.6168
    1914      14.5463
    1915      14.7475
    1916      14.5869
    1917      14.5774
    1918      14.9432
    1919      14.2275
    1920      15.1230
    1921      15.0456
    1922      14.7845
    1923      15.0464
    1924      15.2552
    1925      14.8141
    1926      14.7626
    1927      14.4159
    1928      14.8761
    1929      14.9139
    1930      14.9696
    1931      14.6655
    1932      14.3166
    1933      14.7067
    1934      14.6100
    1935      14.0210
    1936      14.7375
    1937      14.5863
    1938      15.1508
    1939      14.6858
    1940      14.6556
    1941      14.6709
    1942      14.7413
    1943      14.7008
    1944      15.0618
    1945      14.4107
    1946      14.8458
    1947      14.8004
    1948      14.8358
    1949      14.8083
    1950      14.6198
    1951      13.9477
    1952      15.2848
    1953      14.8206
    1954      14.5699
    1955      14.5823
    1956      14.4994
    1957      14.4875
    1958      14.2847
    1959      14.7646
    1960      15.0266
    1961      15.0199
    1962      14.5585
    1963      14.6964
    1964      15.0587
    1965      14.7999
    1966      15.0750
    1967      14.6702
    1968      14.9680
    1969      14.3709
    1970      14.6833
    1971      15.2047
    1972      14.8481
    1973      14.0736
    1974      14.8570
    1975      14.0564
    1976      14.4217
    1977      14.6300
    1978      14.2836
    1979      14.6134
    1980      14.7546
    1981      14.5319
    1982      14.2152
    1983      14.4837
    1984      14.6831
    1985      14.5457
    1986      14.6559
    1987      14.3856
    1988      14.6689
    1989      14.8577
    1990      14.3812
    1991      14.2756
    1992      15.0019
    1993      14.5474
    1994      14.7082
    1995      14.9998
    1996      14.9313
    1997      14.9805
    1998      14.7137
    1999      14.6053
    2000      14.6704
