Run semi-empirical minimization
 &qmmm
  maxcyc=0, qm_theory='AM1', scfconv=1.d-10  qmcharge=0,
 /
   6    C1        2.1830       22.9680       33.4170 
   6    C2        3.5240       23.3120       33.6370 
   8    O1        4.4160       23.7850       32.7150 
   6    C3        5.5970       23.9880       33.3490 
   6    C4        5.4940       23.6530       34.6780 
   6    C5        4.1570       23.2140       34.8770 
   6    C6        3.4260       22.7440       35.9860 
   6    C7        2.0830       22.3870       35.8110 
   6    C8        1.2880       21.8960       36.9270 
   6    C9        0.0090       21.5610       36.7350 
   6   C10       -0.6470       21.6660       35.4210 
   8    O2       -1.8220       21.3460       35.2840 
   8    O3        0.1310       22.1380       34.3770 
   6   C11        1.4920       22.5020       34.5500 
   8    O4        1.4670       23.0290       32.2340 
   6   C12        1.9930       22.3010       31.1250 
   6   C13        0.1550       19.7620       30.7820 
   6   C14        0.0760       21.0310       29.9800 
   6   C15       -0.9940       21.0260       28.9190 
   6   C16        0.8640       22.1110       30.1510 
   1    H1        6.4000       24.3670       32.7320 
   1    H2        6.2830       23.7180       35.4130 
   1    H3        3.9070       22.6640       36.9570 
   1    H4        1.7460       21.8090       37.9070 
   1    H5       -0.6130       21.1920       37.5420 
   1    H6        2.4180       21.3450       31.4480 
   1    H7        2.7890       22.8830       30.6480 
   1    H8        0.8710       19.8200       31.6060 
   1    H9       -0.8210       19.5310       31.2210 
   1   H10        0.4510       18.9270       30.1380 
   1   H11       -1.9800       20.8890       29.3760 
   1   H12       -1.0190       21.9610       28.3490 
   1   H13       -0.8210       20.2090       28.2110 
   1   H14        0.6870       22.9860       29.5280 

