#Frame            lig
       1       1.2914
       2       0.9470
       3       1.0791
       4       0.7666
       5       0.9230
       6       0.9858
       7       1.0551
       8       1.0128
       9       0.9463
      10       0.9890
      11       1.0276
      12       0.9758
      13       1.0309
      14       0.7857
      15       0.7192
      16       0.5101
      17       0.4794
      18       1.0864
      19       0.8975
      20       0.9393
      21       0.9166
      22       0.8230
      23       0.6751
      24       0.7384
      25       1.0311
      26       1.1330
      27       0.8439
      28       1.1171
      29       1.1207
      30       0.9558
      31       1.5785
      32       0.6536
      33       1.1935
      34       1.2377
      35       1.0051
      36       1.1201
      37       0.7936
      38       0.7632
      39       1.4417
      40       1.4704
      41       1.8046
      42       0.9408
      43       1.0594
      44       1.0944
      45       1.2349
      46       1.0532
      47       1.1370
      48       1.2861
      49       1.9308
      50       1.2484
      51       0.9853
      52       0.9868
      53       1.4559
      54       1.1779
      55       1.2707
      56       0.9415
      57       1.1175
      58       1.3375
      59       1.4261
      60       1.5126
      61       1.1979
      62       1.4751
      63       1.2736
      64       1.0274
      65       1.3333
      66       1.3170
      67       1.0740
      68       1.5896
      69       1.4379
      70       1.4719
      71       1.5143
      72       1.2777
      73       1.5254
      74       1.4860
      75       1.6686
      76       1.6365
      77       1.6029
      78       1.7630
      79       1.4444
      80       1.2150
      81       1.6329
      82       1.2718
      83       1.6300
      84       1.1206
      85       1.4745
      86       1.4540
      87       1.3070
      88       1.2920
      89       1.4398
      90       1.6335
      91       1.6572
      92       1.4326
      93       1.7003
      94       1.0895
      95       1.4507
      96       1.9871
      97       1.7647
      98       1.5589
      99       1.4049
     100       1.3485
     101       1.4014
     102       1.6816
     103       1.3994
     104       1.4976
     105       1.4444
     106       1.5418
     107       1.4799
     108       1.2306
     109       1.2834
     110       1.2413
     111       1.1872
     112       1.3036
     113       1.0118
     114       0.9919
     115       0.9271
     116       1.2599
     117       1.4733
     118       0.8040
     119       1.0619
     120       1.2109
     121       1.2428
     122       0.8298
     123       1.3134
     124       1.4056
     125       1.4554
     126       1.0952
     127       1.6050
     128       1.5289
     129       1.1385
     130       1.3992
     131       1.4353
     132       1.5630
     133       1.4573
     134       1.0554
     135       0.7530
     136       1.0444
     137       1.2662
     138       1.0544
     139       1.1676
     140       1.3598
     141       0.9086
     142       1.2064
     143       1.5728
     144       1.4725
     145       1.5072
     146       1.5319
     147       1.3317
     148       1.4464
     149       1.1736
     150       1.5334
     151       2.3502
     152       2.2290
     153       1.7679
     154       1.7413
     155       1.4924
     156       1.9481
     157       1.7676
     158       1.6912
     159       1.5832
     160       1.5624
     161       1.5217
     162       1.8145
     163       1.4308
     164       1.5600
     165       1.5543
     166       1.7045
     167       1.8674
     168       1.4599
     169       1.5986
     170       1.6434
     171       1.4151
     172       1.1994
     173       1.4047
     174       1.6486
     175       1.7458
     176       1.7625
     177       1.5712
     178       1.3173
     179       1.6324
     180       1.7126
     181       1.3636
     182       1.9911
     183       1.5593
     184       1.8496
     185       1.3783
     186       1.6586
     187       1.5295
     188       1.8166
     189       1.5410
     190       1.7642
     191       2.1743
     192       1.7345
     193       2.2453
     194       1.7143
     195       1.5413
     196       1.7817
     197       1.8509
     198       1.8307
     199       1.8831
     200       1.8491
     201       1.6837
     202       1.8372
     203       1.7595
     204       1.6926
     205       1.8607
     206       1.5768
     207       1.8072
     208       1.5340
     209       1.6465
     210       1.8075
     211       1.6101
     212       1.6931
     213       1.5313
     214       1.4652
     215       1.6376
     216       1.6170
     217       1.7917
     218       1.8998
     219       1.7802
     220       1.8229
     221       1.6079
     222       1.6551
     223       1.7349
     224       1.7567
     225       1.7101
     226       1.4921
     227       1.3436
     228       1.5879
     229       1.8388
     230       1.9118
     231       1.6558
     232       1.6175
     233       1.7297
     234       1.8740
     235       1.6984
     236       1.8710
     237       1.5629
     238       1.7760
     239       1.3944
     240       1.8085
     241       1.8501
     242       1.6028
     243       1.6980
     244       1.5790
     245       1.8179
     246       1.4882
     247       1.6790
     248       1.3770
     249       1.5637
     250       1.9004
     251       1.5252
     252       1.2507
     253       1.7899
     254       1.6331
     255       1.7552
     256       1.6587
     257       2.1374
     258       1.8797
     259       1.9065
     260       1.8021
     261       1.7945
     262       1.5646
     263       2.0321
     264       1.9231
     265       2.0427
     266       1.9290
     267       2.1406
     268       1.8552
     269       1.7330
     270       1.9640
     271       1.7243
     272       1.8914
     273       1.6349
     274       1.6763
     275       1.9077
     276       1.6458
     277       1.8531
     278       1.9344
     279       1.7913
     280       1.3402
     281       1.3356
     282       1.4966
     283       1.7570
     284       1.7681
     285       1.8385
     286       1.4244
     287       1.6224
     288       1.4315
     289       1.6334
     290       1.2905
     291       1.9308
     292       1.4319
     293       1.5861
     294       1.5038
     295       1.5146
     296       1.6893
     297       1.3533
     298       1.6008
     299       1.6606
     300       2.1705
     301       2.0846
     302       1.6467
     303       1.9023
     304       2.1469
     305       2.1010
     306       1.6294
     307       2.0537
     308       1.9251
     309       1.6386
     310       1.5825
     311       1.8445
     312       1.7931
     313       1.5215
     314       1.6812
     315       1.7300
     316       1.7004
     317       1.4366
     318       1.2465
     319       1.6905
     320       1.1476
     321       1.5873
     322       1.4992
     323       1.7057
     324       1.6034
     325       1.5892
     326       1.8023
     327       1.1218
     328       1.8832
     329       1.7415
     330       1.4923
     331       1.8046
     332       1.4451
     333       1.5162
     334       1.8087
     335       1.8020
     336       1.4757
     337       1.5847
     338       1.5796
     339       1.5066
     340       1.6744
     341       1.6318
     342       1.4689
     343       1.2730
     344       1.4323
     345       1.8894
     346       1.3298
     347       1.4763
     348       1.4545
     349       1.9040
     350       1.9358
     351       1.7799
     352       1.5024
     353       1.8394
     354       1.8437
     355       1.4944
     356       1.5004
     357       1.4361
     358       0.8245
     359       1.8407
     360       1.3761
     361       1.6188
     362       1.4243
     363       1.7139
     364       1.5538
     365       1.6451
     366       1.6322
     367       1.5733
     368       1.7598
     369       1.2424
     370       1.6315
     371       0.6964
     372       1.1372
     373       0.8913
     374       1.2998
     375       1.2724
     376       1.3102
     377       0.9869
     378       1.1693
     379       1.2664
     380       1.3284
     381       1.4950
     382       1.6578
     383       1.4087
     384       1.2797
     385       0.8839
     386       1.1776
     387       1.4793
     388       1.5783
     389       1.7501
     390       1.7391
     391       1.4704
     392       1.5811
     393       1.7558
     394       1.4322
     395       1.6738
     396       1.6037
     397       1.9551
     398       1.8648
     399       1.6925
     400       1.5118
     401       1.2824
     402       1.4292
     403       1.2836
     404       1.6175
     405       1.5533
     406       1.4740
     407       1.4537
     408       1.0616
     409       1.5560
     410       1.6937
     411       1.6203
     412       1.1580
     413       1.6752
     414       1.9330
     415       1.7075
     416       1.4907
     417       1.4669
     418       1.5326
     419       1.5962
     420       1.5270
     421       1.3207
     422       1.6539
     423       1.1144
     424       1.5641
     425       1.1079
     426       1.8479
     427       1.7579
     428       1.0569
     429       1.3170
     430       1.7360
     431       1.8934
     432       1.6167
     433       1.6988
     434       1.6223
     435       1.7009
     436       1.7504
     437       1.8769
     438       1.9283
     439       1.7821
     440       1.3881
     441       1.8621
     442       1.4014
     443       1.8066
     444       1.8359
     445       1.5663
     446       1.1175
     447       1.4461
     448       1.0476
     449       1.3941
     450       1.1304
     451       1.8454
     452       1.3970
     453       1.6513
     454       1.1030
     455       1.4821
     456       1.1809
     457       1.7251
     458       1.1272
     459       1.4659
     460       1.9199
     461       1.4630
     462       1.5872
     463       1.6837
     464       1.6694
     465       1.6931
     466       1.3598
     467       1.1913
     468       1.4831
     469       1.3562
     470       1.5027
     471       1.7723
     472       1.2489
     473       1.7076
     474       1.5979
     475       1.6358
     476       2.0677
     477       1.3667
     478       1.7818
     479       1.3346
     480       1.5485
     481       1.3567
     482       1.8905
     483       1.6473
     484       1.3929
     485       1.4186
     486       1.2893
     487       1.7050
     488       1.3959
     489       1.6337
     490       1.1827
     491       1.3645
     492       1.3013
     493       1.5702
     494       1.6988
     495       1.4231
     496       1.6682
     497       1.6746
     498       1.6385
     499       1.8056
     500       1.5545
     501       1.3634
     502       1.6405
     503       1.6445
     504       1.6356
     505       1.3904
     506       1.8998
     507       1.7742
     508       0.9805
     509       1.3492
     510       1.4078
     511       1.2688
     512       1.7691
     513       1.6305
     514       1.5798
     515       1.8720
     516       1.2579
     517       1.5483
     518       1.9064
     519       1.7184
     520       1.6096
     521       1.5918
     522       1.7104
     523       1.7872
     524       1.7550
     525       1.6662
     526       1.3854
     527       1.6140
     528       1.7814
     529       1.7267
     530       1.5296
     531       1.7650
     532       1.9110
     533       1.7139
     534       1.3765
     535       2.0176
     536       1.2209
     537       1.6716
     538       1.6130
     539       1.6253
     540       1.3708
     541       1.8546
     542       1.0756
     543       1.5479
     544       0.9085
     545       1.0661
     546       0.9087
     547       0.7906
     548       1.1456
     549       1.2916
     550       1.3137
     551       1.6888
     552       1.9188
     553       1.4315
     554       1.3999
     555       1.3237
     556       1.1889
     557       1.3373
     558       1.3051
     559       1.5038
     560       1.3842
     561       1.4184
     562       1.4310
     563       1.6400
     564       2.0025
     565       1.7262
     566       1.3307
     567       1.4790
     568       1.4219
     569       1.5703
     570       1.7574
     571       1.4126
     572       1.5691
     573       1.3531
     574       1.6445
     575       1.4168
     576       1.7161
     577       1.6423
     578       1.4254
     579       1.5701
     580       1.6638
     581       1.8415
     582       1.6614
     583       1.4132
     584       1.2899
     585       1.5500
     586       1.5349
     587       1.2285
     588       1.1212
     589       1.1926
     590       1.4066
     591       1.8077
     592       1.1448
     593       1.9898
     594       1.8130
     595       1.7405
     596       1.2898
     597       1.9735
     598       1.7479
     599       1.7337
     600       1.6949
     601       1.6799
     602       1.7051
     603       1.7113
     604       1.5996
     605       1.5103
     606       1.4267
     607       1.5397
     608       1.5491
     609       1.4474
     610       1.7018
     611       1.5211
     612       1.8220
     613       1.9386
     614       1.5354
     615       1.8276
     616       1.7153
     617       1.3347
     618       1.0680
     619       1.0104
     620       1.6583
     621       1.4097
     622       1.3212
     623       1.5899
     624       1.4389
     625       1.7003
     626       1.2555
     627       1.3484
     628       1.5463
     629       1.1636
     630       1.2216
     631       1.1605
     632       1.2245
     633       1.0586
     634       1.0068
     635       1.0048
     636       1.0595
     637       1.3183
     638       1.2141
     639       1.3770
     640       1.5220
     641       1.0192
     642       1.2105
     643       1.3752
     644       1.3012
     645       1.3402
     646       0.8054
     647       0.8793
     648       1.3428
     649       1.4879
     650       0.8391
     651       1.0482
     652       1.2824
     653       1.2971
     654       1.3686
     655       1.1847
     656       1.0688
     657       1.3296
     658       1.0937
     659       1.0954
     660       1.3676
     661       1.0463
     662       1.6382
     663       1.3580
     664       1.0100
     665       1.4567
     666       1.3267
     667       1.6128
     668       1.3649
     669       1.1441
     670       1.1738
     671       2.0575
     672       1.8778
     673       1.8840
     674       1.8033
     675       1.4366
     676       1.3869
     677       1.6805
     678       1.7333
     679       1.3157
     680       1.3801
     681       1.3950
     682       1.5033
     683       1.4941
     684       1.2040
     685       1.1258
     686       1.3809
     687       0.9955
     688       1.2348
     689       1.6184
     690       0.9327
     691       1.2851
     692       1.2535
     693       1.2386
     694       1.2627
     695       1.1345
     696       0.9780
     697       1.4581
     698       1.3657
     699       0.8439
     700       1.1684
     701       1.5192
     702       1.5984
     703       1.0178
     704       1.2857
     705       1.3698
     706       1.4339
     707       0.8869
     708       0.8892
     709       1.0569
     710       1.3329
     711       1.5940
     712       1.5120
     713       1.5529
     714       1.4763
     715       0.8237
     716       1.0586
     717       1.3992
     718       1.2091
     719       1.2253
     720       0.7925
     721       1.2053
     722       1.4218
     723       1.3814
     724       1.1139
     725       1.6669
     726       1.3595
     727       1.0917
     728       1.4438
     729       1.0704
     730       1.5204
     731       1.7062
     732       1.3183
     733       1.3404
     734       1.7376
     735       1.3062
     736       1.2634
     737       1.8300
     738       1.4270
     739       1.2241
     740       1.2676
     741       1.8791
     742       1.3645
     743       1.5841
     744       1.6174
     745       1.8216
     746       1.3834
     747       1.3745
     748       1.7399
     749       1.7970
     750       1.5724
     751       1.5741
     752       1.8466
     753       1.5852
     754       1.4803
     755       1.7814
     756       1.5338
     757       1.8786
     758       1.4839
     759       1.5099
     760       1.0445
     761       1.6354
     762       1.1375
     763       1.6511
     764       1.4945
     765       0.7512
     766       1.0283
     767       1.0865
     768       1.3625
     769       2.0354
     770       1.6330
     771       1.8072
     772       1.8924
     773       1.6125
     774       1.5715
     775       1.7260
     776       1.7606
     777       1.9964
     778       2.0604
     779       2.0269
     780       2.0716
     781       1.9052
     782       1.4028
     783       1.1786
     784       1.4113
     785       1.4883
     786       1.5815
     787       1.4520
     788       1.7080
     789       1.0292
     790       1.3083
     791       1.1184
     792       1.4704
     793       1.1371
     794       1.4586
     795       1.1813
     796       1.4945
     797       1.3536
     798       1.2832
     799       1.5764
     800       1.3202
     801       1.3512
     802       1.5815
     803       1.4702
     804       1.2575
     805       1.2588
     806       1.4718
     807       1.2828
     808       0.8926
     809       1.3609
     810       1.2828
     811       1.2377
     812       1.2717
     813       1.5187
     814       1.3710
     815       1.0509
     816       1.3874
     817       1.1340
     818       1.5726
     819       1.8215
     820       1.6581
     821       1.6453
     822       1.8023
     823       1.7231
     824       1.8016
     825       1.6690
     826       1.4957
     827       1.8772
     828       2.0076
     829       1.6148
     830       1.4377
     831       1.5497
     832       1.4626
     833       1.7478
     834       1.6873
     835       1.5893
     836       1.5015
     837       1.7350
     838       1.5119
     839       1.4213
     840       1.6372
     841       1.1300
     842       1.2291
     843       1.5453
     844       1.6746
     845       1.8073
     846       2.1736
     847       1.4760
     848       1.4573
     849       1.6081
     850       1.8977
     851       1.6786
     852       1.7628
     853       1.4290
     854       1.1573
     855       1.2737
     856       1.6380
     857       1.5631
     858       1.4224
     859       1.2569
     860       1.3452
     861       1.7222
     862       1.7819
     863       1.6322
     864       1.2675
     865       1.4613
     866       1.7971
     867       1.0615
     868       1.0374
     869       1.4088
     870       1.6184
     871       1.3835
     872       1.5976
     873       1.1439
     874       0.8871
     875       1.4455
     876       1.1074
     877       0.9926
     878       0.8261
     879       1.2716
     880       1.0106
     881       1.4035
     882       1.6758
     883       1.6284
     884       1.2847
     885       1.3405
     886       1.7067
     887       1.6320
     888       1.3861
     889       1.6389
     890       1.1670
     891       1.6981
     892       1.7272
     893       1.4930
     894       1.1753
     895       1.5128
     896       1.5428
     897       1.1938
     898       1.1688
     899       1.3347
     900       1.2861
     901       1.4765
     902       1.2035
     903       1.5283
     904       1.6304
     905       1.6827
     906       1.2948
     907       1.5951
     908       1.5148
     909       1.7157
     910       1.5030
     911       1.5301
     912       2.0235
     913       1.8718
     914       1.4598
     915       1.4671
     916       1.4291
     917       2.1374
     918       1.6758
     919       1.7894
     920       1.8676
     921       1.5763
     922       1.4814
     923       1.7150
     924       1.5469
     925       1.4652
     926       1.4415
     927       1.4600
     928       1.4690
     929       1.4128
     930       1.4224
     931       1.2803
     932       1.6547
     933       1.6206
     934       0.9983
     935       1.1896
     936       1.1681
     937       1.2535
     938       1.0536
     939       1.2389
     940       1.7581
     941       1.1016
     942       1.6208
     943       1.2628
     944       1.4273
     945       1.2653
     946       1.3000
     947       1.4959
     948       1.4940
     949       1.4227
     950       1.5251
     951       1.0382
     952       1.2983
     953       1.1434
     954       1.2960
     955       1.5236
     956       1.4372
     957       1.2967
     958       1.3933
     959       1.5603
     960       1.2720
     961       1.2731
     962       1.4108
     963       1.2489
     964       1.1901
     965       1.6581
     966       1.0513
     967       1.2438
     968       1.7378
     969       1.2546
     970       1.1211
     971       1.2053
     972       1.4895
     973       1.0867
     974       1.4432
     975       0.9329
     976       1.2362
     977       1.3969
     978       0.9837
     979       1.2055
     980       1.2143
     981       1.2001
     982       1.2314
     983       0.9964
     984       1.1531
     985       1.2207
     986       1.0999
     987       1.2414
     988       1.3182
     989       1.2586
     990       1.6066
     991       1.0220
     992       1.4610
     993       1.1147
     994       1.2528
     995       1.4417
     996       1.4155
     997       1.0340
     998       1.2421
     999       1.5401
    1000       1.1816
    1001       1.1982
    1002       1.3240
    1003       1.4291
    1004       1.4562
    1005       1.6515
    1006       1.3200
    1007       1.4924
    1008       1.5723
    1009       1.0427
    1010       1.7304
    1011       1.4600
    1012       1.2745
    1013       1.0872
    1014       1.8281
    1015       1.6057
    1016       1.5084
    1017       1.2663
    1018       1.5462
    1019       1.5312
    1020       1.3218
    1021       1.3591
    1022       0.9063
    1023       1.1580
    1024       1.6305
    1025       1.6972
    1026       1.4972
    1027       0.9281
    1028       1.8407
    1029       1.7762
    1030       1.6975
    1031       1.6551
    1032       2.0319
    1033       1.8049
    1034       1.6638
    1035       1.7205
    1036       1.4784
    1037       1.4601
    1038       1.6939
    1039       1.4077
    1040       1.2960
    1041       1.5038
    1042       1.6819
    1043       1.6444
    1044       1.1578
    1045       1.5967
    1046       1.2988
    1047       1.3302
    1048       1.3160
    1049       1.9763
    1050       1.5989
    1051       1.6591
    1052       1.5540
    1053       1.6871
    1054       1.5292
    1055       1.9106
    1056       1.4585
    1057       2.0808
    1058       1.9011
    1059       2.1145
    1060       1.7036
    1061       1.3873
    1062       1.5776
    1063       1.7223
    1064       1.4687
    1065       2.0201
    1066       2.2939
    1067       1.9721
    1068       1.6379
    1069       1.8250
    1070       1.6007
    1071       1.4594
    1072       1.7391
    1073       1.9214
    1074       1.6840
    1075       1.7714
    1076       1.8856
    1077       1.7248
    1078       1.4104
    1079       1.6328
    1080       1.9049
    1081       1.7519
    1082       1.7513
    1083       1.5505
    1084       1.5030
    1085       1.9215
    1086       1.6635
    1087       1.6372
    1088       1.7218
    1089       1.8958
    1090       1.3965
    1091       1.7494
    1092       1.8129
    1093       1.6388
    1094       1.7287
    1095       1.7674
    1096       1.5385
    1097       1.2194
    1098       1.6026
    1099       1.6202
    1100       1.6460
    1101       1.3250
    1102       1.7402
    1103       1.6655
    1104       1.6813
    1105       1.9047
    1106       1.7582
    1107       1.7074
    1108       1.7756
    1109       1.1101
    1110       1.5805
    1111       1.6780
    1112       1.7565
    1113       1.6170
    1114       1.7644
    1115       1.4708
    1116       1.7142
    1117       2.0131
    1118       1.7638
    1119       1.6516
    1120       1.7917
    1121       1.7410
    1122       1.4710
    1123       1.7855
    1124       1.8307
    1125       1.1914
    1126       1.7062
    1127       1.7583
    1128       1.7148
    1129       1.9230
    1130       1.8753
    1131       2.2304
    1132       2.0689
    1133       1.9286
    1134       1.9114
    1135       1.9111
    1136       1.6886
    1137       1.9157
    1138       2.0869
    1139       2.0898
    1140       1.2864
    1141       2.0371
    1142       1.6515
    1143       1.9384
    1144       1.8112
    1145       1.5013
    1146       1.4433
    1147       2.1335
    1148       1.7283
    1149       1.4481
    1150       1.7842
    1151       1.8544
    1152       1.4352
    1153       1.7509
    1154       1.8438
    1155       1.6538
    1156       1.5898
    1157       2.0153
    1158       1.9092
    1159       1.8065
    1160       2.0393
    1161       2.0090
    1162       1.8522
    1163       1.7832
    1164       2.0766
    1165       2.1537
    1166       1.7678
    1167       1.6060
    1168       1.9782
    1169       1.7359
    1170       1.7909
    1171       2.0089
    1172       2.2595
    1173       1.8238
    1174       1.7822
    1175       2.0007
    1176       1.7215
    1177       2.1204
    1178       1.9038
    1179       1.9571
    1180       1.7382
    1181       1.7379
    1182       1.5854
    1183       1.5933
    1184       1.6496
    1185       1.7063
    1186       1.6377
    1187       1.8432
    1188       1.8534
    1189       1.7650
    1190       2.1946
    1191       1.6856
    1192       1.5871
    1193       1.8182
    1194       1.6885
    1195       1.9300
    1196       1.9706
    1197       1.8954
    1198       1.9993
    1199       1.6219
    1200       1.8048
    1201       1.6498
    1202       1.8493
    1203       1.6693
    1204       2.0522
    1205       2.3079
    1206       2.0612
    1207       2.0590
    1208       1.8917
    1209       1.9981
    1210       1.5807
    1211       2.1027
    1212       2.2115
    1213       2.0983
    1214       1.5324
    1215       1.6298
    1216       1.7220
    1217       1.8773
    1218       1.6669
    1219       1.9213
    1220       1.8382
    1221       2.1176
    1222       1.6391
    1223       2.0033
    1224       2.0409
    1225       1.8413
    1226       1.8375
    1227       2.1580
    1228       1.9348
    1229       1.7758
    1230       1.5698
    1231       1.7468
    1232       1.7699
    1233       1.9186
    1234       1.5606
    1235       2.0132
    1236       2.0366
    1237       1.6737
    1238       1.9125
    1239       1.6191
    1240       1.3214
    1241       1.8378
    1242       1.9218
    1243       1.7220
    1244       1.6527
    1245       1.6415
    1246       1.5487
    1247       1.6775
    1248       1.7083
    1249       1.5300
    1250       1.4966
    1251       1.5006
    1252       1.8132
    1253       1.7391
    1254       1.6982
    1255       1.5025
    1256       1.3653
    1257       1.3137
    1258       1.5811
    1259       1.6414
    1260       1.6637
    1261       1.6988
    1262       1.5475
    1263       1.3837
    1264       1.6003
    1265       1.7253
    1266       1.7690
    1267       2.0163
    1268       2.0156
    1269       1.7895
    1270       1.8844
    1271       1.8182
    1272       1.5976
    1273       1.7684
    1274       2.0962
    1275       1.4225
    1276       1.4837
    1277       1.8726
    1278       1.8286
    1279       1.5497
    1280       1.9338
    1281       1.7790
    1282       1.6917
    1283       1.9301
    1284       1.4647
    1285       1.5042
    1286       1.5696
    1287       1.4134
    1288       1.4538
    1289       1.8199
    1290       1.8347
    1291       2.0363
    1292       2.1395
    1293       1.6435
    1294       1.8167
    1295       1.8851
    1296       1.4807
    1297       1.8826
    1298       1.7828
    1299       2.0041
    1300       1.6420
    1301       1.9158
    1302       1.5260
    1303       2.2435
    1304       1.9581
    1305       1.6047
    1306       1.9351
    1307       1.9533
    1308       1.7100
    1309       1.8766
    1310       1.9345
    1311       1.8777
    1312       1.4947
    1313       1.4765
    1314       1.9282
    1315       2.2061
    1316       1.6441
    1317       2.0709
    1318       1.4047
    1319       1.5939
    1320       1.2796
    1321       1.1898
    1322       1.5298
    1323       1.4905
    1324       1.6565
    1325       1.9160
    1326       1.9084
    1327       1.6525
    1328       1.9956
    1329       1.2812
    1330       1.6500
    1331       1.6189
    1332       1.5138
    1333       1.6779
    1334       1.2878
    1335       1.6823
    1336       1.3357
    1337       1.5338
    1338       1.6422
    1339       1.4998
    1340       1.1216
    1341       1.8686
    1342       1.7012
    1343       1.6585
    1344       1.7989
    1345       1.6052
    1346       1.5001
    1347       2.0176
    1348       1.8299
    1349       1.5902
    1350       1.8199
    1351       1.7461
    1352       1.8118
    1353       1.9954
    1354       1.9180
    1355       1.5651
    1356       1.4027
    1357       1.6310
    1358       1.9310
    1359       1.8776
    1360       1.9091
    1361       1.9224
    1362       1.9777
    1363       1.5429
    1364       2.0047
    1365       1.4393
    1366       1.7495
    1367       2.0777
    1368       2.1956
    1369       1.9224
    1370       1.7469
    1371       1.8212
    1372       2.0229
    1373       1.8785
    1374       1.6569
    1375       1.7972
    1376       2.0215
    1377       1.8661
    1378       1.8016
    1379       1.6630
    1380       1.6382
    1381       2.1772
    1382       1.6938
    1383       1.8195
    1384       1.8099
    1385       1.7838
    1386       1.5959
    1387       1.7160
    1388       2.1596
    1389       1.5265
    1390       1.5827
    1391       1.8320
    1392       1.9550
    1393       1.9487
    1394       1.5020
    1395       2.2633
    1396       1.4289
    1397       1.8759
    1398       2.0144
    1399       1.6979
    1400       1.8596
    1401       1.9861
    1402       1.7144
    1403       2.0254
    1404       1.6967
    1405       1.9372
    1406       2.2654
    1407       1.8298
    1408       1.7541
    1409       1.5052
    1410       2.1252
    1411       2.1648
    1412       1.6812
    1413       1.8940
    1414       2.0345
    1415       2.1323
    1416       1.8196
    1417       1.9849
    1418       1.6871
    1419       1.7249
    1420       1.8132
    1421       1.9858
    1422       2.2013
    1423       2.0195
    1424       1.9097
    1425       2.0548
    1426       1.8422
    1427       2.0060
    1428       1.8440
    1429       1.9163
    1430       1.7840
    1431       1.7333
    1432       1.7365
    1433       1.9774
    1434       2.0640
    1435       1.8735
    1436       2.0321
    1437       2.0220
    1438       1.8182
    1439       2.1080
    1440       2.2532
    1441       2.0128
    1442       2.0153
    1443       1.9947
    1444       1.9765
    1445       1.8334
    1446       2.1410
    1447       2.1137
    1448       2.5188
    1449       1.8323
    1450       1.5907
    1451       1.9979
    1452       1.7694
    1453       1.8015
    1454       2.1666
    1455       1.8087
    1456       1.6811
    1457       1.8031
    1458       1.6871
    1459       2.0351
    1460       1.9241
    1461       2.4273
    1462       2.1258
    1463       2.1812
    1464       1.7563
    1465       1.8538
    1466       1.7543
    1467       1.5532
    1468       1.9964
    1469       1.9423
    1470       1.6664
    1471       1.6144
    1472       1.8800
    1473       2.0810
    1474       1.6630
    1475       2.0762
    1476       1.6300
    1477       1.5857
    1478       1.8750
    1479       1.6206
    1480       1.7796
    1481       1.8374
    1482       1.6119
    1483       2.0343
    1484       1.8289
    1485       1.7061
    1486       1.9269
    1487       2.0698
    1488       1.8214
    1489       1.9251
    1490       2.0951
    1491       1.8542
    1492       1.9180
    1493       2.1506
    1494       2.0602
    1495       1.7148
    1496       1.8050
    1497       1.7007
    1498       1.4411
    1499       1.6614
    1500       1.7082
    1501       1.4282
    1502       1.5528
    1503       1.8414
    1504       1.8381
    1505       1.7295
    1506       1.5312
    1507       1.5472
    1508       2.2000
    1509       2.0110
    1510       1.6069
    1511       1.7758
    1512       2.0704
    1513       1.5315
    1514       1.7101
    1515       2.0299
    1516       1.9692
    1517       1.9590
    1518       1.7225
    1519       1.3709
    1520       1.6272
    1521       1.5741
    1522       1.7148
    1523       1.7816
    1524       1.5143
    1525       1.5199
    1526       1.5059
    1527       1.5377
    1528       1.7360
    1529       1.6112
    1530       1.7477
    1531       2.0589
    1532       1.7069
    1533       1.8575
    1534       2.0697
    1535       1.6667
    1536       1.9245
    1537       1.5699
    1538       1.6321
    1539       1.4780
    1540       1.4323
    1541       1.8131
    1542       1.4523
    1543       1.5070
    1544       1.6664
    1545       1.4350
    1546       1.5554
    1547       1.6503
    1548       1.4968
    1549       1.5603
    1550       1.9864
    1551       2.1441
    1552       1.0688
    1553       1.7250
    1554       0.9865
    1555       1.5371
    1556       1.7410
    1557       1.9608
    1558       1.4236
    1559       1.4669
    1560       1.6460
    1561       1.4630
    1562       1.5838
    1563       1.4621
    1564       1.6780
    1565       1.7061
    1566       1.3567
    1567       1.2937
    1568       1.6146
    1569       1.7770
    1570       1.9271
    1571       1.7211
    1572       2.0320
    1573       1.9900
    1574       1.6477
    1575       1.6722
    1576       1.6882
    1577       1.3449
    1578       1.6938
    1579       1.5282
    1580       1.7748
    1581       1.5085
    1582       1.8665
    1583       1.6179
    1584       1.5128
    1585       1.4373
    1586       1.7763
    1587       1.9956
    1588       1.2972
    1589       1.7245
    1590       1.6995
    1591       1.6155
    1592       1.7754
    1593       1.7660
    1594       1.5659
    1595       1.2719
    1596       1.3944
    1597       1.2126
    1598       1.4697
    1599       1.5203
    1600       1.6012
    1601       1.4938
    1602       1.4718
    1603       1.5029
    1604       1.5933
    1605       1.9509
    1606       1.2933
    1607       1.4086
    1608       1.3535
    1609       1.3111
    1610       1.3296
    1611       1.5219
    1612       1.4380
    1613       1.2909
    1614       1.4920
    1615       1.3296
    1616       1.3780
    1617       1.7938
    1618       1.3902
    1619       1.3499
    1620       1.3668
    1621       1.8728
    1622       1.6684
    1623       1.3403
    1624       1.3382
    1625       1.8966
    1626       1.4605
    1627       1.2960
    1628       1.7605
    1629       1.8489
    1630       1.4071
    1631       1.9462
    1632       1.1527
    1633       1.3902
    1634       1.5504
    1635       1.6479
    1636       1.5106
    1637       1.7517
    1638       1.3577
    1639       1.3228
    1640       1.7637
    1641       1.3227
    1642       1.5469
    1643       1.4755
    1644       1.5733
    1645       2.1970
    1646       1.8898
    1647       1.9514
    1648       2.0811
    1649       2.2160
    1650       1.5432
    1651       1.5416
    1652       1.3197
    1653       1.7297
    1654       1.8817
    1655       1.9179
    1656       2.1902
    1657       2.3579
    1658       2.2176
    1659       1.9261
    1660       1.8247
    1661       1.7746
    1662       1.9601
    1663       2.0899
    1664       2.0933
    1665       2.1950
    1666       1.9590
    1667       2.0147
    1668       1.8347
    1669       2.1557
    1670       1.6775
    1671       1.6566
    1672       2.0805
    1673       1.5748
    1674       1.9947
    1675       1.6197
    1676       2.1782
    1677       1.8377
    1678       1.9867
    1679       1.6902
    1680       1.7942
    1681       1.8586
    1682       2.2399
    1683       1.8913
    1684       1.8716
    1685       1.7100
    1686       1.9750
    1687       1.7331
    1688       1.9170
    1689       2.0502
    1690       1.9006
    1691       1.9996
    1692       2.0452
    1693       1.7855
    1694       1.9050
    1695       2.1183
    1696       1.7302
    1697       2.0061
    1698       1.8622
    1699       1.9383
    1700       1.8797
    1701       1.6698
    1702       1.8563
    1703       1.8131
    1704       1.5862
    1705       1.6435
    1706       1.5234
    1707       1.9446
    1708       1.6685
    1709       1.7720
    1710       1.8658
    1711       2.0311
    1712       2.2131
    1713       1.9536
    1714       2.1826
    1715       1.8710
    1716       2.0494
    1717       1.9659
    1718       1.8096
    1719       1.5071
    1720       1.8554
    1721       1.7379
    1722       1.5730
    1723       1.5551
    1724       1.6824
    1725       1.7693
    1726       1.6673
    1727       1.9612
    1728       2.1625
    1729       2.0920
    1730       1.9563
    1731       2.0289
    1732       1.9485
    1733       1.6545
    1734       1.4968
    1735       1.8451
    1736       1.7957
    1737       1.9758
    1738       2.1557
    1739       1.5167
    1740       1.8195
    1741       1.7032
    1742       1.9763
    1743       1.6711
    1744       1.6390
    1745       2.1138
    1746       1.6514
    1747       1.7149
    1748       2.0527
    1749       1.7261
    1750       2.3474
    1751       1.5856
    1752       1.8992
    1753       2.0500
    1754       2.2099
    1755       1.9625
    1756       1.8111
    1757       1.5637
    1758       1.9578
    1759       2.0501
    1760       1.6101
    1761       1.5700
    1762       2.0479
    1763       1.7646
    1764       1.8110
    1765       1.9948
    1766       2.0335
    1767       1.8727
    1768       1.7418
    1769       1.5287
    1770       1.8865
    1771       1.8418
    1772       1.7869
    1773       1.9775
    1774       2.2794
    1775       1.8894
    1776       2.1082
    1777       1.8893
    1778       1.9643
    1779       2.2985
    1780       1.8904
    1781       1.9909
    1782       1.8450
    1783       2.1716
    1784       1.8439
    1785       1.8255
    1786       1.9339
    1787       1.8361
    1788       2.0746
    1789       2.2877
    1790       1.7295
    1791       1.8054
    1792       1.7075
    1793       1.9905
    1794       1.7173
    1795       1.8441
    1796       1.7554
    1797       1.9356
    1798       2.0567
    1799       1.7727
    1800       1.7109
    1801       1.9124
    1802       2.0204
    1803       1.6538
    1804       1.8125
    1805       1.9946
    1806       1.8088
    1807       1.9031
    1808       2.0711
    1809       1.8328
    1810       1.7947
    1811       1.6251
    1812       1.5590
    1813       1.8802
    1814       1.9342
    1815       2.0416
    1816       1.8672
    1817       1.9543
    1818       2.3430
    1819       1.6885
    1820       1.9622
    1821       1.9003
    1822       1.7039
    1823       1.8113
    1824       1.4274
    1825       1.3517
    1826       1.6317
    1827       1.7171
    1828       1.5307
    1829       1.6330
    1830       2.0615
    1831       1.9567
    1832       1.7626
    1833       2.0454
    1834       1.7365
    1835       1.8904
    1836       1.8488
    1837       1.8138
    1838       2.0105
    1839       1.5799
    1840       1.8137
    1841       1.8887
    1842       1.5279
    1843       1.9304
    1844       1.9190
    1845       1.8983
    1846       1.7094
    1847       1.8122
    1848       1.9515
    1849       2.1197
    1850       2.2785
    1851       1.8082
    1852       1.5545
    1853       1.8568
    1854       1.7449
    1855       1.6491
    1856       1.6735
    1857       1.7596
    1858       1.3163
    1859       2.0588
    1860       1.9179
    1861       1.6383
    1862       1.4684
    1863       1.5930
    1864       1.5330
    1865       2.3211
    1866       1.9039
    1867       1.8407
    1868       1.4267
    1869       1.6004
    1870       1.8590
    1871       2.4243
    1872       1.7593
    1873       1.4813
    1874       1.4977
    1875       1.7022
    1876       1.7892
    1877       1.6526
    1878       1.7645
    1879       1.9397
    1880       1.6754
    1881       1.5162
    1882       1.7564
    1883       2.0885
    1884       2.0083
    1885       1.9470
    1886       1.3900
    1887       1.5790
    1888       1.6713
    1889       1.7649
    1890       1.7564
    1891       1.7637
    1892       1.9424
    1893       1.6118
    1894       1.9768
    1895       1.7814
    1896       2.0275
    1897       1.6830
    1898       2.0343
    1899       1.9298
    1900       2.1693
    1901       1.6921
    1902       1.9079
    1903       1.4528
    1904       0.9534
    1905       1.8376
    1906       1.9587
    1907       2.0191
    1908       1.6807
    1909       1.9407
    1910       1.5770
    1911       1.5743
    1912       1.6209
    1913       1.4810
    1914       1.4141
    1915       1.8952
    1916       1.9366
    1917       1.5676
    1918       1.4423
    1919       1.7379
    1920       1.6314
    1921       1.7427
    1922       1.7663
    1923       2.0021
    1924       1.9494
    1925       1.6593
    1926       2.2826
    1927       1.7057
    1928       1.7308
    1929       1.4966
    1930       1.3513
    1931       2.0944
    1932       2.2797
    1933       1.6697
    1934       1.5560
    1935       2.2080
    1936       1.5431
    1937       1.5127
    1938       1.7137
    1939       1.3660
    1940       2.0385
    1941       1.5424
    1942       1.6635
    1943       1.7687
    1944       1.2597
    1945       1.5020
    1946       1.6284
    1947       1.3905
    1948       1.6786
    1949       1.7871
    1950       1.6598
    1951       1.7535
    1952       1.6363
    1953       1.6761
    1954       1.6442
    1955       1.6821
    1956       1.8877
    1957       1.6587
    1958       2.0499
    1959       1.7652
    1960       2.0205
    1961       1.7687
    1962       1.2827
    1963       1.4176
    1964       2.0553
    1965       1.6723
    1966       2.2351
    1967       1.6767
    1968       1.6800
    1969       1.7943
    1970       1.7616
    1971       1.8747
    1972       1.5876
    1973       1.7078
    1974       1.7004
    1975       1.6767
    1976       1.7753
    1977       1.7464
    1978       1.7301
    1979       1.9344
    1980       2.1538
    1981       2.3716
    1982       1.9824
    1983       2.1810
    1984       2.1160
    1985       1.9466
    1986       1.7219
    1987       1.4500
    1988       1.8271
    1989       1.7469
    1990       2.1912
    1991       1.3348
    1992       1.6780
    1993       1.7289
    1994       1.5515
    1995       2.0004
    1996       1.5465
    1997       1.8040
    1998       2.0492
    1999       1.5189
    2000       1.6446
