#Frame           gate
       1       0.6308
       2       0.5141
       3       0.5627
       4       0.4295
       5       0.4154
       6       0.6601
       7       0.4944
       8       0.3427
       9       0.5109
      10       0.7372
      11       0.7743
      12       0.4778
      13       0.4086
      14       0.5138
      15       0.8561
      16       0.6928
      17       0.5469
      18       0.8412
      19       0.6196
      20       1.1316
      21       1.3796
      22       1.2052
      23       1.4297
      24       0.8706
      25       0.5549
      26       0.9908
      27       0.6535
      28       0.7369
      29       0.4810
      30       0.4811
      31       0.7569
      32       0.4567
      33       0.8359
      34       0.8418
      35       1.3904
      36       0.8476
      37       0.5695
      38       0.4397
      39       0.7753
      40       0.9302
      41       0.8995
      42       1.4368
      43       1.3845
      44       1.2104
      45       1.1632
      46       0.9967
      47       1.4991
      48       1.2748
      49       1.2668
      50       1.2005
      51       1.1929
      52       1.1931
      53       0.8099
      54       1.2301
      55       0.8492
      56       1.1136
      57       1.3800
      58       1.2872
      59       1.3760
      60       0.7129
      61       1.2929
      62       0.7500
      63       0.8908
      64       1.2098
      65       1.1254
      66       1.0844
      67       1.5050
      68       0.8204
      69       0.8896
      70       0.9436
      71       0.8512
      72       1.2225
      73       1.3084
      74       1.1724
      75       1.0900
      76       0.7969
      77       0.9628
      78       0.7122
      79       1.0170
      80       0.9873
      81       0.9419
      82       0.4960
      83       0.6605
      84       0.3884
      85       0.7814
      86       0.6075
      87       0.8464
      88       0.3981
      89       0.6880
      90       0.5650
      91       0.8492
      92       0.9632
      93       0.9704
      94       0.9976
      95       1.0794
      96       1.0970
      97       0.8682
      98       1.4572
      99       1.5683
     100       1.0641
     101       1.1128
     102       1.5500
     103       0.7641
     104       0.7238
     105       1.2043
     106       0.9230
     107       1.6571
     108       0.8744
     109       0.7098
     110       0.8089
     111       0.8530
     112       1.1555
     113       0.9360
     114       1.1632
     115       0.7954
     116       0.5413
     117       0.6465
     118       0.9872
     119       0.8875
     120       1.0001
     121       0.7848
     122       0.6751
     123       0.6833
     124       0.6821
     125       0.6377
     126       1.1173
     127       1.0931
     128       0.9366
     129       0.8181
     130       0.8953
     131       0.9295
     132       0.9755
     133       1.2148
     134       1.5014
     135       0.8406
     136       1.1996
     137       1.0999
     138       0.9703
     139       1.1607
     140       1.3252
     141       0.9645
     142       0.5864
     143       1.2054
     144       1.2350
     145       1.0298
     146       0.9341
     147       1.1334
     148       1.2349
     149       1.0993
     150       0.7257
     151       1.5000
     152       1.4140
     153       1.6803
     154       1.6342
     155       1.4549
     156       1.8280
     157       1.9263
     158       1.4364
     159       1.5868
     160       1.1515
     161       0.9166
     162       0.9622
     163       1.2266
     164       1.6371
     165       1.1096
     166       1.0417
     167       1.1740
     168       1.1122
     169       1.1397
     170       1.5720
     171       1.4038
     172       1.3304
     173       1.3197
     174       0.8121
     175       1.0158
     176       0.5385
     177       0.8380
     178       0.7264
     179       0.4866
     180       0.4893
     181       0.5401
     182       0.5982
     183       0.7479
     184       0.4622
     185       0.6797
     186       0.6485
     187       0.6457
     188       0.7005
     189       0.6123
     190       0.5157
     191       0.9915
     192       0.8065
     193       0.8301
     194       1.0604
     195       1.0238
     196       0.7771
     197       0.9904
     198       0.5975
     199       0.6677
     200       0.6721
     201       0.5768
     202       0.9632
     203       0.9512
     204       0.6460
     205       0.6515
     206       0.6472
     207       0.7600
     208       0.9931
     209       0.4791
     210       0.6080
     211       0.6510
     212       1.0224
     213       0.6537
     214       0.5452
     215       1.3125
     216       1.4056
     217       1.5698
     218       1.6664
     219       1.4015
     220       1.2561
     221       1.0283
     222       1.1941
     223       0.8962
     224       1.0963
     225       1.0903
     226       1.0001
     227       0.8890
     228       0.8756
     229       0.8338
     230       0.8815
     231       0.7757
     232       0.6557
     233       0.6110
     234       0.6258
     235       0.5732
     236       1.1344
     237       0.7126
     238       0.9398
     239       0.7156
     240       0.9348
     241       0.6691
     242       0.9072
     243       0.7714
     244       1.0712
     245       0.6102
     246       0.6752
     247       0.4280
     248       0.6108
     249       0.7887
     250       0.8267
     251       0.7107
     252       0.6105
     253       0.8138
     254       0.6766
     255       0.7604
     256       0.5866
     257       0.6917
     258       0.8694
     259       0.7322
     260       0.4203
     261       0.5402
     262       0.7785
     263       0.7385
     264       0.5703
     265       1.0372
     266       0.8704
     267       0.8763
     268       1.0395
     269       0.8610
     270       0.7537
     271       1.0087
     272       1.0739
     273       0.8251
     274       0.8562
     275       0.5952
     276       0.9234
     277       0.7604
     278       1.4036
     279       1.0563
     280       0.7184
     281       0.8042
     282       0.7845
     283       1.3122
     284       0.9775
     285       1.0421
     286       0.9602
     287       0.8733
     288       0.9507
     289       0.8817
     290       0.6435
     291       0.7177
     292       0.7947
     293       1.0016
     294       1.0491
     295       1.0743
     296       0.7355
     297       0.7555
     298       0.8618
     299       0.6462
     300       0.9609
     301       0.7702
     302       0.7749
     303       1.0584
     304       0.8107
     305       1.0517
     306       0.7453
     307       0.8160
     308       1.2907
     309       1.4917
     310       1.1471
     311       0.8471
     312       1.0509
     313       1.0078
     314       1.0180
     315       0.8791
     316       1.0515
     317       0.8068
     318       0.8594
     319       0.6008
     320       0.7427
     321       1.0712
     322       0.9279
     323       1.0735
     324       0.7668
     325       0.8284
     326       1.2143
     327       1.1431
     328       0.8436
     329       0.7779
     330       1.2083
     331       1.4201
     332       1.4297
     333       1.5996
     334       1.5787
     335       1.7773
     336       1.1749
     337       1.0885
     338       1.0522
     339       1.4488
     340       1.6327
     341       1.8479
     342       1.9795
     343       1.2829
     344       1.5742
     345       1.4721
     346       1.1815
     347       1.0406
     348       1.1988
     349       0.9032
     350       1.3070
     351       1.3711
     352       1.1410
     353       1.2176
     354       1.1296
     355       0.6986
     356       0.7874
     357       1.4432
     358       1.2288
     359       0.8294
     360       0.8624
     361       1.0276
     362       0.9531
     363       1.0011
     364       1.0032
     365       0.9662
     366       1.0409
     367       0.8804
     368       0.5911
     369       0.6201
     370       0.7029
     371       0.7279
     372       1.3076
     373       1.0430
     374       0.6588
     375       0.9248
     376       0.7813
     377       0.8711
     378       1.0471
     379       0.8233
     380       0.7806
     381       0.8135
     382       0.8113
     383       0.7966
     384       0.7980
     385       0.6831
     386       0.7082
     387       0.8676
     388       0.8315
     389       0.8847
     390       0.8967
     391       1.0512
     392       1.0790
     393       1.3780
     394       1.2814
     395       1.2345
     396       1.5219
     397       1.3577
     398       1.1074
     399       0.9860
     400       1.4077
     401       1.3650
     402       1.2779
     403       1.0437
     404       1.2691
     405       1.0734
     406       0.8853
     407       1.1933
     408       0.6975
     409       0.7878
     410       0.6857
     411       0.8281
     412       1.0621
     413       1.1462
     414       1.3311
     415       0.7997
     416       0.7821
     417       0.8499
     418       0.5100
     419       0.5354
     420       0.8512
     421       0.8493
     422       0.7065
     423       0.9423
     424       0.5849
     425       0.9945
     426       0.9661
     427       1.0180
     428       0.5875
     429       0.6543
     430       0.9061
     431       0.7099
     432       0.6226
     433       0.9446
     434       0.5290
     435       0.9391
     436       0.8614
     437       0.7120
     438       0.4986
     439       0.8165
     440       0.6488
     441       0.5922
     442       0.6503
     443       0.5767
     444       0.9155
     445       0.9755
     446       0.5751
     447       0.5369
     448       0.7220
     449       0.7103
     450       0.9160
     451       0.8159
     452       0.5529
     453       0.5141
     454       0.5258
     455       0.7184
     456       0.6266
     457       0.6750
     458       0.6009
     459       0.8687
     460       1.1721
     461       1.4680
     462       0.9047
     463       1.1336
     464       1.2767
     465       1.3526
     466       1.3333
     467       1.1870
     468       1.1251
     469       1.1929
     470       1.1563
     471       0.8585
     472       1.3568
     473       1.6141
     474       1.3408
     475       1.2413
     476       1.0370
     477       1.0833
     478       1.5358
     479       1.0776
     480       1.1749
     481       1.2839
     482       1.3413
     483       1.3705
     484       1.3809
     485       1.0859
     486       1.2191
     487       1.0497
     488       1.1490
     489       1.1422
     490       1.2154
     491       1.3300
     492       1.2419
     493       1.3567
     494       1.4148
     495       1.8819
     496       1.7699
     497       1.2131
     498       1.3987
     499       0.9751
     500       1.3658
     501       1.3903
     502       0.9229
     503       1.1182
     504       1.0779
     505       0.8680
     506       1.0672
     507       1.2307
     508       1.2529
     509       1.4460
     510       1.7449
     511       1.3172
     512       1.2668
     513       1.3132
     514       1.2152
     515       1.2560
     516       1.0705
     517       0.9845
     518       1.1634
     519       1.3608
     520       1.2367
     521       1.3267
     522       1.3161
     523       1.6125
     524       1.1940
     525       1.2498
     526       1.4537
     527       1.2000
     528       0.7967
     529       0.9583
     530       1.0240
     531       0.7842
     532       1.1260
     533       0.9565
     534       1.0319
     535       1.0904
     536       0.9936
     537       1.0557
     538       1.6192
     539       1.2985
     540       1.3800
     541       1.4631
     542       1.3671
     543       1.3639
     544       1.3618
     545       1.7313
     546       1.8410
     547       1.5804
     548       1.3478
     549       1.2079
     550       1.2203
     551       1.3062
     552       1.3004
     553       1.3838
     554       1.0321
     555       0.8482
     556       1.2442
     557       1.0525
     558       1.1589
     559       1.0736
     560       1.1872
     561       1.0109
     562       0.8911
     563       1.0076
     564       1.0482
     565       0.8654
     566       1.0101
     567       1.5125
     568       1.2442
     569       1.3776
     570       1.2287
     571       1.2583
     572       1.3562
     573       1.7908
     574       1.3009
     575       1.5243
     576       1.7684
     577       1.4003
     578       1.6746
     579       1.4283
     580       1.6252
     581       1.3424
     582       1.4175
     583       1.2052
     584       1.3041
     585       1.7392
     586       1.4221
     587       1.5090
     588       1.2313
     589       1.3147
     590       1.1022
     591       1.1583
     592       1.0781
     593       1.2844
     594       1.5489
     595       1.5065
     596       1.2059
     597       0.8329
     598       0.8788
     599       0.9156
     600       0.9788
     601       0.9502
     602       0.7172
     603       0.5569
     604       0.9690
     605       1.0535
     606       0.9510
     607       1.1941
     608       0.6182
     609       0.6711
     610       0.7341
     611       0.8907
     612       1.1839
     613       1.2543
     614       0.7175
     615       0.4171
     616       0.5019
     617       0.7195
     618       0.9632
     619       0.8291
     620       0.9146
     621       0.9780
     622       1.1638
     623       1.0641
     624       0.8561
     625       1.1191
     626       0.6463
     627       0.7796
     628       1.0399
     629       1.0221
     630       0.7395
     631       0.6439
     632       0.7729
     633       0.7662
     634       0.4748
     635       0.5771
     636       0.7736
     637       0.6959
     638       1.2075
     639       0.8054
     640       0.6801
     641       0.9158
     642       1.0817
     643       0.7428
     644       0.6578
     645       0.7474
     646       0.7408
     647       0.7968
     648       1.1032
     649       1.0519
     650       1.2762
     651       0.9490
     652       0.6349
     653       0.7961
     654       0.8729
     655       1.2397
     656       0.8257
     657       1.2502
     658       1.2829
     659       1.4111
     660       1.0881
     661       0.8736
     662       0.7209
     663       0.5906
     664       0.9702
     665       0.9481
     666       0.4775
     667       0.7803
     668       0.5881
     669       0.7736
     670       0.3429
     671       0.4833
     672       0.6092
     673       0.3104
     674       0.8043
     675       0.7565
     676       0.6304
     677       0.6065
     678       0.5983
     679       0.8312
     680       1.0100
     681       1.3318
     682       1.0442
     683       1.1994
     684       0.6504
     685       0.7953
     686       0.9308
     687       1.0666
     688       0.8165
     689       0.5856
     690       0.8690
     691       0.8936
     692       1.1492
     693       0.9061
     694       0.9489
     695       1.1143
     696       1.2461
     697       1.5105
     698       1.3977
     699       1.7335
     700       1.6888
     701       1.4132
     702       1.3620
     703       1.3735
     704       1.4207
     705       1.6163
     706       1.1657
     707       1.1146
     708       1.1674
     709       0.8609
     710       0.9343
     711       0.7238
     712       0.5800
     713       0.9313
     714       0.6872
     715       0.7137
     716       1.0902
     717       1.1453
     718       1.2911
     719       0.6479
     720       0.5819
     721       0.6973
     722       1.4624
     723       1.4263
     724       1.1218
     725       0.9733
     726       0.8913
     727       1.0915
     728       1.1201
     729       1.0276
     730       0.9731
     731       0.8251
     732       1.3951
     733       1.2906
     734       1.1093
     735       1.6523
     736       1.1288
     737       1.3082
     738       1.1746
     739       1.6569
     740       0.9659
     741       1.2368
     742       1.1303
     743       1.0195
     744       0.8797
     745       0.9474
     746       1.2542
     747       1.0208
     748       1.1065
     749       0.8009
     750       1.2697
     751       0.9355
     752       1.3788
     753       1.3280
     754       0.7694
     755       0.7302
     756       0.6177
     757       0.7643
     758       0.9313
     759       0.7911
     760       0.7320
     761       0.8419
     762       0.7917
     763       1.5128
     764       1.0462
     765       1.1219
     766       1.2475
     767       0.7422
     768       0.7163
     769       0.6741
     770       1.0512
     771       0.8684
     772       1.0187
     773       1.5157
     774       0.7362
     775       0.9715
     776       0.7453
     777       0.8350
     778       0.7695
     779       1.0120
     780       0.6925
     781       0.5878
     782       0.7731
     783       0.6117
     784       0.7213
     785       0.7560
     786       0.7045
     787       0.8065
     788       0.7952
     789       0.5680
     790       0.9481
     791       0.6247
     792       0.5031
     793       0.9904
     794       0.6515
     795       0.4777
     796       0.8037
     797       0.5409
     798       0.8271
     799       0.6725
     800       0.6877
     801       0.7473
     802       0.8830
     803       0.6656
     804       0.6294
     805       0.5185
     806       0.7747
     807       0.5698
     808       0.4959
     809       0.9614
     810       0.8237
     811       0.7632
     812       0.8274
     813       0.7705
     814       0.7191
     815       0.6109
     816       0.5647
     817       0.7212
     818       0.9029
     819       0.4872
     820       0.9910
     821       0.8451
     822       0.8599
     823       0.6720
     824       0.6100
     825       0.8634
     826       0.6515
     827       0.4123
     828       0.8281
     829       0.7067
     830       0.7581
     831       0.7660
     832       0.6691
     833       1.0994
     834       0.7543
     835       0.8998
     836       1.0242
     837       0.7688
     838       1.4191
     839       1.0786
     840       0.8382
     841       0.7200
     842       0.8219
     843       1.0028
     844       0.6619
     845       0.5605
     846       0.6608
     847       0.5718
     848       0.7871
     849       0.9840
     850       1.1342
     851       0.6227
     852       0.9374
     853       0.7698
     854       0.5170
     855       1.0870
     856       1.2189
     857       1.0092
     858       1.1545
     859       1.2299
     860       1.3871
     861       1.5379
     862       0.9695
     863       0.8460
     864       0.7272
     865       1.1400
     866       0.5674
     867       0.8331
     868       0.6180
     869       1.0750
     870       1.4359
     871       1.0610
     872       0.9052
     873       1.2157
     874       1.0620
     875       1.2972
     876       0.9821
     877       1.0221
     878       0.7758
     879       0.9370
     880       0.9225
     881       0.7047
     882       0.7214
     883       0.6889
     884       0.9370
     885       0.6648
     886       0.7025
     887       0.3966
     888       0.7690
     889       0.8086
     890       1.3611
     891       1.3155
     892       1.3757
     893       1.2672
     894       1.4163
     895       1.6959
     896       1.5325
     897       1.0765
     898       1.3166
     899       1.2215
     900       1.3371
     901       0.7873
     902       1.1147
     903       0.7907
     904       0.9999
     905       1.0603
     906       1.0834
     907       1.1050
     908       1.2384
     909       1.2315
     910       1.3597
     911       0.7282
     912       0.6808
     913       0.7821
     914       0.9394
     915       0.9477
     916       1.1302
     917       0.8842
     918       1.1337
     919       1.0171
     920       0.9287
     921       0.8698
     922       0.8257
     923       1.0380
     924       1.8781
     925       1.0166
     926       0.9772
     927       0.6820
     928       0.6540
     929       0.5489
     930       0.7010
     931       0.8312
     932       1.0957
     933       0.5723
     934       0.5672
     935       0.7023
     936       0.9129
     937       0.7896
     938       0.8486
     939       0.7505
     940       0.9343
     941       1.1282
     942       0.7640
     943       0.6327
     944       0.8957
     945       0.9732
     946       0.6922
     947       1.1486
     948       0.6252
     949       0.6967
     950       0.5843
     951       0.5534
     952       0.7832
     953       0.9303
     954       0.7953
     955       0.7175
     956       1.0627
     957       0.7914
     958       0.8193
     959       1.0645
     960       0.7641
     961       0.8851
     962       0.9249
     963       0.5329
     964       1.2230
     965       0.5675
     966       1.0455
     967       0.9612
     968       1.0607
     969       0.7197
     970       0.9224
     971       1.2485
     972       0.8752
     973       0.9294
     974       0.6147
     975       0.7037
     976       0.8484
     977       0.7954
     978       0.8839
     979       1.1877
     980       0.6292
     981       0.8847
     982       0.6818
     983       0.4703
     984       0.8134
     985       1.0122
     986       1.4259
     987       1.2463
     988       1.0161
     989       1.0627
     990       0.7335
     991       1.2095
     992       0.7956
     993       0.6661
     994       1.0967
     995       1.1922
     996       0.8591
     997       1.0303
     998       0.9628
     999       0.7911
    1000       0.5868
    1001       0.7214
    1002       0.7632
    1003       0.7588
    1004       0.8233
    1005       0.9272
    1006       0.8430
    1007       0.5582
    1008       0.5818
    1009       0.4606
    1010       0.7099
    1011       0.7348
    1012       0.6991
    1013       0.8717
    1014       0.6529
    1015       0.5012
    1016       0.7048
    1017       1.0138
    1018       0.6415
    1019       0.9732
    1020       1.4257
    1021       1.4701
    1022       1.0229
    1023       0.8436
    1024       1.1471
    1025       0.6866
    1026       0.6138
    1027       0.8219
    1028       0.5955
    1029       0.5848
    1030       1.0245
    1031       1.0329
    1032       0.8366
    1033       0.9449
    1034       0.9897
    1035       1.3317
    1036       1.1835
    1037       1.1289
    1038       1.2184
    1039       1.1452
    1040       1.2882
    1041       1.3154
    1042       1.4021
    1043       1.1985
    1044       1.3632
    1045       1.0677
    1046       1.1710
    1047       0.9459
    1048       1.1991
    1049       0.6215
    1050       1.0316
    1051       1.1465
    1052       0.7545
    1053       0.9278
    1054       1.0077
    1055       0.8635
    1056       1.0577
    1057       1.3779
    1058       0.9628
    1059       1.0389
    1060       1.4536
    1061       1.0414
    1062       0.9575
    1063       1.5609
    1064       0.9751
    1065       1.0148
    1066       0.8040
    1067       0.8597
    1068       0.7840
    1069       1.2536
    1070       1.4855
    1071       1.8683
    1072       1.7788
    1073       1.1665
    1074       1.1572
    1075       0.9083
    1076       0.6471
    1077       0.6051
    1078       0.6625
    1079       0.9365
    1080       0.6315
    1081       1.2066
    1082       0.6566
    1083       0.7620
    1084       0.9558
    1085       1.1870
    1086       1.0260
    1087       0.7993
    1088       1.2570
    1089       1.1144
    1090       1.2103
    1091       0.8278
    1092       0.8176
    1093       1.3796
    1094       1.1301
    1095       0.5785
    1096       0.7370
    1097       0.6789
    1098       0.9117
    1099       1.0174
    1100       0.8705
    1101       0.7529
    1102       0.5579
    1103       0.8999
    1104       1.1868
    1105       0.5608
    1106       0.5836
    1107       0.6599
    1108       1.1339
    1109       0.9968
    1110       0.9244
    1111       0.5283
    1112       0.8458
    1113       0.5497
    1114       0.7167
    1115       0.7914
    1116       0.7746
    1117       0.4717
    1118       0.6676
    1119       0.8034
    1120       0.7324
    1121       0.8445
    1122       0.6385
    1123       0.7389
    1124       0.7013
    1125       0.7681
    1126       0.9998
    1127       0.6213
    1128       1.2351
    1129       0.7555
    1130       0.5097
    1131       0.5319
    1132       0.5883
    1133       0.6963
    1134       0.6367
    1135       0.6901
    1136       0.6339
    1137       0.4487
    1138       0.6930
    1139       0.7282
    1140       0.5939
    1141       0.7367
    1142       0.5879
    1143       0.9676
    1144       0.8598
    1145       0.8955
    1146       0.8486
    1147       0.5906
    1148       0.7613
    1149       0.9005
    1150       0.5423
    1151       0.6294
    1152       0.5375
    1153       1.2487
    1154       1.0220
    1155       1.0030
    1156       0.7968
    1157       0.8247
    1158       0.7338
    1159       0.7003
    1160       1.0463
    1161       1.0116
    1162       1.0333
    1163       1.1060
    1164       1.3530
    1165       1.3557
    1166       1.0939
    1167       0.9155
    1168       1.0283
    1169       1.0733
    1170       0.8866
    1171       1.0133
    1172       1.5302
    1173       1.5844
    1174       1.4757
    1175       1.4824
    1176       1.8337
    1177       1.5084
    1178       1.0284
    1179       1.1438
    1180       1.6474
    1181       1.4849
    1182       1.3041
    1183       1.0868
    1184       1.4533
    1185       1.4137
    1186       1.2862
    1187       1.0582
    1188       0.9168
    1189       1.2392
    1190       1.4798
    1191       1.2435
    1192       0.7846
    1193       0.9502
    1194       1.2095
    1195       1.3963
    1196       1.1154
    1197       0.9496
    1198       0.6794
    1199       1.0685
    1200       1.0974
    1201       1.2088
    1202       0.9838
    1203       0.9481
    1204       1.3397
    1205       1.2038
    1206       1.4382
    1207       1.7349
    1208       1.2698
    1209       0.9431
    1210       0.8387
    1211       1.0888
    1212       0.8468
    1213       1.0880
    1214       0.8370
    1215       1.1323
    1216       0.8724
    1217       0.9102
    1218       1.2651
    1219       0.9326
    1220       0.7582
    1221       1.1911
    1222       1.5664
    1223       1.9556
    1224       2.2620
    1225       1.5541
    1226       1.8520
    1227       1.9840
    1228       1.7504
    1229       2.1831
    1230       1.5051
    1231       1.4832
    1232       0.7313
    1233       1.0873
    1234       1.4904
    1235       1.3019
    1236       1.4015
    1237       0.9110
    1238       1.1666
    1239       0.8525
    1240       1.5228
    1241       1.0504
    1242       1.6219
    1243       1.6073
    1244       1.4210
    1245       1.3432
    1246       1.0960
    1247       1.0596
    1248       1.5094
    1249       1.6087
    1250       1.9812
    1251       1.1805
    1252       1.0326
    1253       1.3638
    1254       1.5767
    1255       1.5805
    1256       1.9113
    1257       1.5867
    1258       1.6073
    1259       1.4865
    1260       1.3382
    1261       1.0461
    1262       1.0892
    1263       1.2382
    1264       1.2373
    1265       1.0246
    1266       0.9745
    1267       0.9383
    1268       0.9894
    1269       1.3097
    1270       1.7710
    1271       1.6514
    1272       1.5380
    1273       1.0081
    1274       0.9876
    1275       0.9680
    1276       1.2886
    1277       0.7885
    1278       1.3276
    1279       1.0688
    1280       1.3135
    1281       1.2357
    1282       1.8223
    1283       2.0021
    1284       2.0534
    1285       1.5278
    1286       1.6166
    1287       1.5776
    1288       1.4486
    1289       0.9488
    1290       0.7752
    1291       1.0645
    1292       0.8307
    1293       1.5368
    1294       1.1645
    1295       1.2436
    1296       1.5827
    1297       1.5287
    1298       1.5313
    1299       0.9673
    1300       1.0940
    1301       1.0961
    1302       1.3140
    1303       1.2749
    1304       1.4148
    1305       1.3417
    1306       1.2075
    1307       1.3194
    1308       0.9040
    1309       1.6382
    1310       1.1012
    1311       1.2311
    1312       0.7993
    1313       1.3916
    1314       1.3141
    1315       1.4376
    1316       1.1205
    1317       1.3515
    1318       1.4521
    1319       1.3736
    1320       1.8520
    1321       1.6591
    1322       1.5121
    1323       1.7962
    1324       1.4205
    1325       1.3247
    1326       0.7510
    1327       1.7393
    1328       1.1346
    1329       1.0134
    1330       0.9117
    1331       1.6130
    1332       1.4519
    1333       1.5041
    1334       1.3319
    1335       1.3564
    1336       1.4367
    1337       1.3602
    1338       1.3779
    1339       1.2400
    1340       1.5998
    1341       1.1312
    1342       1.5758
    1343       1.2396
    1344       1.6626
    1345       1.8583
    1346       1.3468
    1347       1.1656
    1348       1.0329
    1349       1.3802
    1350       1.2128
    1351       1.3563
    1352       1.1904
    1353       1.2605
    1354       1.3083
    1355       0.9578
    1356       0.6733
    1357       0.9116
    1358       1.4788
    1359       1.4400
    1360       0.8897
    1361       1.2727
    1362       1.1889
    1363       1.6010
    1364       1.0916
    1365       0.9995
    1366       1.0346
    1367       1.2867
    1368       1.0431
    1369       1.1285
    1370       1.6969
    1371       1.8795
    1372       1.8074
    1373       1.4205
    1374       1.5508
    1375       1.5975
    1376       1.8522
    1377       1.6113
    1378       1.8726
    1379       0.9713
    1380       0.8770
    1381       1.0479
    1382       0.8163
    1383       1.2223
    1384       1.1252
    1385       1.4900
    1386       1.2782
    1387       1.5819
    1388       1.1193
    1389       1.0812
    1390       1.6960
    1391       1.3706
    1392       1.0054
    1393       1.3665
    1394       1.1385
    1395       1.2858
    1396       1.3001
    1397       1.6975
    1398       1.2973
    1399       1.1562
    1400       1.1533
    1401       1.6323
    1402       1.4596
    1403       1.2741
    1404       1.2766
    1405       1.6410
    1406       1.1001
    1407       0.4874
    1408       1.1129
    1409       1.0126
    1410       0.8403
    1411       0.7056
    1412       1.1526
    1413       1.3751
    1414       1.6526
    1415       1.0875
    1416       1.1001
    1417       1.4017
    1418       1.1572
    1419       1.2729
    1420       1.2777
    1421       1.2939
    1422       1.5344
    1423       1.1382
    1424       1.0703
    1425       1.1093
    1426       0.8829
    1427       0.4529
    1428       1.1617
    1429       0.9457
    1430       0.9813
    1431       0.7328
    1432       0.8063
    1433       1.1070
    1434       1.0140
    1435       1.2448
    1436       0.9570
    1437       0.9630
    1438       0.8148
    1439       1.1601
    1440       0.5525
    1441       0.8598
    1442       0.5107
    1443       0.7551
    1444       0.6838
    1445       0.7894
    1446       0.7348
    1447       1.2135
    1448       1.1820
    1449       1.1246
    1450       0.6967
    1451       0.7569
    1452       0.8310
    1453       0.7110
    1454       0.6827
    1455       0.8497
    1456       0.7287
    1457       0.7961
    1458       1.1761
    1459       1.5462
    1460       1.1985
    1461       1.4740
    1462       1.2721
    1463       1.3595
    1464       0.8976
    1465       1.4003
    1466       1.1673
    1467       0.8351
    1468       0.8223
    1469       0.9413
    1470       1.3406
    1471       1.2147
    1472       1.7381
    1473       1.5866
    1474       1.5398
    1475       1.5054
    1476       1.1988
    1477       1.2149
    1478       1.2911
    1479       1.4183
    1480       1.6875
    1481       1.5430
    1482       1.5706
    1483       1.7161
    1484       1.0678
    1485       1.2891
    1486       1.1941
    1487       1.7154
    1488       1.9148
    1489       1.3097
    1490       1.1691
    1491       1.4547
    1492       1.0601
    1493       1.4339
    1494       1.4174
    1495       0.9389
    1496       0.9480
    1497       1.0295
    1498       1.2256
    1499       0.9676
    1500       1.3586
    1501       1.4121
    1502       0.9484
    1503       1.1054
    1504       1.0477
    1505       1.1616
    1506       1.4088
    1507       1.0422
    1508       1.0552
    1509       0.8727
    1510       0.7354
    1511       1.0521
    1512       0.6973
    1513       1.2089
    1514       0.8317
    1515       0.8871
    1516       0.9738
    1517       1.2525
    1518       1.1711
    1519       0.8607
    1520       1.0045
    1521       1.3358
    1522       1.5638
    1523       1.5541
    1524       1.0640
    1525       1.0105
    1526       0.7998
    1527       1.0236
    1528       1.3518
    1529       1.2143
    1530       1.2264
    1531       1.7872
    1532       1.5999
    1533       1.0685
    1534       1.8751
    1535       1.5950
    1536       1.1091
    1537       0.9208
    1538       1.1001
    1539       0.4740
    1540       0.9210
    1541       0.6767
    1542       1.2199
    1543       1.3381
    1544       0.9673
    1545       1.2215
    1546       1.7294
    1547       1.8003
    1548       1.1394
    1549       1.3419
    1550       2.0144
    1551       1.7691
    1552       1.5510
    1553       1.0953
    1554       1.0813
    1555       1.0497
    1556       0.9457
    1557       0.8352
    1558       0.9477
    1559       0.9489
    1560       1.4826
    1561       1.3722
    1562       1.3539
    1563       1.7488
    1564       1.7151
    1565       1.3200
    1566       1.4990
    1567       1.0313
    1568       1.6160
    1569       1.3825
    1570       1.9775
    1571       1.3540
    1572       1.2945
    1573       0.9383
    1574       1.1429
    1575       1.2927
    1576       1.4106
    1577       1.1733
    1578       1.0979
    1579       1.1939
    1580       1.3712
    1581       1.3346
    1582       1.5437
    1583       1.5649
    1584       1.6553
    1585       1.5440
    1586       1.2304
    1587       1.6362
    1588       1.4967
    1589       1.4355
    1590       1.1283
    1591       1.2649
    1592       1.4882
    1593       1.9189
    1594       1.4865
    1595       1.4886
    1596       1.1376
    1597       1.4143
    1598       1.4198
    1599       1.0823
    1600       1.2419
    1601       1.6454
    1602       1.6243
    1603       1.3186
    1604       1.6695
    1605       1.4259
    1606       1.5672
    1607       1.2567
    1608       0.9213
    1609       1.2489
    1610       1.3363
    1611       1.1282
    1612       1.1771
    1613       0.9958
    1614       1.0272
    1615       0.7556
    1616       1.2442
    1617       1.5692
    1618       1.2376
    1619       1.2985
    1620       1.3743
    1621       1.1846
    1622       1.3453
    1623       0.8058
    1624       0.8863
    1625       0.7687
    1626       1.0128
    1627       0.8365
    1628       0.7280
    1629       1.2144
    1630       0.9662
    1631       1.4078
    1632       1.0900
    1633       1.2541
    1634       1.2420
    1635       1.0744
    1636       1.0932
    1637       1.4176
    1638       1.1482
    1639       0.9388
    1640       0.9776
    1641       0.8975
    1642       1.1294
    1643       1.0702
    1644       0.8671
    1645       0.7623
    1646       1.1328
    1647       0.7346
    1648       0.9493
    1649       0.9301
    1650       0.8472
    1651       1.0828
    1652       0.7699
    1653       0.8827
    1654       0.8943
    1655       0.6010
    1656       1.1157
    1657       1.5283
    1658       1.2195
    1659       1.3159
    1660       0.7797
    1661       0.6543
    1662       0.9314
    1663       1.3309
    1664       1.1258
    1665       0.9751
    1666       1.0938
    1667       1.2807
    1668       1.3968
    1669       0.9536
    1670       0.7151
    1671       0.8845
    1672       1.3693
    1673       1.3113
    1674       1.5478
    1675       1.5245
    1676       1.3806
    1677       1.3316
    1678       1.4649
    1679       1.8405
    1680       1.4841
    1681       1.0014
    1682       1.2327
    1683       1.1006
    1684       1.1172
    1685       1.1566
    1686       1.1466
    1687       1.1496
    1688       1.0116
    1689       1.0818
    1690       0.9945
    1691       0.8070
    1692       0.8272
    1693       0.5705
    1694       0.8020
    1695       0.9551
    1696       1.2772
    1697       1.0557
    1698       0.6169
    1699       0.7519
    1700       0.6008
    1701       1.1062
    1702       0.9009
    1703       0.7535
    1704       0.5719
    1705       0.8946
    1706       0.8570
    1707       0.8374
    1708       1.3856
    1709       1.1034
    1710       1.2758
    1711       1.2578
    1712       0.9129
    1713       1.0400
    1714       0.8985
    1715       0.9181
    1716       0.6722
    1717       0.7761
    1718       1.2590
    1719       0.9873
    1720       1.6019
    1721       1.5143
    1722       1.3536
    1723       1.1010
    1724       0.8882
    1725       1.6528
    1726       1.3284
    1727       1.0226
    1728       1.6915
    1729       1.0352
    1730       1.0485
    1731       1.0365
    1732       1.1129
    1733       1.2238
    1734       1.3857
    1735       1.4666
    1736       1.2708
    1737       0.7904
    1738       0.8936
    1739       0.7889
    1740       0.9308
    1741       1.2186
    1742       0.9283
    1743       0.5878
    1744       1.0433
    1745       1.0960
    1746       1.2939
    1747       0.7329
    1748       1.0776
    1749       1.1361
    1750       1.1834
    1751       1.1663
    1752       1.5520
    1753       1.2716
    1754       0.5559
    1755       0.5505
    1756       0.5646
    1757       0.8331
    1758       0.6738
    1759       0.8884
    1760       0.6618
    1761       0.7264
    1762       0.5689
    1763       0.9155
    1764       0.8923
    1765       1.2486
    1766       0.9986
    1767       0.5303
    1768       0.6650
    1769       0.9565
    1770       1.3866
    1771       1.5851
    1772       1.4309
    1773       1.4907
    1774       1.5067
    1775       1.5757
    1776       1.6093
    1777       1.4672
    1778       1.1251
    1779       1.4928
    1780       1.1650
    1781       1.8021
    1782       1.3191
    1783       1.4854
    1784       1.2154
    1785       0.8886
    1786       1.4439
    1787       1.0064
    1788       1.2517
    1789       0.8910
    1790       1.2402
    1791       0.5707
    1792       1.3624
    1793       1.0312
    1794       1.2211
    1795       0.9535
    1796       1.0774
    1797       0.8568
    1798       1.0604
    1799       1.4844
    1800       1.1498
    1801       1.4996
    1802       1.8780
    1803       1.4064
    1804       1.0490
    1805       1.2617
    1806       1.0346
    1807       0.7630
    1808       1.0250
    1809       1.0314
    1810       1.5243
    1811       1.6008
    1812       1.1655
    1813       1.2205
    1814       1.0153
    1815       0.7261
    1816       1.2210
    1817       0.9546
    1818       0.8064
    1819       1.1859
    1820       1.2894
    1821       1.0839
    1822       0.9359
    1823       0.8033
    1824       1.0047
    1825       0.6569
    1826       0.9794
    1827       0.6856
    1828       0.5902
    1829       0.5102
    1830       0.9668
    1831       0.7130
    1832       1.0224
    1833       1.0837
    1834       1.1592
    1835       0.6521
    1836       1.1553
    1837       0.8763
    1838       0.6678
    1839       1.2403
    1840       1.1930
    1841       1.3797
    1842       1.5630
    1843       0.9189
    1844       1.3207
    1845       1.0454
    1846       0.9111
    1847       1.1272
    1848       1.6097
    1849       1.2498
    1850       0.9996
    1851       0.7791
    1852       0.9422
    1853       1.5302
    1854       1.5254
    1855       1.1697
    1856       1.6335
    1857       1.6984
    1858       1.7517
    1859       1.9252
    1860       1.2746
    1861       1.2332
    1862       0.9079
    1863       1.0025
    1864       0.7689
    1865       1.4613
    1866       1.8143
    1867       1.7956
    1868       1.3787
    1869       1.5735
    1870       1.5300
    1871       1.7169
    1872       1.2304
    1873       1.3689
    1874       1.1097
    1875       1.1818
    1876       1.1460
    1877       1.0591
    1878       1.0417
    1879       1.1825
    1880       1.3013
    1881       0.7900
    1882       1.1998
    1883       0.5172
    1884       0.8864
    1885       0.8691
    1886       1.2422
    1887       1.3615
    1888       1.5310
    1889       1.1170
    1890       1.0066
    1891       0.6865
    1892       0.8635
    1893       1.0530
    1894       0.9289
    1895       0.7827
    1896       0.6059
    1897       0.9249
    1898       1.0406
    1899       0.8098
    1900       0.7581
    1901       0.5672
    1902       1.4700
    1903       1.4256
    1904       1.5158
    1905       1.1759
    1906       1.7787
    1907       1.3687
    1908       1.3963
    1909       1.1905
    1910       1.4095
    1911       1.2977
    1912       0.8986
    1913       0.8472
    1914       0.8132
    1915       0.5453
    1916       0.5752
    1917       0.5823
    1918       0.5001
    1919       0.6163
    1920       0.7370
    1921       0.9126
    1922       0.6293
    1923       0.4465
    1924       1.0089
    1925       1.1429
    1926       0.6872
    1927       1.1106
    1928       0.6119
    1929       1.0518
    1930       1.3112
    1931       1.3609
    1932       1.1815
    1933       1.3364
    1934       1.3685
    1935       1.2229
    1936       1.3404
    1937       1.1510
    1938       1.8048
    1939       1.1380
    1940       0.8682
    1941       1.2992
    1942       1.4871
    1943       1.3068
    1944       1.2112
    1945       1.2246
    1946       1.7907
    1947       1.6814
    1948       0.9131
    1949       0.8089
    1950       0.4323
    1951       0.6937
    1952       1.2555
    1953       1.2715
    1954       1.5328
    1955       1.3173
    1956       1.3889
    1957       1.5605
    1958       1.6126
    1959       1.4076
    1960       0.9861
    1961       0.8541
    1962       0.8239
    1963       1.2800
    1964       1.4516
    1965       1.0167
    1966       1.1453
    1967       0.3280
    1968       1.2121
    1969       0.9251
    1970       1.1953
    1971       1.7700
    1972       2.1979
    1973       1.4728
    1974       1.7706
    1975       1.6530
    1976       1.5418
    1977       1.5815
    1978       1.4430
    1979       1.2999
    1980       1.3536
    1981       0.9825
    1982       1.4461
    1983       1.2694
    1984       0.9312
    1985       1.9131
    1986       1.7198
    1987       0.9632
    1988       0.9829
    1989       1.2062
    1990       1.2519
    1991       1.3707
    1992       1.5641
    1993       1.2652
    1994       1.1617
    1995       0.7694
    1996       1.4367
    1997       1.0316
    1998       0.8646
    1999       0.9674
    2000       1.2113
