#Frame              d
       1      15.3257
       2      15.3583
       3      14.7591
       4      15.0858
       5      15.0884
       6      14.8761
       7      14.8425
       8      14.9670
       9      15.0746
      10      14.8599
      11      14.8289
      12      14.8906
      13      15.0496
      14      15.3623
      15      15.3816
      16      15.4759
      17      15.1499
      18      14.7892
      19      15.5421
      20      15.4091
      21      15.3079
      22      15.2916
      23      15.1647
      24      14.4804
      25      14.5888
      26      15.0782
      27      15.4722
      28      15.5703
      29      14.9275
      30      15.3209
      31      14.9433
      32      15.0523
      33      15.8551
      34      15.6668
      35      15.6315
      36      15.4695
      37      14.9698
      38      15.0729
      39      14.4987
      40      15.5172
      41      15.5120
      42      15.2857
      43      15.7678
      44      14.8975
      45      15.4293
      46      15.1925
      47      15.0415
      48      15.1987
      49      15.1868
      50      15.6198
      51      15.5774
      52      15.2890
      53      14.9277
      54      15.4173
      55      15.5498
      56      15.3557
      57      15.3186
      58      15.1905
      59      15.3807
      60      15.1475
      61      15.2794
      62      15.3890
      63      14.9279
      64      14.6445
      65      14.4290
      66      15.0080
      67      15.0028
      68      14.6936
      69      14.9472
      70      15.3301
      71      15.4898
      72      14.6071
      73      14.9711
      74      14.8802
      75      15.2073
      76      14.7899
      77      15.0348
      78      14.8358
      79      15.0651
      80      14.9603
      81      14.8377
      82      15.0473
      83      14.8225
      84      15.0689
      85      15.2944
      86      14.6977
      87      15.2020
      88      15.2270
      89      14.9234
      90      14.8900
      91      15.0765
      92      14.9736
      93      14.7705
      94      14.4722
      95      15.0091
      96      14.6175
      97      14.5226
      98      14.9920
      99      14.7773
     100      15.0500
     101      15.3840
     102      14.9736
     103      14.4284
     104      14.6552
     105      14.8271
     106      14.6547
     107      15.8882
     108      15.5215
     109      15.0207
     110      14.6074
     111      14.8643
     112      14.4175
     113      14.6542
     114      14.9095
     115      15.1370
     116      14.9154
     117      14.7800
     118      14.6882
     119      15.2612
     120      15.2033
     121      14.7053
     122      14.4231
     123      14.4618
     124      13.4403
     125      13.3928
     126      13.4211
     127      13.5257
     128      13.2210
     129      13.4843
     130      13.6802
     131      13.8849
     132      13.7532
     133      13.7263
     134      13.4362
     135      14.5127
     136      13.7722
     137      14.5594
     138      15.1910
     139      14.4987
     140      14.7883
     141      15.0227
     142      14.8757
     143      14.8783
     144      15.4263
     145      14.9255
     146      15.6411
     147      14.5448
     148      15.1859
     149      15.4661
     150      15.7205
     151      15.2180
     152      15.2845
     153      14.5820
     154      14.7867
     155      15.4109
     156      14.2306
     157      15.3296
     158      14.9305
     159      15.4390
     160      15.2291
     161      15.2377
     162      15.2008
     163      15.2532
     164      14.5684
     165      15.4786
     166      15.7631
     167      15.5203
     168      15.4157
     169      15.5706
     170      14.5232
     171      14.5276
     172      14.9904
     173      14.9832
     174      14.9359
     175      15.3824
     176      15.5015
     177      14.8085
     178      15.5378
     179      14.3312
     180      15.2478
     181      15.3970
     182      15.5842
     183      14.9397
     184      15.0922
     185      15.3692
     186      15.0004
     187      15.4073
     188      15.0451
     189      15.1535
     190      14.5515
     191      14.5417
     192      15.0304
     193      15.0806
     194      15.2056
     195      14.7610
     196      15.5001
     197      15.4126
     198      14.8082
     199      15.0891
     200      15.3127
     201      15.1944
     202      14.6164
     203      15.3381
     204      15.0020
     205      14.9122
     206      15.6565
     207      15.5692
     208      14.8951
     209      15.0832
     210      15.7763
     211      15.5307
     212      15.6080
     213      15.0832
     214      15.6905
     215      15.1800
     216      15.2807
     217      14.8913
     218      14.8604
     219      15.0584
     220      15.1085
     221      14.8021
     222      15.1158
     223      14.9119
     224      14.8287
     225      15.0736
     226      14.9780
     227      14.8384
     228      15.1066
     229      14.9436
     230      15.1516
     231      15.3763
     232      14.9341
     233      14.7306
     234      15.1800
     235      14.9198
     236      15.1583
     237      15.0267
     238      15.2489
     239      15.4610
     240      15.4734
     241      15.3123
     242      15.0624
     243      15.6020
     244      15.7896
     245      14.9972
     246      15.0226
     247      14.7279
     248      15.1042
     249      14.7564
     250      14.7264
     251      15.2255
     252      15.0157
     253      15.0148
     254      14.9115
     255      15.3509
     256      14.7789
     257      14.4699
     258      14.7764
     259      14.6066
     260      14.9675
     261      14.6151
     262      14.2547
     263      14.5205
     264      14.0061
     265      13.4570
     266      13.3160
     267      13.7113
     268      13.6492
     269      13.1685
     270      13.5731
     271      13.5045
     272      13.4153
     273      13.9787
     274      13.6010
     275      13.7082
     276      13.5439
     277      13.9784
     278      13.9493
     279      13.8421
     280      13.8602
     281      13.6306
     282      13.3211
     283      13.9617
     284      13.9411
     285      14.4667
     286      13.6244
     287      13.7934
     288      13.7875
     289      14.0344
     290      13.9901
     291      13.4937
     292      13.9163
     293      13.6706
     294      13.4462
     295      13.5764
     296      13.5817
     297      13.7899
     298      13.4329
     299      14.3164
     300      14.3895
     301      13.4970
     302      13.3750
     303      13.9379
     304      13.7627
     305      13.6805
     306      13.7449
     307      13.8079
     308      13.6591
     309      14.2011
     310      13.5621
     311      13.5649
     312      13.3830
     313      13.3486
     314      13.5209
     315      13.2914
     316      13.4571
     317      13.9245
     318      13.9052
     319      14.0251
     320      14.0056
     321      13.6589
     322      13.2051
     323      13.7723
     324      13.4697
     325      13.7386
     326      13.9462
     327      14.4272
     328      13.6085
     329      13.5003
     330      13.7948
     331      13.4631
     332      13.8018
     333      13.5633
     334      13.2184
     335      13.7950
     336      14.1718
     337      13.7039
     338      13.5051
     339      13.6599
     340      13.5702
     341      13.4854
     342      13.3215
     343      13.1708
     344      13.7509
     345      13.7245
     346      13.5603
     347      13.6807
     348      13.8576
     349      14.5528
     350      13.9166
     351      13.6034
     352      14.1897
     353      14.1847
     354      13.7895
     355      13.8255
     356      13.6416
     357      13.7582
     358      13.5143
     359      13.4129
     360      14.0621
     361      13.7007
     362      13.4802
     363      14.0717
     364      13.6511
     365      14.1154
     366      13.9359
     367      13.8714
     368      13.9462
     369      13.9041
     370      14.0399
     371      13.6929
     372      14.1081
     373      14.0700
     374      13.7815
     375      13.9981
     376      13.7615
     377      14.2331
     378      13.9506
     379      13.5370
     380      14.1379
     381      13.9121
     382      13.8608
     383      13.8554
     384      13.5589
     385      14.3632
     386      13.7967
     387      14.2045
     388      14.2177
     389      13.5449
     390      14.0503
     391      14.2788
     392      13.0815
     393      13.0869
     394      14.0129
     395      13.7822
     396      14.5355
     397      13.9004
     398      14.1425
     399      14.1033
     400      14.1331
     401      14.2785
     402      14.2646
     403      13.8591
     404      14.4192
     405      14.2579
     406      13.7425
     407      13.6487
     408      14.3363
     409      13.6409
     410      14.0961
     411      13.7190
     412      13.5644
     413      13.6013
     414      13.9484
     415      13.9023
     416      13.7469
     417      13.1808
     418      14.2082
     419      13.4694
     420      13.9907
     421      14.1316
     422      13.8184
     423      13.7753
     424      13.7210
     425      13.9348
     426      14.0385
     427      13.8752
     428      13.9464
     429      13.7531
     430      13.8361
     431      13.7018
     432      13.2725
     433      13.7319
     434      13.3332
     435      13.5940
     436      13.9279
     437      13.8927
     438      13.9333
     439      13.5423
     440      13.7212
     441      13.4577
     442      13.5621
     443      13.3586
     444      13.0269
     445      13.9835
     446      13.8548
     447      13.7136
     448      13.4639
     449      13.9089
     450      14.0116
     451      14.0486
     452      13.3711
     453      13.4383
     454      14.3841
     455      13.2930
     456      13.9386
     457      14.0150
     458      13.6419
     459      13.6514
     460      13.6298
     461      13.9348
     462      13.5660
     463      14.0172
     464      13.7880
     465      13.7246
     466      13.8600
     467      14.4602
     468      14.0968
     469      14.1046
     470      13.8222
     471      13.9555
     472      13.9238
     473      14.0440
     474      13.6402
     475      13.3820
     476      14.4412
     477      13.7801
     478      14.1225
     479      13.7088
     480      13.1574
     481      13.6745
     482      14.0681
     483      14.4959
     484      13.5919
     485      13.8108
     486      14.0274
     487      13.3026
     488      13.9142
     489      14.9338
     490      14.1933
     491      14.3202
     492      13.9940
     493      14.5425
     494      13.7575
     495      14.6121
     496      14.5815
     497      14.5195
     498      14.3709
     499      14.0446
     500      14.1802
     501      14.3559
     502      13.7716
     503      14.2232
     504      13.5588
     505      13.7966
     506      13.9078
     507      13.4750
     508      13.7553
     509      13.9709
     510      13.7887
     511      13.7990
     512      13.8924
     513      13.6659
     514      13.7956
     515      13.4454
     516      12.7037
     517      13.5447
     518      13.7545
     519      13.8494
     520      13.8857
     521      13.7000
     522      14.4744
     523      14.7789
     524      14.0333
     525      14.2041
     526      14.4430
     527      14.3610
     528      14.5990
     529      13.5582
     530      13.6600
     531      14.1588
     532      14.0832
     533      13.7449
     534      13.8087
     535      13.6653
     536      13.4967
     537      13.3067
     538      13.6578
     539      13.6789
     540      14.1488
     541      14.1670
     542      14.1920
     543      15.2255
     544      14.6549
     545      14.5510
     546      14.7627
     547      15.1726
     548      15.1212
     549      15.3180
     550      14.9946
     551      14.3587
     552      14.2706
     553      14.6540
     554      14.3699
     555      14.2667
     556      14.1518
     557      14.4573
     558      14.5800
     559      13.7480
     560      14.7308
     561      14.6410
     562      14.2326
     563      14.9251
     564      15.2779
     565      14.6015
     566      14.6574
     567      14.4190
     568      14.5810
     569      14.3701
     570      14.1866
     571      14.0074
     572      14.2192
     573      14.7594
     574      14.6859
     575      14.8245
     576      14.3670
     577      13.8286
     578      13.5470
     579      13.5108
     580      14.1615
     581      13.3610
     582      13.3552
     583      13.5586
     584      13.6400
     585      13.7356
     586      13.4986
     587      13.9270
     588      13.8476
     589      14.0582
     590      13.4227
     591      14.7300
     592      14.3683
     593      14.0850
     594      14.5497
     595      14.9311
     596      15.3703
     597      14.5561
     598      14.3908
     599      15.2598
     600      14.9810
     601      14.7566
     602      15.0067
     603      14.9042
     604      14.7732
     605      14.8873
     606      15.1802
     607      15.4628
     608      15.4704
     609      14.8074
     610      14.9539
     611      15.4488
     612      15.9078
     613      15.8380
     614      14.9228
     615      14.6664
     616      15.1342
     617      15.3251
     618      15.1069
     619      15.0092
     620      14.8081
     621      14.8186
     622      14.6426
     623      15.1003
     624      14.7950
     625      14.7305
     626      15.2028
     627      14.8550
     628      15.3164
     629      15.1913
     630      15.2305
     631      15.3795
     632      15.4326
     633      16.1185
     634      15.2647
     635      15.1974
     636      15.5773
     637      15.2170
     638      15.2936
     639      15.1694
     640      14.8890
     641      15.3838
     642      15.3970
     643      15.4388
     644      15.7188
     645      15.4221
     646      15.0332
     647      15.2491
     648      15.2246
     649      15.4003
     650      15.4371
     651      15.2187
     652      15.4772
     653      15.3728
     654      14.9457
     655      15.6005
     656      14.9167
     657      15.9434
     658      15.7331
     659      15.5115
     660      15.6508
     661      15.3520
     662      14.7597
     663      14.8799
     664      15.3985
     665      15.1806
     666      14.9586
     667      14.6977
     668      15.2625
     669      15.1282
     670      15.2863
     671      14.9533
     672      14.8648
     673      15.0445
     674      14.9133
     675      15.4093
     676      15.1625
     677      15.5397
     678      15.3326
     679      15.6470
     680      15.5131
     681      15.3679
     682      15.5665
     683      15.0046
     684      15.5921
     685      15.4093
     686      14.8392
     687      14.9671
     688      14.8078
     689      14.9815
     690      15.2744
     691      15.5061
     692      14.8184
     693      15.2794
     694      14.1518
     695      14.7778
     696      14.3088
     697      14.2772
     698      14.3222
     699      13.5648
     700      14.0189
     701      14.5453
     702      14.6268
     703      14.9980
     704      14.3547
     705      14.5296
     706      14.9745
     707      14.8819
     708      14.8032
     709      15.2954
     710      14.8941
     711      14.8904
     712      15.1762
     713      14.3476
     714      14.8829
     715      15.0344
     716      15.0884
     717      14.9119
     718      15.3495
     719      15.3400
     720      14.9688
     721      15.3222
     722      15.5810
     723      14.9931
     724      15.0433
     725      15.2283
     726      14.9743
     727      14.8697
     728      14.7269
     729      14.4961
     730      14.6421
     731      14.8896
     732      15.0672
     733      15.1298
     734      15.3487
     735      15.1346
     736      15.1747
     737      15.1636
     738      14.8935
     739      15.0384
     740      14.7857
     741      15.1082
     742      15.2960
     743      15.0425
     744      15.7404
     745      15.3447
     746      15.2516
     747      16.0389
     748      14.9552
     749      15.3051
     750      15.2688
     751      15.6402
     752      15.5466
     753      15.6518
     754      15.1577
     755      15.1161
     756      15.1720
     757      15.0451
     758      15.4263
     759      14.7634
     760      15.3182
     761      15.3022
     762      15.0185
     763      14.2005
     764      14.4732
     765      14.7558
     766      15.0548
     767      14.8420
     768      15.1960
     769      15.3757
     770      14.8834
     771      14.9690
     772      14.7658
     773      14.7976
     774      15.1501
     775      15.2422
     776      15.3301
     777      15.3304
     778      15.0695
     779      14.9722
     780      15.2848
     781      15.1521
     782      15.0119
     783      15.2636
     784      15.3292
     785      15.1844
     786      15.0814
     787      15.1688
     788      14.7923
     789      14.9976
     790      15.0816
     791      15.3509
     792      14.9897
     793      15.5205
     794      15.7033
     795      15.4681
     796      15.3195
     797      15.2969
     798      14.8235
     799      14.8980
     800      15.0309
     801      15.3102
     802      15.2600
     803      15.0688
     804      15.3339
     805      15.3287
     806      15.4808
     807      15.1940
     808      15.2508
     809      15.1414
     810      15.4906
     811      15.0332
     812      15.4291
     813      14.9945
     814      14.8660
     815      15.3305
     816      15.0535
     817      15.2385
     818      15.4112
     819      15.0402
     820      15.0031
     821      15.0587
     822      15.4474
     823      15.3149
     824      15.4128
     825      15.0948
     826      15.1532
     827      15.6709
     828      15.4054
     829      15.3342
     830      15.2458
     831      15.3346
     832      14.9174
     833      15.0921
     834      15.5599
     835      16.0552
     836      15.4045
     837      15.2390
     838      15.9470
     839      15.3700
     840      15.6400
     841      15.3323
     842      15.8107
     843      15.5542
     844      15.3075
     845      15.5604
     846      15.4525
     847      15.3817
     848      15.2966
     849      15.4128
     850      15.0868
     851      15.6073
     852      15.7722
     853      16.0375
     854      15.4552
     855      15.7502
     856      15.6190
     857      15.7094
     858      15.8817
     859      15.2486
     860      15.0647
     861      15.1861
     862      15.3695
     863      14.9347
     864      15.2588
     865      15.2093
     866      15.6846
     867      15.8492
     868      15.2043
     869      15.5973
     870      15.2161
     871      15.1210
     872      15.6503
     873      15.1962
     874      15.2160
     875      15.1378
     876      14.3861
     877      15.1918
     878      15.6539
     879      15.6978
     880      15.1445
     881      15.5752
     882      14.9587
     883      15.0925
     884      15.2000
     885      15.1607
     886      15.5410
     887      15.3072
     888      15.6569
     889      15.4587
     890      15.8508
     891      15.8782
     892      15.8186
     893      15.5872
     894      15.2343
     895      15.8099
     896      15.2392
     897      15.5690
     898      15.0662
     899      15.1759
     900      15.4181
     901      15.4069
     902      15.7501
     903      15.7869
     904      15.4529
     905      14.5199
     906      15.2467
     907      15.0489
     908      15.2796
     909      15.1948
     910      15.3993
     911      15.6266
     912      15.4701
     913      15.9962
     914      15.7117
     915      15.1808
     916      15.8132
     917      14.8469
     918      15.3005
     919      14.8870
     920      15.5060
     921      15.4607
     922      15.5993
     923      15.2385
     924      15.0839
     925      15.2567
     926      14.8980
     927      15.4601
     928      15.1270
     929      14.3752
     930      14.8623
     931      15.0699
     932      15.4119
     933      15.3503
     934      15.0826
     935      15.1643
     936      14.6606
     937      15.5001
     938      14.6123
     939      15.0887
     940      14.8445
     941      14.9106
     942      15.2874
     943      15.4778
     944      14.7653
     945      14.9750
     946      14.9007
     947      14.8319
     948      15.0279
     949      15.0559
     950      15.0067
     951      15.4185
     952      15.3736
     953      14.9353
     954      15.1233
     955      15.4058
     956      15.1080
     957      15.2322
     958      15.3258
     959      15.0653
     960      15.3325
     961      15.2606
     962      14.7789
     963      14.9863
     964      14.8465
     965      15.3637
     966      15.3288
     967      15.1878
     968      15.1985
     969      15.9511
     970      15.1539
     971      15.6728
     972      15.4149
     973      15.1119
     974      14.9929
     975      15.1067
     976      15.2892
     977      15.4042
     978      15.1517
     979      15.2274
     980      14.7682
     981      15.0215
     982      14.7965
     983      15.2714
     984      15.4762
     985      14.9363
     986      14.7306
     987      15.1440
     988      15.0801
     989      15.4771
     990      14.7058
     991      15.3846
     992      15.3944
     993      15.5610
     994      14.9249
     995      14.1671
     996      14.5981
     997      14.8877
     998      15.2328
     999      15.0263
    1000      15.1306
    1001      14.6457
    1002      14.6052
    1003      14.8628
    1004      14.2439
    1005      14.3472
    1006      14.4210
    1007      14.6207
    1008      14.8467
    1009      14.6636
    1010      14.9558
    1011      15.1656
    1012      15.2891
    1013      14.8346
    1014      15.0526
    1015      15.0607
    1016      15.2081
    1017      15.1605
    1018      14.9840
    1019      15.0806
    1020      15.9747
    1021      15.3464
    1022      14.9612
    1023      15.4346
    1024      15.2567
    1025      14.4223
    1026      14.2779
    1027      14.4669
    1028      15.0977
    1029      14.7272
    1030      15.0443
    1031      14.7583
    1032      15.1002
    1033      14.8881
    1034      14.8669
    1035      14.6844
    1036      14.3176
    1037      13.9003
    1038      13.7747
    1039      14.4535
    1040      14.5841
    1041      14.3241
    1042      14.4254
    1043      14.4460
    1044      14.7486
    1045      14.8180
    1046      14.5756
    1047      14.6574
    1048      14.7197
    1049      14.8326
    1050      14.6655
    1051      14.7412
    1052      14.3560
    1053      14.5252
    1054      14.2178
    1055      14.5102
    1056      14.0305
    1057      14.6617
    1058      14.8393
    1059      14.0262
    1060      13.9441
    1061      14.0901
    1062      13.5143
    1063      14.2473
    1064      14.2130
    1065      13.7854
    1066      14.0227
    1067      14.3095
    1068      14.8950
    1069      15.6461
    1070      14.9404
    1071      15.2283
    1072      15.0626
    1073      15.3240
    1074      14.9965
    1075      14.8831
    1076      14.8141
    1077      15.2264
    1078      15.2376
    1079      14.5247
    1080      15.1975
    1081      14.5400
    1082      15.0636
    1083      14.5872
    1084      14.9997
    1085      14.9436
    1086      15.1056
    1087      15.1756
    1088      15.4677
    1089      15.4986
    1090      14.9284
    1091      15.3153
    1092      15.3232
    1093      15.1875
    1094      15.5972
    1095      14.8437
    1096      14.4150
    1097      15.0141
    1098      15.2194
    1099      15.2367
    1100      15.2798
    1101      15.4509
    1102      15.8281
    1103      15.4368
    1104      15.5788
    1105      15.3426
    1106      15.5769
    1107      15.6817
    1108      15.4849
    1109      15.5516
    1110      15.6023
    1111      15.3008
    1112      14.9614
    1113      15.3293
    1114      15.0461
    1115      15.5271
    1116      15.3412
    1117      15.3222
    1118      15.1878
    1119      15.1716
    1120      15.0682
    1121      15.1960
    1122      15.4213
    1123      14.9429
    1124      15.1516
    1125      15.1970
    1126      15.5597
    1127      15.1561
    1128      15.2352
    1129      15.0490
    1130      15.1392
    1131      15.1359
    1132      14.6258
    1133      15.3063
    1134      14.7104
    1135      15.0454
    1136      15.1660
    1137      15.1153
    1138      15.3670
    1139      15.6500
    1140      15.7004
    1141      15.6152
    1142      15.8569
    1143      15.5708
    1144      15.5168
    1145      15.2299
    1146      14.8428
    1147      14.6216
    1148      14.5643
    1149      14.7982
    1150      14.4898
    1151      14.7621
    1152      14.7206
    1153      15.2904
    1154      14.6050
    1155      15.1624
    1156      15.3504
    1157      15.2055
    1158      15.0610
    1159      15.2438
    1160      15.0174
    1161      15.0989
    1162      15.1359
    1163      15.2136
    1164      15.0327
    1165      15.1709
    1166      14.7088
    1167      14.9616
    1168      15.1485
    1169      15.1433
    1170      15.1074
    1171      15.2425
    1172      15.0850
    1173      14.8272
    1174      15.4059
    1175      15.0552
    1176      14.8445
    1177      14.6736
    1178      14.6511
    1179      14.8342
    1180      14.8190
    1181      14.5997
    1182      15.0092
    1183      15.4583
    1184      14.8353
    1185      15.2926
    1186      15.5258
    1187      15.1679
    1188      14.6703
    1189      14.8540
    1190      15.1222
    1191      15.4754
    1192      15.1698
    1193      15.2360
    1194      15.1409
    1195      15.2850
    1196      14.9311
    1197      15.4389
    1198      15.1012
    1199      15.1741
    1200      15.3609
    1201      15.2298
    1202      15.2770
    1203      15.8464
    1204      15.4947
    1205      15.3185
    1206      15.4495
    1207      15.1916
    1208      15.6188
    1209      15.3001
    1210      15.2106
    1211      15.0746
    1212      15.3061
    1213      15.0892
    1214      15.4365
    1215      15.3222
    1216      15.2456
    1217      15.3471
    1218      15.1169
    1219      14.8198
    1220      15.0532
    1221      15.3131
    1222      15.4172
    1223      15.0583
    1224      14.9787
    1225      15.0130
    1226      15.1884
    1227      15.4307
    1228      14.9755
    1229      15.6193
    1230      15.3873
    1231      14.9227
    1232      14.9254
    1233      14.9503
    1234      14.4107
    1235      15.1585
    1236      14.9779
    1237      15.2784
    1238      15.4918
    1239      15.1689
    1240      14.2796
    1241      14.9530
    1242      14.9664
    1243      14.9909
    1244      15.6136
    1245      15.4601
    1246      15.1018
    1247      15.3569
    1248      15.0275
    1249      15.2468
    1250      15.2850
    1251      15.2744
    1252      15.2421
    1253      14.9670
    1254      15.4321
    1255      15.1563
    1256      15.1442
    1257      14.8611
    1258      15.0489
    1259      15.0101
    1260      15.0445
    1261      15.1499
    1262      15.3098
    1263      15.0086
    1264      15.2636
    1265      15.6269
    1266      15.1557
    1267      15.5561
    1268      15.6075
    1269      15.3469
    1270      15.2922
    1271      15.2111
    1272      15.2035
    1273      15.5831
    1274      15.4105
    1275      14.8352
    1276      15.2632
    1277      14.8010
    1278      15.2288
    1279      14.7053
    1280      14.9261
    1281      14.8441
    1282      14.6454
    1283      15.5403
    1284      15.0006
    1285      14.9826
    1286      15.1259
    1287      15.3909
    1288      14.9729
    1289      15.1473
    1290      15.2249
    1291      14.9784
    1292      14.7364
    1293      15.0213
    1294      15.0524
    1295      15.5970
    1296      15.1737
    1297      15.1120
    1298      14.8179
    1299      15.0671
    1300      15.1226
    1301      14.8226
    1302      14.9173
    1303      14.8967
    1304      14.7769
    1305      15.0449
    1306      15.2277
    1307      15.3602
    1308      15.4907
    1309      15.6446
    1310      14.8129
    1311      15.7101
    1312      15.3197
    1313      15.3601
    1314      15.1013
    1315      15.9207
    1316      14.9352
    1317      15.1388
    1318      15.4330
    1319      15.4318
    1320      15.0739
    1321      15.3125
    1322      15.3808
    1323      15.1733
    1324      15.1247
    1325      15.0599
    1326      15.2082
    1327      15.1248
    1328      15.3377
    1329      15.0168
    1330      14.6151
    1331      15.2612
    1332      15.0926
    1333      14.8138
    1334      15.0392
    1335      14.8750
    1336      15.0311
    1337      15.1635
    1338      14.8660
    1339      14.9222
    1340      14.5931
    1341      15.2102
    1342      15.1979
    1343      15.1087
    1344      15.4910
    1345      15.1892
    1346      15.0395
    1347      14.6232
    1348      14.8179
    1349      14.3714
    1350      14.9153
    1351      14.9840
    1352      14.7562
    1353      14.6748
    1354      14.7443
    1355      15.1252
    1356      15.1425
    1357      14.1065
    1358      14.2339
    1359      14.1204
    1360      15.0439
    1361      15.1132
    1362      14.7813
    1363      14.7569
    1364      14.8432
    1365      14.9838
    1366      15.0165
    1367      15.2527
    1368      15.1313
    1369      14.7459
    1370      15.4559
    1371      14.9266
    1372      15.0756
    1373      14.8683
    1374      15.3327
    1375      14.9512
    1376      14.3778
    1377      15.1326
    1378      14.8529
    1379      15.3770
    1380      15.2648
    1381      15.6137
    1382      15.5323
    1383      15.3672
    1384      14.8622
    1385      14.6177
    1386      15.1202
    1387      14.3774
    1388      15.2477
    1389      15.1491
    1390      14.9813
    1391      14.7895
    1392      15.5012
    1393      15.1732
    1394      15.3711
    1395      15.0029
    1396      14.9763
    1397      14.7320
    1398      15.1464
    1399      14.7962
    1400      15.1506
    1401      14.8255
    1402      15.1594
    1403      15.4164
    1404      15.4017
    1405      15.4908
    1406      15.6413
    1407      15.6314
    1408      15.0250
    1409      15.4446
    1410      15.2384
    1411      15.1476
    1412      14.8771
    1413      15.3043
    1414      15.4327
    1415      15.2293
    1416      14.5570
    1417      14.9283
    1418      14.7810
    1419      14.9992
    1420      14.7743
    1421      15.0928
    1422      14.8116
    1423      14.6867
    1424      15.5084
    1425      14.9326
    1426      14.7479
    1427      15.0176
    1428      14.8210
    1429      15.3612
    1430      15.3380
    1431      15.4381
    1432      15.1747
    1433      15.1936
    1434      15.0106
    1435      15.3141
    1436      15.4962
    1437      15.3562
    1438      15.5364
    1439      15.1382
    1440      14.6820
    1441      14.8781
    1442      15.3473
    1443      15.1084
    1444      14.7641
    1445      15.2838
    1446      15.0488
    1447      15.0986
    1448      15.3515
    1449      14.9190
    1450      15.0723
    1451      15.0837
    1452      15.5992
    1453      14.9622
    1454      15.0944
    1455      15.0292
    1456      15.0077
    1457      15.0414
    1458      15.1744
    1459      14.7109
    1460      14.2794
    1461      14.7386
    1462      15.2476
    1463      15.1694
    1464      15.1469
    1465      15.0645
    1466      15.2165
    1467      14.8990
    1468      14.9509
    1469      15.0193
    1470      15.1189
    1471      15.1368
    1472      15.3639
    1473      15.1866
    1474      15.2173
    1475      15.1758
    1476      15.0772
    1477      14.4729
    1478      14.8493
    1479      15.1440
    1480      15.1242
    1481      14.5102
    1482      15.0039
    1483      14.9913
    1484      14.8821
    1485      15.1049
    1486      14.7033
    1487      15.1709
    1488      15.5196
    1489      14.9503
    1490      15.6504
    1491      14.8895
    1492      14.9790
    1493      15.1662
    1494      14.8837
    1495      15.0479
    1496      15.5061
    1497      15.1428
    1498      14.7790
    1499      14.9030
    1500      15.0013
    1501      15.3112
    1502      15.4082
    1503      14.9723
    1504      15.2363
    1505      15.0514
    1506      15.3328
    1507      14.9373
    1508      14.9976
    1509      15.1191
    1510      15.4457
    1511      14.1255
    1512      14.8453
    1513      14.4768
    1514      14.9044
    1515      15.2793
    1516      14.7020
    1517      14.6456
    1518      14.5914
    1519      14.1921
    1520      14.6604
    1521      15.2435
    1522      15.2349
    1523      15.5961
    1524      15.5177
    1525      15.1739
    1526      15.1229
    1527      15.0622
    1528      15.0280
    1529      15.1505
    1530      14.9549
    1531      15.0312
    1532      15.2894
    1533      15.5329
    1534      15.6067
    1535      15.1259
    1536      14.8315
    1537      15.1076
    1538      15.2369
    1539      14.9937
    1540      15.3857
    1541      14.8897
    1542      15.0830
    1543      14.6782
    1544      14.5336
    1545      15.1188
    1546      15.1833
    1547      14.9213
    1548      15.1106
    1549      15.0768
    1550      15.0911
    1551      15.5903
    1552      15.2229
    1553      15.2933
    1554      14.6364
    1555      15.1759
    1556      14.9303
    1557      14.7682
    1558      14.9342
    1559      15.4885
    1560      14.9942
    1561      14.9638
    1562      15.6554
    1563      15.0098
    1564      14.6854
    1565      15.4046
    1566      14.8187
    1567      14.8301
    1568      14.5230
    1569      15.0536
    1570      14.8598
    1571      14.5860
    1572      14.6908
    1573      15.0098
    1574      14.7313
    1575      14.4496
    1576      14.9418
    1577      14.8444
    1578      14.9561
    1579      15.1614
    1580      14.6120
    1581      15.3231
    1582      15.0353
    1583      14.8268
    1584      15.0121
    1585      15.0725
    1586      15.1398
    1587      15.0124
    1588      15.2067
    1589      15.0841
    1590      14.7848
    1591      14.6988
    1592      14.9611
    1593      15.1506
    1594      15.4729
    1595      14.9423
    1596      14.8828
    1597      14.7698
    1598      15.3693
    1599      14.6634
    1600      15.7093
    1601      14.9248
    1602      15.1956
    1603      15.0983
    1604      15.0534
    1605      14.6690
    1606      14.9443
    1607      14.9260
    1608      14.8922
    1609      15.1599
    1610      15.2538
    1611      14.7442
    1612      15.2197
    1613      14.9505
    1614      15.2264
    1615      15.2987
    1616      15.2906
    1617      15.2830
    1618      15.2366
    1619      15.1408
    1620      15.3301
    1621      15.2637
    1622      15.2142
    1623      15.1606
    1624      14.5157
    1625      14.6679
    1626      14.7154
    1627      14.5152
    1628      15.6473
    1629      14.7593
    1630      15.2996
    1631      15.2393
    1632      14.8969
    1633      14.7172
    1634      15.5268
    1635      15.3226
    1636      15.5531
    1637      15.5067
    1638      15.3465
    1639      15.5707
    1640      15.6353
    1641      15.2291
    1642      14.7873
    1643      14.9271
    1644      14.8021
    1645      15.1846
    1646      14.7780
    1647      14.8555
    1648      15.0353
    1649      15.5074
    1650      14.9934
    1651      15.8591
    1652      14.9624
    1653      14.9856
    1654      15.3031
    1655      14.9933
    1656      15.3558
    1657      14.8184
    1658      14.4648
    1659      15.0057
    1660      15.1466
    1661      15.5957
    1662      15.3157
    1663      15.0964
    1664      14.7369
    1665      15.2374
    1666      15.0706
    1667      15.0893
    1668      15.3425
    1669      15.0209
    1670      15.5381
    1671      14.9056
    1672      14.7941
    1673      14.5714
    1674      14.9979
    1675      15.1434
    1676      14.9742
    1677      14.4736
    1678      15.0744
    1679      14.9384
    1680      15.0281
    1681      14.8207
    1682      15.3678
    1683      14.9448
    1684      14.8720
    1685      15.1000
    1686      15.0550
    1687      15.0755
    1688      15.3616
    1689      15.0169
    1690      14.7406
    1691      14.8394
    1692      14.9943
    1693      15.4017
    1694      15.3145
    1695      15.1195
    1696      15.3780
    1697      15.0191
    1698      15.2895
    1699      14.4806
    1700      15.6140
    1701      14.7990
    1702      14.9564
    1703      15.1953
    1704      15.1879
    1705      15.5864
    1706      15.0037
    1707      15.1980
    1708      15.0757
    1709      15.0006
    1710      15.2228
    1711      15.5870
    1712      15.1909
    1713      14.5836
    1714      15.0296
    1715      14.6224
    1716      14.5000
    1717      14.7050
    1718      14.2980
    1719      14.4522
    1720      14.8496
    1721      15.1190
    1722      14.8186
    1723      14.9867
    1724      15.3590
    1725      15.3647
    1726      14.9185
    1727      15.0367
    1728      15.4587
    1729      15.0405
    1730      15.3279
    1731      15.7051
    1732      15.0662
    1733      14.8154
    1734      15.5704
    1735      15.4771
    1736      14.8538
    1737      15.1682
    1738      15.0088
    1739      15.4081
    1740      15.0203
    1741      14.9421
    1742      15.1472
    1743      14.8794
    1744      15.3518
    1745      15.4584
    1746      15.1087
    1747      15.5698
    1748      15.1826
    1749      14.9680
    1750      15.0881
    1751      14.8341
    1752      15.0606
    1753      15.0717
    1754      15.4644
    1755      15.2956
    1756      15.1722
    1757      15.1851
    1758      15.5645
    1759      15.3766
    1760      15.1664
    1761      14.5790
    1762      14.8298
    1763      15.1733
    1764      15.4605
    1765      15.4778
    1766      15.2813
    1767      15.0603
    1768      14.9669
    1769      14.9913
    1770      14.2137
    1771      14.7670
    1772      15.1037
    1773      15.0351
    1774      15.0048
    1775      15.1677
    1776      15.6952
    1777      15.0445
    1778      15.1207
    1779      14.7190
    1780      15.2321
    1781      14.9114
    1782      15.4551
    1783      14.6197
    1784      14.6935
    1785      15.3555
    1786      15.3596
    1787      15.6212
    1788      15.1422
    1789      15.7835
    1790      15.1051
    1791      14.8805
    1792      14.7291
    1793      15.4433
    1794      15.3698
    1795      15.0773
    1796      14.7630
    1797      15.0417
    1798      15.3424
    1799      15.2971
    1800      14.8453
    1801      15.0136
    1802      14.9832
    1803      14.6757
    1804      15.1810
    1805      14.9777
    1806      14.9570
    1807      14.9780
    1808      15.1498
    1809      15.0231
    1810      14.4841
    1811      14.5583
    1812      14.9382
    1813      15.3039
    1814      14.9616
    1815      14.6562
    1816      14.4979
    1817      14.8066
    1818      15.0646
    1819      15.5041
    1820      15.2376
    1821      14.9963
    1822      15.2579
    1823      15.0848
    1824      15.7079
    1825      14.9379
    1826      15.1390
    1827      15.3602
    1828      15.4638
    1829      15.0937
    1830      14.4026
    1831      14.5731
    1832      15.2019
    1833      15.6489
    1834      14.9103
    1835      15.6889
    1836      15.8931
    1837      15.6832
    1838      15.3656
    1839      15.3269
    1840      15.3913
    1841      15.6885
    1842      15.6336
    1843      14.9894
    1844      15.4067
    1845      14.9255
    1846      15.0948
    1847      15.5493
    1848      15.4983
    1849      15.4816
    1850      15.2889
    1851      15.7797
    1852      14.9824
    1853      15.3273
    1854      15.2778
    1855      14.7219
    1856      14.9381
    1857      15.2744
    1858      15.6794
    1859      15.8634
    1860      15.5701
    1861      15.3545
    1862      15.1817
    1863      15.7193
    1864      15.2798
    1865      15.0698
    1866      15.5078
    1867      15.1616
    1868      14.8741
    1869      14.4316
    1870      15.1166
    1871      14.7352
    1872      14.8513
    1873      15.1742
    1874      14.7014
    1875      15.0271
    1876      15.4573
    1877      14.7651
    1878      15.0561
    1879      15.1030
    1880      15.7678
    1881      14.8495
    1882      14.6364
    1883      14.8332
    1884      14.5277
    1885      15.1394
    1886      14.6998
    1887      14.7144
    1888      14.8771
    1889      15.6158
    1890      15.2545
    1891      15.1493
    1892      14.9628
    1893      14.6543
    1894      14.1811
    1895      14.5052
    1896      14.2146
    1897      14.5578
    1898      14.5919
    1899      14.7649
    1900      14.8310
    1901      14.7778
    1902      14.2161
    1903      14.4936
    1904      14.1481
    1905      14.5280
    1906      13.7444
    1907      14.5576
    1908      14.1841
    1909      14.7008
    1910      14.0517
    1911      14.0381
    1912      14.4333
    1913      14.8299
    1914      14.1340
    1915      14.8057
    1916      14.8302
    1917      14.9329
    1918      14.6958
    1919      14.7880
    1920      14.2861
    1921      14.9140
    1922      14.8196
    1923      14.9122
    1924      14.2365
    1925      13.5403
    1926      14.0238
    1927      14.4932
    1928      14.4526
    1929      14.2901
    1930      14.5248
    1931      14.8399
    1932      14.8367
    1933      14.6462
    1934      14.5636
    1935      14.7980
    1936      14.5274
    1937      14.7412
    1938      14.0864
    1939      14.6205
    1940      15.0254
    1941      14.8011
    1942      15.1049
    1943      14.7980
    1944      14.6299
    1945      14.6715
    1946      14.6325
    1947      14.6751
    1948      14.9650
    1949      15.1695
    1950      15.7261
    1951      14.7575
    1952      14.7709
    1953      14.4165
    1954      14.1094
    1955      14.2991
    1956      14.5914
    1957      14.1652
    1958      14.3171
    1959      14.3459
    1960      14.4701
    1961      14.7346
    1962      14.3994
    1963      14.6723
    1964      14.5110
    1965      14.8165
    1966      14.4744
    1967      15.1508
    1968      14.5478
    1969      14.8926
    1970      14.5310
    1971      14.6472
    1972      14.6645
    1973      14.4908
    1974      14.5297
    1975      14.7681
    1976      14.7723
    1977      14.9401
    1978      14.9164
    1979      14.7484
    1980      14.5937
    1981      14.9241
    1982      15.3882
    1983      14.5804
    1984      14.6442
    1985      14.6045
    1986      13.6719
    1987      14.5094
    1988      14.6740
    1989      14.7293
    1990      14.5146
    1991      14.6941
    1992      14.6537
    1993      14.4041
    1994      14.9205
    1995      14.8100
    1996      14.2463
    1997      14.8795
    1998      14.7974
    1999      14.1847
    2000      14.5193
