Run semi-empirical minimization
 &qmmm
  maxcyc=0, qm_theory='AM1', scfconv=1.d-10  qmcharge=0,
 /
   6    C1        1.0750       21.9360       32.6720 
   6    C2        0.6850       22.2410       33.9820 
   6    C3        1.6380       22.4210       34.9860 
   6    C4        2.9970       22.2970       34.6730 
   6    C5        3.4260       22.0150       33.3690 
   6    C6        2.4400       21.8270       32.3770 
   6    C7       -0.4430       22.7010       30.8240 
   8    O1       -0.0350       23.8490       30.6950 
   7    N1        0.0460       21.7640       31.7230 
   1    H1       -0.7210       21.2120       32.0930 
   6    C8       -2.5270       23.2720       29.5360 
   6    C9       -1.5890       22.1470       29.9700 
   6   C10       -1.0540       21.4050       28.7460 
   6   C11        4.8840       21.9120       33.0040 
   9    F1        5.5420       23.0970       33.1210 
   9    F2        5.0810       21.5240       31.7120 
   9    F3        5.5560       21.0090       33.7640 
   7    N2        3.9510       22.4590       35.7620 
   8    O2        4.4200       23.5920       35.9340 
   8    O3        4.1930       21.4630       36.4520 
   1    H2       -0.3680       22.3540       34.2330 
   1    H3        1.3180       22.6530       36.0000 
   1    H4        2.7330       21.6090       31.3500 
   1    H5       -2.9030       23.8210       30.4070 
   1    H6       -2.0190       23.9910       28.8850 
   1    H7       -3.3880       22.8720       28.9910 
   1    H8       -2.1740       21.4460       30.5780 
   1    H9       -0.4080       20.5730       29.0480 
   1   H10       -1.8730       20.9970       28.1450 
   1   H11       -0.4570       22.0690       28.1110 

