Run semi-empirical minimization
 &qmmm
  maxcyc=0, qm_theory='AM1', scfconv=1.d-10  qmcharge=0,
 /
   6    C1        0.5700       22.4380       33.6980 
   6    C2       -0.2070       22.1300       34.8210 
   6    C3        0.3850       21.9620       36.0740 
   6    C4        1.7720       22.1070       36.2030 
   6    C5        2.5790       22.4380       35.1060 
   6    C6        1.9540       22.5900       33.8500 
   6    C7       -0.3440       23.7540       31.7660 
   8    O1        0.0300       24.8740       32.0940 
   7    N1       -0.1100       22.5840       32.4720 
   1    H1       -0.9410       22.0030       32.4460 
   6    C8       -0.9640       22.0730       30.0000 
   6    C9       -1.1460       23.5120       30.4830 
   6   C10       -2.6290       23.8130       30.6940 
   6   C11        4.0680       22.6330       35.2300 
   9    F1        4.3970       23.6940       36.0150 
   9    F2        4.6720       22.8770       34.0330 
   9    F3        4.7010       21.5480       35.7450 
   7    N2        2.3470       21.8880       37.5240 
   8    O2        2.4170       22.8680       38.2760 
   8    O3        2.6890       20.7340       37.8040 
   1    H2       -1.2880       22.0260       34.7390 
   1    H3       -0.2320       21.7170       36.9370 
   1    H4        2.5470       22.8510       32.9730 
   1    H5       -1.5100       21.3430       30.6060 
   1    H6       -1.3520       21.9790       28.9790 
   1    H7        0.0930       21.7850       29.9690 
   1    H8       -0.7370       24.1860       29.7200 
   1    H9       -3.0600       23.1680       31.4680 
   1   H10       -2.7680       24.8500       31.0200 
   1   H11       -3.1950       23.6680       29.7680 

