#Res        AtomicFlx
   1.000       5.7366
   2.000       3.9211
   3.000       3.4018
   4.000       2.5429
   5.000       2.3753
   6.000       2.4464
   7.000       2.1273
   8.000       1.9717
   9.000       1.3975
  10.000       1.3075
  11.000       1.1951
  12.000       1.0006
  13.000       0.8025
  14.000       0.8788
  15.000       0.9006
  16.000       0.7014
  17.000       0.6135
  18.000       0.6985
  19.000       0.7158
  20.000       0.5856
  21.000       0.5691
  22.000       0.7448
  23.000       1.0865
  24.000       1.5641
  25.000       1.9014
  26.000       1.8095
  27.000       1.6495
  28.000       1.0969
  29.000       0.8501
  30.000       0.7173
  31.000       0.5177
  32.000       0.5077
  33.000       0.4927
  34.000       0.5002
  35.000       0.5456
  36.000       0.5505
  37.000       0.5243
  38.000       0.5487
  39.000       0.6923
  40.000       0.6733
  41.000       0.7093
  42.000       0.5466
  43.000       0.6217
  44.000       0.6198
  45.000       0.4974
  46.000       0.5090
  47.000       0.5991
  48.000       0.5539
  49.000       0.5252
  50.000       0.5944
  51.000       0.6370
  52.000       0.5550
  53.000       0.5563
  54.000       0.6386
  55.000       0.6442
  56.000       0.6941
  57.000       1.0848
  58.000       0.9962
  59.000       1.0106
  60.000       0.9501
  61.000       0.6780
  62.000       0.6759
  63.000       0.8931
  64.000       0.7892
  65.000       0.5657
  66.000       0.6057
  67.000       0.5797
  68.000       0.9028
  69.000       1.2071
  70.000       1.4997
  71.000       1.0127
  72.000       1.0041
  73.000       0.8384
  74.000       0.7674
  75.000       0.6284
  76.000       0.5835
  77.000       0.5332
  78.000       0.4397
  79.000       0.4300
  80.000       0.4902
  81.000       0.5437
  82.000       0.6787
  83.000       0.6896
  84.000       0.8556
  85.000       2.3640
  86.000       3.1359
  87.000       2.9606
  88.000       2.8420
  89.000       1.9688
  90.000       1.1846
  91.000       0.8155
  92.000       0.6130
  93.000       0.5052
  94.000       0.4353
  95.000       0.3886
  96.000       0.4061
  97.000       0.5141
  98.000       0.6842
  99.000       0.7792
 100.000       0.6262
 101.000       0.7737
 102.000       0.9022
 103.000       0.6843
 104.000       0.5434
 105.000       0.4904
 106.000       0.4226
 107.000       0.4034
 108.000       0.3903
 109.000       0.4535
 110.000       0.5108
 111.000       0.6259
 112.000       0.7568
 113.000       0.9550
 114.000       1.1954
 115.000       1.3292
 116.000       0.9340
 117.000       1.3412
 118.000       1.0833
 119.000       0.7848
 120.000       0.5776
 121.000       0.4740
 122.000       0.4281
 123.000       0.4122
 124.000       0.4355
 125.000       0.4328
 126.000       0.4214
 127.000       0.4435
 128.000       0.5248
 129.000       0.5944
 130.000       0.8764
 131.000       1.2221
 132.000       1.8044
 133.000       1.9224
 134.000       1.3475
 135.000       0.8908
 136.000       0.6381
 137.000       0.4568
 138.000       0.4373
 139.000       0.4247
 140.000       0.4409
 141.000       0.4342
 142.000       0.4489
 143.000       0.4480
 144.000       0.4813
 145.000       0.5732
 146.000       0.8015
 147.000       1.2166
 148.000       3.1098
 149.000       5.0336
 150.000       5.4598
 151.000       5.0371
 152.000       4.4927
 153.000       4.1402
 154.000       3.1015
 155.000       2.2456
 156.000       1.6744
 157.000       1.0097
 158.000       1.1103
 159.000       1.0809
 160.000       0.7610
 161.000       0.6072
 162.000       0.7654
 163.000       0.6564
 164.000       0.5395
 165.000       0.5940
 166.000       0.6382
 167.000       0.6015
 168.000       0.4775
 169.000       0.6078
 170.000       0.5659
 171.000       0.4965
 172.000       0.6009
 173.000       0.7021
 174.000       0.6264
 175.000       0.6371
 176.000       0.9406
 177.000       1.0698
 178.000       0.9982
 179.000       1.1485
 180.000       1.7014
 181.000       2.4805
 182.000       3.3170
 183.000       4.1019
 184.000       5.4292
 185.000       5.6854
 186.000       6.1055
 187.000       7.3693
 188.000       9.0554
 189.000       9.9797
 190.000      10.4689
 191.000      12.0786
