#Frame            l2o
       1      36.9289
       2      36.9784
       3      37.4030
       4      36.7604
       5      36.6203
       6      36.6905
       7      36.8975
       8      36.9608
       9      37.0091
      10      36.5589
      11      36.8286
      12      36.3910
      13      36.7981
      14      37.0944
      15      36.8251
      16      36.9109
      17      36.7770
      18      36.5162
      19      36.9454
      20      36.5908
      21      36.8740
      22      36.5854
      23      36.5709
      24      36.8654
      25      36.8526
      26      36.8050
      27      36.9525
      28      37.1133
      29      36.8622
      30      37.0450
      31      36.7530
      32      36.8536
      33      37.1222
      34      36.9439
      35      37.4146
      36      37.0226
      37      36.6393
      38      36.2704
      39      36.4498
      40      36.7316
      41      37.2287
      42      36.7188
      43      37.1957
      44      36.7811
      45      36.9585
      46      37.0607
      47      37.0127
      48      36.7012
      49      36.5867
      50      37.1552
      51      37.2621
      52      36.9899
      53      37.0691
      54      37.3250
      55      37.3896
      56      37.0783
      57      37.2310
      58      36.7354
      59      36.8500
      60      37.1364
      61      37.0189
      62      36.7766
      63      37.0547
      64      37.1159
      65      36.8779
      66      37.2692
      67      37.2536
      68      37.0808
      69      36.6836
      70      37.0136
      71      36.9426
      72      37.0021
      73      36.9532
      74      36.9558
      75      36.7442
      76      36.8155
      77      36.8435
      78      36.4881
      79      36.6514
      80      36.6617
      81      36.6219
      82      36.5035
      83      36.5768
      84      36.5978
      85      36.6049
      86      36.5252
      87      36.7330
      88      36.6976
      89      36.0709
      90      36.6477
      91      36.7769
      92      36.6046
      93      36.9123
      94      37.2862
      95      36.8083
      96      36.9872
      97      36.7669
      98      36.7271
      99      36.7898
     100      36.7701
     101      36.7166
     102      36.8887
     103      36.9898
     104      36.9463
     105      36.9287
     106      36.8346
     107      36.6886
     108      37.0501
     109      37.3990
     110      37.0195
     111      37.3834
     112      37.1982
     113      37.1830
     114      37.3001
     115      37.0763
     116      37.2577
     117      36.9619
     118      36.9655
     119      37.0679
     120      36.7839
     121      37.0254
     122      37.0744
     123      36.7538
     124      37.0453
     125      36.7471
     126      36.5153
     127      36.8363
     128      36.5790
     129      36.7525
     130      36.8968
     131      37.0883
     132      36.3400
     133      36.7065
     134      36.4408
     135      36.8888
     136      36.7668
     137      36.5466
     138      36.6723
     139      36.6376
     140      36.6334
     141      36.8149
     142      36.6991
     143      37.2859
     144      36.8578
     145      37.4608
     146      36.9985
     147      37.0873
     148      36.8536
     149      37.2226
     150      37.5159
     151      37.5347
     152      37.4036
     153      37.0512
     154      37.2477
     155      37.8833
     156      37.6243
     157      37.7306
     158      37.5559
     159      37.9340
     160      37.9792
     161      37.9958
     162      37.6201
     163      37.7411
     164      38.3519
     165      37.3250
     166      36.8742
     167      37.1841
     168      37.3176
     169      37.3123
     170      37.0830
     171      37.4135
     172      37.3982
     173      37.2811
     174      37.2870
     175      37.5137
     176      37.2406
     177      36.9429
     178      36.9446
     179      37.5173
     180      37.1558
     181      36.9871
     182      37.1822
     183      37.2602
     184      36.9066
     185      36.9117
     186      36.8134
     187      36.7189
     188      36.7173
     189      36.6995
     190      37.1248
     191      37.0526
     192      37.0343
     193      36.7104
     194      36.9549
     195      36.4798
     196      36.5705
     197      36.3175
     198      36.4801
     199      36.3898
     200      36.0572
     201      36.7606
     202      36.6764
     203      36.1031
     204      36.7824
     205      36.6996
     206      36.7799
     207      36.7236
     208      37.2137
     209      37.0951
     210      37.2831
     211      36.9549
     212      37.0021
     213      36.8155
     214      37.0497
     215      36.9524
     216      37.0819
     217      36.8506
     218      37.1216
     219      36.9264
     220      36.9602
     221      37.4060
     222      37.1688
     223      36.8724
     224      36.8670
     225      37.1426
     226      36.9275
     227      36.4925
     228      36.9154
     229      37.0104
     230      36.6331
     231      36.9561
     232      36.7557
     233      37.0976
     234      37.1899
     235      37.2448
     236      37.1637
     237      36.8647
     238      36.8313
     239      36.6489
     240      36.7046
     241      36.5357
     242      36.9132
     243      36.7989
     244      36.8304
     245      37.0991
     246      36.6297
     247      36.9659
     248      36.8168
     249      37.0374
     250      37.4495
     251      36.5110
     252      37.2242
     253      37.1207
     254      36.5198
     255      36.6155
     256      37.3164
     257      37.2257
     258      37.0053
     259      37.4407
     260      37.1651
     261      37.3484
     262      37.5722
     263      37.3379
     264      37.0663
     265      36.8098
     266      36.9279
     267      37.2083
     268      36.9576
     269      37.0589
     270      37.6261
     271      37.3837
     272      37.1235
     273      37.3955
     274      36.9965
     275      36.8523
     276      37.1615
     277      37.4202
     278      37.1144
     279      37.4990
     280      37.2680
     281      37.7315
     282      37.3239
     283      37.1101
     284      37.4954
     285      37.0413
     286      37.2670
     287      37.3841
     288      37.7715
     289      37.1486
     290      37.3028
     291      37.0574
     292      37.2565
     293      37.0356
     294      36.9200
     295      36.9156
     296      36.6403
     297      36.4711
     298      36.1069
     299      36.6339
     300      36.8416
     301      36.6789
     302      36.3513
     303      36.0416
     304      36.2926
     305      36.3902
     306      36.6819
     307      36.6489
     308      36.7985
     309      36.2805
     310      36.4015
     311      36.2449
     312      36.5075
     313      36.3898
     314      36.7934
     315      36.7433
     316      36.6609
     317      36.8747
     318      36.6344
     319      36.4941
     320      36.6149
     321      36.7220
     322      36.3061
     323      36.7006
     324      36.4135
     325      36.4713
     326      36.2408
     327      36.5085
     328      36.5444
     329      36.5038
     330      36.3015
     331      36.1517
     332      36.6684
     333      36.6136
     334      36.6756
     335      36.2737
     336      36.5735
     337      36.2767
     338      36.5942
     339      36.6780
     340      36.4808
     341      36.6349
     342      36.5833
     343      36.1947
     344      36.1022
     345      36.0260
     346      36.1353
     347      36.5882
     348      36.3368
     349      36.4153
     350      36.1449
     351      36.5259
     352      36.6839
     353      36.5166
     354      36.6085
     355      37.0765
     356      36.7385
     357      37.0438
     358      36.7963
     359      36.5834
     360      37.1978
     361      36.8007
     362      37.0829
     363      37.1531
     364      36.9415
     365      36.8109
     366      36.9443
     367      37.1470
     368      37.0798
     369      36.1168
     370      36.2203
     371      36.3274
     372      36.7104
     373      36.7796
     374      36.7698
     375      36.4086
     376      36.8513
     377      36.8923
     378      36.7403
     379      37.0650
     380      36.8565
     381      36.5326
     382      36.5913
     383      36.8082
     384      37.1596
     385      36.4755
     386      36.5301
     387      36.8144
     388      36.9320
     389      36.9785
     390      36.7437
     391      36.1633
     392      36.6979
     393      36.5101
     394      36.2573
     395      36.3442
     396      36.3922
     397      36.3756
     398      36.5603
     399      36.7056
     400      36.4257
     401      36.6216
     402      36.1579
     403      36.1760
     404      36.1519
     405      36.4328
     406      36.4353
     407      36.3188
     408      37.2083
     409      37.2735
     410      37.2425
     411      37.0454
     412      36.7806
     413      36.2119
     414      36.2454
     415      35.7402
     416      36.2832
     417      36.6540
     418      36.8419
     419      36.7313
     420      36.9251
     421      36.3314
     422      36.9047
     423      36.7083
     424      36.8077
     425      36.4611
     426      36.8071
     427      37.1822
     428      36.8189
     429      36.7742
     430      36.8677
     431      36.6165
     432      36.3460
     433      36.3781
     434      36.6895
     435      36.8928
     436      36.6515
     437      36.5000
     438      36.7787
     439      36.6370
     440      36.2473
     441      36.5063
     442      36.7153
     443      36.5726
     444      36.1728
     445      36.6591
     446      36.5038
     447      36.1163
     448      36.4987
     449      35.8193
     450      35.9949
     451      36.5068
     452      36.9223
     453      36.1939
     454      36.3737
     455      36.3835
     456      36.1682
     457      36.3387
     458      36.1247
     459      36.7079
     460      36.6138
     461      36.5315
     462      36.4335
     463      36.6614
     464      36.1559
     465      36.6448
     466      36.4505
     467      36.4563
     468      36.4791
     469      36.3315
     470      36.2055
     471      36.5376
     472      36.5530
     473      35.8714
     474      35.8796
     475      36.0512
     476      35.8782
     477      36.3987
     478      36.7224
     479      36.6695
     480      36.1919
     481      36.4203
     482      36.2103
     483      36.7296
     484      36.6184
     485      36.3973
     486      36.4382
     487      36.3898
     488      36.5491
     489      36.3211
     490      36.2910
     491      36.5391
     492      36.3067
     493      35.5446
     494      35.9502
     495      36.1161
     496      36.4562
     497      35.8774
     498      36.2364
     499      35.9139
     500      36.0696
     501      36.1115
     502      35.8607
     503      36.0620
     504      36.0344
     505      36.3856
     506      36.3907
     507      36.1853
     508      36.4096
     509      35.9687
     510      36.4501
     511      36.0570
     512      36.2167
     513      36.1979
     514      36.4854
     515      36.8683
     516      36.4024
     517      36.4862
     518      36.0920
     519      36.0751
     520      36.4254
     521      36.1356
     522      36.3355
     523      36.4731
     524      36.5598
     525      36.6918
     526      36.9566
     527      36.8245
     528      36.2542
     529      36.1680
     530      36.2512
     531      36.2339
     532      36.1028
     533      36.1452
     534      36.1665
     535      36.3499
     536      36.3895
     537      36.1943
     538      36.6016
     539      36.2306
     540      36.7098
     541      36.5919
     542      36.0788
     543      35.8536
     544      36.1796
     545      35.7388
     546      36.2776
     547      36.4486
     548      36.1465
     549      36.5452
     550      36.3479
     551      35.9143
     552      36.0863
     553      35.2036
     554      35.7769
     555      35.4506
     556      35.4915
     557      35.9295
     558      35.8564
     559      35.9949
     560      35.7637
     561      35.7820
     562      35.3336
     563      35.1855
     564      35.3710
     565      35.6325
     566      35.7612
     567      35.5378
     568      35.7158
     569      35.7957
     570      35.6158
     571      35.8270
     572      35.6697
     573      35.5644
     574      35.8688
     575      35.7571
     576      35.9241
     577      36.2382
     578      35.4858
     579      35.1223
     580      36.0549
     581      35.8301
     582      35.4312
     583      35.7345
     584      35.9420
     585      35.5595
     586      35.2891
     587      35.6079
     588      35.9312
     589      35.5729
     590      35.8887
     591      35.5273
     592      35.7116
     593      35.9220
     594      36.2572
     595      36.3476
     596      36.7128
     597      35.8221
     598      35.8701
     599      35.7399
     600      36.0180
     601      35.7544
     602      35.9503
     603      35.2583
     604      35.9811
     605      36.4902
     606      36.2099
     607      36.2968
     608      36.1057
     609      35.8807
     610      35.7526
     611      35.5992
     612      35.8431
     613      35.9704
     614      36.1787
     615      36.3307
     616      35.9925
     617      35.5665
     618      35.7321
     619      35.7342
     620      35.8145
     621      35.4481
     622      35.4358
     623      35.6675
     624      35.9134
     625      36.1344
     626      36.1338
     627      36.3711
     628      36.0625
     629      36.7686
     630      36.3295
     631      36.4675
     632      36.2772
     633      36.5823
     634      36.3125
     635      36.3940
     636      36.2539
     637      36.1498
     638      36.3943
     639      36.3816
     640      36.2826
     641      36.1132
     642      36.2738
     643      36.1786
     644      35.9901
     645      36.6089
     646      36.4945
     647      36.2957
     648      36.1004
     649      36.1711
     650      36.2941
     651      36.5347
     652      35.6918
     653      35.9834
     654      36.2519
     655      36.3233
     656      36.5424
     657      36.1747
     658      36.2303
     659      36.1860
     660      36.2061
     661      36.3303
     662      36.1603
     663      36.0602
     664      36.0900
     665      36.0253
     666      35.5982
     667      35.5898
     668      35.5722
     669      35.8807
     670      35.8571
     671      35.9474
     672      36.0044
     673      35.5037
     674      35.6595
     675      35.7578
     676      35.7698
     677      35.9757
     678      35.7324
     679      35.9793
     680      35.9086
     681      36.0681
     682      36.4347
     683      36.0257
     684      36.5316
     685      36.7176
     686      36.6355
     687      36.3770
     688      36.4499
     689      36.1616
     690      36.2094
     691      36.0779
     692      35.5929
     693      36.1169
     694      35.6752
     695      35.8152
     696      35.8275
     697      36.0495
     698      35.7883
     699      36.2532
     700      36.0679
     701      36.0534
     702      36.0292
     703      36.1757
     704      36.1867
     705      36.2632
     706      36.5645
     707      36.0634
     708      36.4795
     709      36.2436
     710      35.8494
     711      35.9412
     712      35.6286
     713      35.6032
     714      35.5373
     715      35.6847
     716      35.2894
     717      35.8740
     718      36.3433
     719      35.9524
     720      35.6903
     721      35.7873
     722      35.6189
     723      35.2166
     724      35.3223
     725      34.9824
     726      35.3068
     727      35.4104
     728      34.9904
     729      35.3656
     730      35.9511
     731      35.8652
     732      36.0350
     733      36.0120
     734      36.0379
     735      35.3625
     736      35.9604
     737      35.9926
     738      36.0596
     739      36.4687
     740      36.3622
     741      35.7310
     742      35.9188
     743      35.6715
     744      36.1182
     745      35.8619
     746      36.2660
     747      36.0163
     748      36.2519
     749      36.4039
     750      36.2043
     751      36.1005
     752      36.2022
     753      36.1486
     754      35.4787
     755      35.8078
     756      36.0572
     757      35.9769
     758      36.0276
     759      36.3286
     760      36.3441
     761      35.8745
     762      35.7463
     763      35.8453
     764      36.0656
     765      36.4274
     766      36.0938
     767      36.4808
     768      36.0147
     769      36.0283
     770      36.0121
     771      35.9535
     772      36.0034
     773      36.0230
     774      35.7671
     775      36.2349
     776      35.9475
     777      36.3263
     778      36.3987
     779      36.4291
     780      36.2634
     781      36.2382
     782      36.1031
     783      36.5136
     784      36.2134
     785      35.9994
     786      36.2451
     787      36.3108
     788      36.5633
     789      35.9848
     790      36.2052
     791      35.7629
     792      36.3475
     793      36.7686
     794      36.4636
     795      36.4807
     796      36.0888
     797      36.3686
     798      36.2048
     799      36.5504
     800      36.8630
     801      36.6802
     802      36.4359
     803      36.6243
     804      36.7351
     805      37.0331
     806      36.5623
     807      36.6482
     808      36.6463
     809      36.2515
     810      36.2869
     811      36.8754
     812      36.7228
     813      36.6586
     814      36.4474
     815      35.9687
     816      35.8593
     817      36.2128
     818      35.8729
     819      36.1575
     820      35.8707
     821      36.1888
     822      36.4129
     823      36.8992
     824      36.1734
     825      36.0268
     826      36.6233
     827      36.4047
     828      36.4707
     829      36.9734
     830      36.6122
     831      36.4702
     832      36.1677
     833      36.2452
     834      36.2708
     835      36.5087
     836      36.2610
     837      36.5116
     838      36.1382
     839      36.0381
     840      36.9421
     841      36.5498
     842      36.2456
     843      36.8192
     844      36.4497
     845      36.0434
     846      36.1591
     847      36.3783
     848      36.8899
     849      36.2472
     850      36.3763
     851      35.9383
     852      35.9514
     853      36.0178
     854      36.2744
     855      36.0764
     856      35.8395
     857      36.4134
     858      36.3670
     859      36.0988
     860      36.2213
     861      36.3857
     862      36.2415
     863      35.6106
     864      36.0265
     865      35.7778
     866      35.8168
     867      35.8621
     868      35.7265
     869      35.9197
     870      35.6886
     871      36.6233
     872      36.3634
     873      36.3528
     874      35.9445
     875      35.7848
     876      36.6659
     877      35.9030
     878      36.0281
     879      36.3849
     880      36.2883
     881      36.3643
     882      36.0596
     883      36.2577
     884      35.8959
     885      36.2130
     886      36.5904
     887      35.9987
     888      36.5738
     889      36.5371
     890      36.1247
     891      36.6053
     892      35.9826
     893      36.2650
     894      35.6537
     895      36.2106
     896      36.2175
     897      36.0084
     898      36.3281
     899      35.6685
     900      35.4063
     901      36.0816
     902      35.8721
     903      35.8887
     904      36.0750
     905      36.1377
     906      35.8186
     907      35.6069
     908      35.4649
     909      35.4210
     910      35.5598
     911      35.2169
     912      35.6480
     913      35.3760
     914      35.7798
     915      35.7881
     916      36.1691
     917      36.0440
     918      36.0955
     919      36.2544
     920      35.9323
     921      36.0914
     922      36.2269
     923      35.6074
     924      35.8418
     925      35.6583
     926      35.8413
     927      35.7749
     928      36.4210
     929      36.1952
     930      36.3758
     931      36.5092
     932      36.2539
     933      36.3815
     934      36.4287
     935      36.0977
     936      36.3110
     937      36.1762
     938      36.5151
     939      36.3607
     940      36.2989
     941      36.0862
     942      36.9318
     943      36.4642
     944      36.8528
     945      36.6815
     946      36.5679
     947      36.3960
     948      36.1822
     949      36.7903
     950      36.6207
     951      36.7952
     952      36.3863
     953      36.0782
     954      36.3814
     955      36.2222
     956      36.1827
     957      36.1333
     958      35.6130
     959      35.6819
     960      36.1994
     961      36.2594
     962      36.5051
     963      36.3354
     964      36.2663
     965      36.5107
     966      36.8092
     967      36.4112
     968      36.0795
     969      36.7046
     970      36.3498
     971      36.9596
     972      36.8244
     973      36.4604
     974      36.2061
     975      36.4401
     976      36.5595
     977      36.4489
     978      36.7451
     979      36.2040
     980      36.2489
     981      36.1573
     982      36.3153
     983      36.3240
     984      35.9260
     985      36.0599
     986      35.6758
     987      35.7872
     988      35.8734
     989      36.1702
     990      35.9350
     991      36.1430
     992      36.5441
     993      36.1097
     994      35.9638
     995      35.9425
     996      36.1954
     997      36.2236
     998      35.7810
     999      36.3404
    1000      36.6161
    1001      36.5813
    1002      36.7199
    1003      36.6661
    1004      36.2198
    1005      36.6745
    1006      36.1510
    1007      36.2349
    1008      36.7196
    1009      35.6193
    1010      36.2882
    1011      36.3521
    1012      36.7085
    1013      36.6676
    1014      36.6323
    1015      36.5242
    1016      36.3675
    1017      36.3992
    1018      36.5203
    1019      36.1961
    1020      36.2920
    1021      36.7122
    1022      36.2807
    1023      36.2113
    1024      36.4690
    1025      36.7505
    1026      36.4636
    1027      36.2290
    1028      36.0283
    1029      36.1521
    1030      36.2882
    1031      36.2262
    1032      36.2622
    1033      36.4776
    1034      36.1469
    1035      36.0548
    1036      36.5484
    1037      36.5204
    1038      36.5090
    1039      36.3497
    1040      36.0939
    1041      36.1188
    1042      36.2697
    1043      35.7336
    1044      35.4380
    1045      36.0764
    1046      36.1145
    1047      36.2626
    1048      35.9866
    1049      36.4684
    1050      36.2956
    1051      36.2513
    1052      36.5704
    1053      35.8376
    1054      35.8187
    1055      36.0907
    1056      35.8782
    1057      35.9135
    1058      36.3643
    1059      36.3124
    1060      36.2917
    1061      36.0787
    1062      36.2935
    1063      35.8315
    1064      35.6449
    1065      35.3753
    1066      35.7355
    1067      36.1637
    1068      36.2369
    1069      36.1116
    1070      36.1398
    1071      36.4470
    1072      36.5897
    1073      36.2346
    1074      36.3362
    1075      36.4139
    1076      36.2515
    1077      35.9502
    1078      36.2834
    1079      36.1718
    1080      36.1613
    1081      36.0043
    1082      36.3569
    1083      36.0523
    1084      36.1375
    1085      36.2743
    1086      36.2294
    1087      35.9297
    1088      35.8641
    1089      36.1552
    1090      36.8041
    1091      35.9059
    1092      36.0427
    1093      36.2583
    1094      36.7183
    1095      35.9610
    1096      36.0772
    1097      36.2083
    1098      35.9637
    1099      36.3603
    1100      36.1277
    1101      36.0638
    1102      36.3623
    1103      36.2629
    1104      36.0091
    1105      35.5943
    1106      35.9649
    1107      35.7950
    1108      36.6063
    1109      36.1903
    1110      36.5294
    1111      36.3234
    1112      35.8698
    1113      36.1584
    1114      36.0636
    1115      35.6866
    1116      35.5187
    1117      35.7572
    1118      35.3072
    1119      35.4649
    1120      35.6045
    1121      35.5356
    1122      35.6312
    1123      35.4922
    1124      35.9237
    1125      35.5471
    1126      35.6094
    1127      35.3458
    1128      35.0152
    1129      35.6429
    1130      35.8402
    1131      35.9572
    1132      35.3751
    1133      35.8840
    1134      35.5393
    1135      35.8723
    1136      36.0159
    1137      35.9361
    1138      35.8391
    1139      35.7849
    1140      35.9268
    1141      35.8065
    1142      35.9539
    1143      36.4915
    1144      36.5072
    1145      36.3154
    1146      36.6137
    1147      36.5378
    1148      36.3955
    1149      36.8995
    1150      36.5986
    1151      36.5691
    1152      36.1096
    1153      35.8379
    1154      36.2021
    1155      36.4646
    1156      36.6844
    1157      36.5332
    1158      36.7846
    1159      36.3920
    1160      36.3297
    1161      36.6381
    1162      35.9943
    1163      36.2415
    1164      36.5351
    1165      36.6139
    1166      36.2624
    1167      36.4300
    1168      37.2422
    1169      36.9447
    1170      36.5391
    1171      36.2416
    1172      36.3167
    1173      36.1283
    1174      36.5202
    1175      36.6322
    1176      36.5258
    1177      35.9946
    1178      36.0100
    1179      35.8259
    1180      36.4676
    1181      36.0518
    1182      36.1201
    1183      36.1094
    1184      36.2237
    1185      36.1766
    1186      36.6226
    1187      36.3649
    1188      36.9148
    1189      36.3598
    1190      36.4473
    1191      35.7455
    1192      35.4790
    1193      35.9609
    1194      36.4820
    1195      36.1404
    1196      36.0224
    1197      35.9803
    1198      36.4045
    1199      35.6704
    1200      36.3761
    1201      37.0908
    1202      36.6883
    1203      36.6030
    1204      36.2352
    1205      36.5641
    1206      36.1395
    1207      35.8799
    1208      36.5041
    1209      36.1187
    1210      36.2517
    1211      35.7906
    1212      35.8176
    1213      36.3388
    1214      36.2032
    1215      35.8462
    1216      36.0436
    1217      36.0772
    1218      36.4756
    1219      36.5576
    1220      35.7380
    1221      35.8869
    1222      36.0605
    1223      36.4790
    1224      36.3977
    1225      36.6225
    1226      36.8518
    1227      36.7204
    1228      36.0825
    1229      36.1006
    1230      36.1487
    1231      35.8062
    1232      35.8399
    1233      35.9474
    1234      36.2202
    1235      36.0075
    1236      35.8623
    1237      35.7773
    1238      35.9168
    1239      36.4778
    1240      35.9116
    1241      36.0586
    1242      36.0612
    1243      35.4898
    1244      35.6823
    1245      36.2537
    1246      36.2101
    1247      36.1555
    1248      35.8399
    1249      36.3381
    1250      36.1839
    1251      35.8181
    1252      35.5557
    1253      35.7736
    1254      35.6099
    1255      35.6565
    1256      35.8975
    1257      36.4028
    1258      35.8476
    1259      36.0638
    1260      36.1487
    1261      36.0765
    1262      36.0415
    1263      36.2663
    1264      36.3658
    1265      36.6420
    1266      36.2388
    1267      36.4127
    1268      36.4050
    1269      36.3696
    1270      36.2202
    1271      36.7489
    1272      36.5189
    1273      36.5235
    1274      36.7765
    1275      37.0487
    1276      36.5645
    1277      36.3902
    1278      36.3329
    1279      36.1781
    1280      36.0700
    1281      36.8938
    1282      36.5810
    1283      36.9339
    1284      35.9789
    1285      36.0347
    1286      34.9358
    1287      35.7860
    1288      35.7735
    1289      35.7425
    1290      36.2094
    1291      35.8337
    1292      35.8725
    1293      36.5536
    1294      36.1354
    1295      36.3095
    1296      36.2903
    1297      35.6296
    1298      35.6666
    1299      35.8196
    1300      35.9579
    1301      36.1302
    1302      36.4730
    1303      36.3155
    1304      36.2605
    1305      36.2794
    1306      36.3339
    1307      36.4550
    1308      36.5270
    1309      35.8663
    1310      36.0240
    1311      35.7241
    1312      35.8788
    1313      36.1812
    1314      36.4065
    1315      36.0991
    1316      35.9997
    1317      36.2395
    1318      36.2785
    1319      36.4870
    1320      36.1847
    1321      36.1619
    1322      36.4909
    1323      36.2725
    1324      36.2881
    1325      36.4226
    1326      36.5035
    1327      36.6049
    1328      36.1329
    1329      36.1730
    1330      36.2570
    1331      35.9153
    1332      36.2876
    1333      36.1384
    1334      36.4892
    1335      36.3680
    1336      36.1035
    1337      36.3489
    1338      36.7458
    1339      36.4513
    1340      36.3577
    1341      36.3683
    1342      35.7987
    1343      35.8403
    1344      35.8201
    1345      36.1852
    1346      35.9679
    1347      36.3350
    1348      36.3293
    1349      36.3670
    1350      35.8869
    1351      36.4588
    1352      35.9252
    1353      36.0171
    1354      35.8026
    1355      35.6944
    1356      35.9102
    1357      35.8338
    1358      36.0427
    1359      35.4362
    1360      35.6301
    1361      35.8243
    1362      35.3939
    1363      35.6973
    1364      36.0059
    1365      35.2206
    1366      35.2205
    1367      35.4743
    1368      35.1693
    1369      35.8976
    1370      35.7930
    1371      35.4021
    1372      34.9042
    1373      35.5218
    1374      36.3165
    1375      36.1117
    1376      36.1586
    1377      35.9412
    1378      36.1486
    1379      36.2368
    1380      35.9589
    1381      36.3120
    1382      35.7629
    1383      35.7099
    1384      36.1737
    1385      35.5408
    1386      35.7521
    1387      35.6486
    1388      35.6894
    1389      35.3721
    1390      36.0843
    1391      35.8164
    1392      36.2670
    1393      35.6287
    1394      36.1205
    1395      36.3523
    1396      36.2855
    1397      36.2077
    1398      36.3520
    1399      35.9457
    1400      35.4871
    1401      35.9889
    1402      35.9326
    1403      36.6068
    1404      36.2781
    1405      36.0297
    1406      36.4586
    1407      36.0225
    1408      35.9124
    1409      36.0853
    1410      36.2999
    1411      37.0229
    1412      36.6219
    1413      35.8996
    1414      36.3799
    1415      36.5595
    1416      36.6487
    1417      36.5615
    1418      36.6605
    1419      36.2386
    1420      36.1203
    1421      36.2585
    1422      36.0392
    1423      36.0189
    1424      36.1246
    1425      36.3695
    1426      36.2266
    1427      36.2963
    1428      36.1579
    1429      35.9716
    1430      36.2244
    1431      35.8736
    1432      36.2782
    1433      35.8590
    1434      35.5758
    1435      35.7171
    1436      35.5241
    1437      36.0950
    1438      36.2163
    1439      36.2978
    1440      36.3010
    1441      35.9395
    1442      36.1150
    1443      36.0829
    1444      36.2598
    1445      36.2519
    1446      36.3583
    1447      36.5168
    1448      36.3014
    1449      35.8664
    1450      35.5919
    1451      35.7490
    1452      35.4021
    1453      36.2010
    1454      36.0243
    1455      36.1073
    1456      35.7655
    1457      35.5066
    1458      35.6016
    1459      36.0523
    1460      35.2960
    1461      35.7608
    1462      35.8740
    1463      35.8921
    1464      36.0575
    1465      36.4834
    1466      36.2752
    1467      35.6713
    1468      36.0015
    1469      35.9651
    1470      35.3461
    1471      35.6913
    1472      35.8856
    1473      35.8451
    1474      35.9140
    1475      36.0956
    1476      35.7658
    1477      35.9008
    1478      35.8279
    1479      35.9934
    1480      36.3898
    1481      36.5718
    1482      36.5144
    1483      36.4863
    1484      36.2534
    1485      36.1328
    1486      36.7514
    1487      36.1669
    1488      35.8614
    1489      36.0899
    1490      36.5989
    1491      36.3413
    1492      36.0994
    1493      36.1540
    1494      36.2914
    1495      36.2032
    1496      36.3268
    1497      36.4118
    1498      35.7643
    1499      35.6769
    1500      36.1087
    1501      36.0660
    1502      35.8637
    1503      35.8925
    1504      36.3084
    1505      36.4274
    1506      36.1800
    1507      36.6780
    1508      36.9710
    1509      36.2640
    1510      36.2337
    1511      36.4309
    1512      36.3853
    1513      36.2002
    1514      36.7499
    1515      36.4241
    1516      36.4306
    1517      36.2509
    1518      35.8428
    1519      36.1686
    1520      36.2690
    1521      35.8143
    1522      35.8825
    1523      36.2525
    1524      36.4415
    1525      36.0612
    1526      36.0923
    1527      36.0244
    1528      35.7652
    1529      36.0684
    1530      36.1091
    1531      36.0279
    1532      36.1960
    1533      35.6970
    1534      35.3305
    1535      35.6685
    1536      35.6812
    1537      35.5237
    1538      35.4943
    1539      36.0660
    1540      35.8784
    1541      35.8176
    1542      36.1545
    1543      36.2451
    1544      36.2093
    1545      36.2935
    1546      36.4835
    1547      36.2060
    1548      36.0657
    1549      36.4349
    1550      36.3123
    1551      36.5267
    1552      36.2452
    1553      36.0054
    1554      35.9234
    1555      36.3320
    1556      36.1066
    1557      36.3244
    1558      36.0598
    1559      35.8897
    1560      36.0398
    1561      36.1762
    1562      35.5188
    1563      35.7146
    1564      35.9732
    1565      36.1690
    1566      35.9655
    1567      35.8225
    1568      36.3124
    1569      35.7758
    1570      36.1965
    1571      35.6483
    1572      35.8503
    1573      36.4044
    1574      36.5338
    1575      36.2756
    1576      35.9340
    1577      36.7507
    1578      35.7053
    1579      36.1397
    1580      36.7169
    1581      36.5385
    1582      36.5950
    1583      36.3473
    1584      36.0306
    1585      35.5961
    1586      36.4942
    1587      36.0231
    1588      35.7054
    1589      36.3545
    1590      35.9574
    1591      36.1382
    1592      36.3377
    1593      36.3165
    1594      36.1221
    1595      36.3014
    1596      36.7696
    1597      36.5271
    1598      36.3386
    1599      35.8015
    1600      36.1246
    1601      36.4849
    1602      35.9849
    1603      36.0202
    1604      36.2496
    1605      36.6200
    1606      36.3882
    1607      36.5287
    1608      36.3923
    1609      36.6231
    1610      35.9837
    1611      36.1536
    1612      35.8984
    1613      36.0175
    1614      36.3068
    1615      36.2702
    1616      36.0740
    1617      36.2779
    1618      36.3792
    1619      36.1104
    1620      36.3931
    1621      36.4110
    1622      36.2939
    1623      36.2417
    1624      36.1070
    1625      36.3588
    1626      36.4705
    1627      36.6874
    1628      36.3182
    1629      36.2155
    1630      36.2356
    1631      36.3959
    1632      36.0947
    1633      35.7514
    1634      36.2770
    1635      36.2474
    1636      36.0622
    1637      35.9018
    1638      36.5725
    1639      36.4464
    1640      35.7665
    1641      36.0173
    1642      36.3182
    1643      36.2089
    1644      35.8845
    1645      35.5616
    1646      36.3767
    1647      36.3289
    1648      36.3872
    1649      35.6687
    1650      36.3269
    1651      36.1861
    1652      35.9682
    1653      35.9468
    1654      36.0370
    1655      36.3360
    1656      36.6121
    1657      36.2849
    1658      36.0163
    1659      35.8862
    1660      35.8957
    1661      36.1777
    1662      36.1215
    1663      36.5467
    1664      35.9703
    1665      35.4365
    1666      36.1734
    1667      35.9252
    1668      35.7173
    1669      35.7381
    1670      35.7694
    1671      35.7325
    1672      35.9087
    1673      36.0588
    1674      35.6728
    1675      35.8371
    1676      35.9212
    1677      35.9241
    1678      35.9776
    1679      35.8297
    1680      36.0518
    1681      36.1796
    1682      35.7976
    1683      36.0703
    1684      36.1711
    1685      36.4413
    1686      36.1405
    1687      35.7925
    1688      35.7069
    1689      35.8129
    1690      35.6049
    1691      35.3626
    1692      35.4706
    1693      35.8180
    1694      35.8674
    1695      36.2987
    1696      35.6154
    1697      35.7169
    1698      36.3948
    1699      36.0970
    1700      36.0020
    1701      35.8441
    1702      35.5294
    1703      35.6583
    1704      35.8446
    1705      35.7746
    1706      36.4053
    1707      35.9417
    1708      35.9409
    1709      36.3221
    1710      36.2830
    1711      36.3523
    1712      36.0790
    1713      36.0938
    1714      35.8079
    1715      35.8771
    1716      35.7866
    1717      35.7792
    1718      36.3785
    1719      36.1929
    1720      35.4860
    1721      35.6221
    1722      36.0990
    1723      36.0941
    1724      36.4647
    1725      36.3359
    1726      35.9562
    1727      36.4367
    1728      36.1473
    1729      35.7115
    1730      36.0639
    1731      36.3470
    1732      36.3172
    1733      35.8146
    1734      35.6967
    1735      36.1522
    1736      36.1474
    1737      36.1527
    1738      36.0400
    1739      36.1344
    1740      36.0085
    1741      35.5328
    1742      35.6335
    1743      35.8739
    1744      36.1211
    1745      35.9822
    1746      36.0931
    1747      35.7811
    1748      36.0228
    1749      36.2785
    1750      35.7122
    1751      35.9579
    1752      36.3023
    1753      36.1120
    1754      35.9411
    1755      35.9315
    1756      36.0696
    1757      35.7747
    1758      36.0013
    1759      36.2530
    1760      35.4332
    1761      35.5278
    1762      36.2900
    1763      36.0713
    1764      35.7066
    1765      35.8605
    1766      35.8794
    1767      36.2317
    1768      36.2339
    1769      36.1868
    1770      36.1582
    1771      36.2345
    1772      36.3680
    1773      36.1595
    1774      36.0360
    1775      36.0820
    1776      35.6602
    1777      36.1193
    1778      36.2460
    1779      36.4961
    1780      36.1664
    1781      36.2914
    1782      36.2252
    1783      36.2902
    1784      35.6608
    1785      36.1000
    1786      35.9204
    1787      35.9458
    1788      35.8959
    1789      36.0340
    1790      36.2913
    1791      35.9659
    1792      35.9223
    1793      36.2621
    1794      36.0438
    1795      36.3244
    1796      35.9665
    1797      36.3804
    1798      35.9577
    1799      36.0383
    1800      36.3988
    1801      36.0083
    1802      36.2713
    1803      36.3226
    1804      36.1298
    1805      35.8399
    1806      35.8593
    1807      35.9554
    1808      36.2439
    1809      36.3947
    1810      35.9770
    1811      36.2664
    1812      35.9901
    1813      35.8096
    1814      36.0972
    1815      36.5699
    1816      36.3087
    1817      36.6614
    1818      36.0336
    1819      36.4506
    1820      36.6538
    1821      36.5632
    1822      35.8791
    1823      36.0012
    1824      36.1694
    1825      35.7303
    1826      36.4258
    1827      36.0151
    1828      36.3385
    1829      36.2893
    1830      36.1588
    1831      36.3579
    1832      36.1568
    1833      36.7487
    1834      36.1836
    1835      36.5267
    1836      36.3939
    1837      36.0608
    1838      35.3991
    1839      36.1677
    1840      36.1477
    1841      35.5475
    1842      35.8432
    1843      35.7672
    1844      35.7821
    1845      35.8113
    1846      35.8432
    1847      35.7380
    1848      36.0097
    1849      36.0362
    1850      36.2630
    1851      36.2425
    1852      35.9362
    1853      35.9250
    1854      35.9392
    1855      35.6345
    1856      36.4373
    1857      36.1448
    1858      35.7867
    1859      36.0720
    1860      35.7604
    1861      35.6538
    1862      35.6328
    1863      35.8333
    1864      35.7104
    1865      35.7828
    1866      35.6707
    1867      35.7513
    1868      35.9073
    1869      35.6678
    1870      35.5654
    1871      35.7321
    1872      35.0691
    1873      35.5409
    1874      35.3287
    1875      36.0112
    1876      36.1231
    1877      35.8975
    1878      36.0137
    1879      36.2689
    1880      36.1142
    1881      36.0748
    1882      35.9673
    1883      36.6317
    1884      36.0431
    1885      36.3897
    1886      35.8233
    1887      36.1610
    1888      36.1362
    1889      36.1499
    1890      36.2402
    1891      36.2991
    1892      36.0135
    1893      35.4202
    1894      35.6121
    1895      36.3498
    1896      35.6914
    1897      35.8132
    1898      35.6599
    1899      35.9265
    1900      35.9519
    1901      36.4319
    1902      36.4928
    1903      36.6961
    1904      36.3797
    1905      36.6354
    1906      36.2216
    1907      36.1750
    1908      36.1803
    1909      36.1974
    1910      36.1979
    1911      36.0892
    1912      36.2213
    1913      35.9921
    1914      36.1290
    1915      36.1885
    1916      36.5968
    1917      35.8984
    1918      35.5370
    1919      36.2298
    1920      35.9181
    1921      36.4206
    1922      36.1531
    1923      35.9794
    1924      36.4601
    1925      36.5183
    1926      36.4451
    1927      36.2525
    1928      36.3598
    1929      36.3355
    1930      36.5357
    1931      36.0718
    1932      36.4282
    1933      35.9668
    1934      36.2937
    1935      36.2275
    1936      35.9754
    1937      36.2366
    1938      36.3973
    1939      36.0632
    1940      36.2451
    1941      36.3504
    1942      36.0980
    1943      35.8843
    1944      35.9307
    1945      36.2638
    1946      36.1747
    1947      36.2390
    1948      36.1760
    1949      36.1837
    1950      36.1799
    1951      35.9663
    1952      36.1773
    1953      35.8711
    1954      36.3328
    1955      35.7851
    1956      36.3921
    1957      36.3571
    1958      35.9964
    1959      36.1918
    1960      36.2837
    1961      35.9505
    1962      36.1458
    1963      36.0780
    1964      36.4676
    1965      36.3218
    1966      36.0586
    1967      35.7751
    1968      35.7927
    1969      35.7248
    1970      36.3568
    1971      36.2303
    1972      35.9633
    1973      36.0614
    1974      36.4228
    1975      36.0956
    1976      35.5190
    1977      35.6413
    1978      35.6575
    1979      35.9664
    1980      36.3355
    1981      36.3471
    1982      36.4975
    1983      36.3561
    1984      36.6488
    1985      36.5113
    1986      36.4871
    1987      36.3201
    1988      36.1037
    1989      36.0857
    1990      36.1511
    1991      35.7648
    1992      35.9687
    1993      35.6446
    1994      36.1747
    1995      36.2647
    1996      36.4745
    1997      36.3821
    1998      36.1918
    1999      36.3291
    2000      35.9992
    2001      36.0132
    2002      35.9443
    2003      36.0957
    2004      36.1371
    2005      35.7414
    2006      35.9466
    2007      35.9387
    2008      35.7131
    2009      36.5406
    2010      36.1161
    2011      36.1479
    2012      35.9302
    2013      35.7704
    2014      35.9347
    2015      36.0974
    2016      36.1710
    2017      36.2551
    2018      36.2110
    2019      36.0485
    2020      36.4695
    2021      37.1348
    2022      36.9557
    2023      36.3115
    2024      36.5119
    2025      36.8062
    2026      36.1914
    2027      36.1925
    2028      35.6974
    2029      35.3045
    2030      35.7357
    2031      35.4260
    2032      36.1088
    2033      36.0906
    2034      36.2957
    2035      35.8491
    2036      36.2498
    2037      36.6386
    2038      36.1582
    2039      35.7456
    2040      36.1063
    2041      36.0492
    2042      36.4910
    2043      36.2129
    2044      36.4388
    2045      35.8432
    2046      36.0129
    2047      36.1212
    2048      35.8136
    2049      35.7720
    2050      36.0356
    2051      35.7382
    2052      35.7993
    2053      36.0237
    2054      35.7170
    2055      35.6281
    2056      36.1995
    2057      35.9044
    2058      35.8688
    2059      35.7145
    2060      36.0952
    2061      36.3060
    2062      36.4218
    2063      36.1540
    2064      36.5936
    2065      36.1772
    2066      36.5400
    2067      36.2711
    2068      36.1911
    2069      35.9856
    2070      36.1982
    2071      35.6566
    2072      36.1693
    2073      35.9381
    2074      36.0657
    2075      36.3374
    2076      36.0337
    2077      36.0476
    2078      35.7422
    2079      35.8368
    2080      36.1318
    2081      35.9762
    2082      35.9955
    2083      36.0281
    2084      36.6591
    2085      36.0970
    2086      35.9346
    2087      36.0215
    2088      36.0763
    2089      36.5162
    2090      36.7245
    2091      35.9454
    2092      36.2050
    2093      36.1541
    2094      36.2220
    2095      35.9507
    2096      35.9415
    2097      36.0020
    2098      36.0109
    2099      35.7654
    2100      35.6931
    2101      35.5717
    2102      35.9131
    2103      36.0365
    2104      36.2215
    2105      36.3626
    2106      36.2563
    2107      36.0070
    2108      35.8006
    2109      35.7194
    2110      36.4397
    2111      35.9881
    2112      36.0165
    2113      36.6518
    2114      36.1060
    2115      36.1542
    2116      35.9372
    2117      36.4886
    2118      36.3967
    2119      36.2286
    2120      36.5662
    2121      35.9785
    2122      35.5651
    2123      36.2065
    2124      36.2052
    2125      36.2834
    2126      36.5194
    2127      36.0357
    2128      35.8387
    2129      36.2297
    2130      35.9423
    2131      36.0955
    2132      35.9223
    2133      36.2433
    2134      36.3459
    2135      36.0845
    2136      35.9817
    2137      36.1700
    2138      35.9634
    2139      36.3042
    2140      36.3325
    2141      36.3018
    2142      35.8545
    2143      35.7094
    2144      35.7091
    2145      35.5465
    2146      35.9680
    2147      35.9808
    2148      35.8162
    2149      35.3085
    2150      35.3994
    2151      36.1453
    2152      36.1470
    2153      35.6735
    2154      36.0005
    2155      35.8762
    2156      35.7207
    2157      35.8135
    2158      35.4907
    2159      35.8237
    2160      36.0276
    2161      35.7601
    2162      35.8955
    2163      35.7431
    2164      36.0929
    2165      36.2360
    2166      35.9738
    2167      35.9601
    2168      36.1566
    2169      36.1566
    2170      35.8609
    2171      35.4061
    2172      36.1088
    2173      35.8731
    2174      35.8036
    2175      35.8074
    2176      35.5511
    2177      36.2635
    2178      35.9988
    2179      36.1199
    2180      36.1400
    2181      36.0250
    2182      35.8566
    2183      35.4301
    2184      35.5864
    2185      35.7039
    2186      35.8836
    2187      35.5071
    2188      35.8560
    2189      35.9806
    2190      35.7519
    2191      35.4295
    2192      35.8333
    2193      35.3971
    2194      35.6506
    2195      35.7161
    2196      35.7161
    2197      35.8502
    2198      35.7924
    2199      35.3041
    2200      35.3762
    2201      35.4142
    2202      35.7067
    2203      35.8954
    2204      35.9779
    2205      35.9437
    2206      35.6279
    2207      35.5358
    2208      35.7881
    2209      35.6299
    2210      35.3648
    2211      35.9950
    2212      35.2434
    2213      35.4739
    2214      35.2938
    2215      35.5076
    2216      35.4011
    2217      35.9009
    2218      35.5112
    2219      35.7294
    2220      36.0350
    2221      35.1764
    2222      35.7179
    2223      35.5602
    2224      35.8340
    2225      36.0420
    2226      35.2560
    2227      35.3994
    2228      34.9802
    2229      35.6245
    2230      35.3441
    2231      35.5575
    2232      35.8886
    2233      36.0604
    2234      36.3971
    2235      35.9576
    2236      35.7010
    2237      35.7823
    2238      36.2901
    2239      36.2713
    2240      35.6587
    2241      36.0932
    2242      35.8836
    2243      36.1176
    2244      35.9705
    2245      35.5074
    2246      35.2824
    2247      35.5165
    2248      35.8531
    2249      35.9687
    2250      35.4105
    2251      35.7240
    2252      36.1468
    2253      36.0043
    2254      36.1106
    2255      35.8993
    2256      36.1023
    2257      35.9002
    2258      36.2056
    2259      35.9977
    2260      35.7685
    2261      35.7287
    2262      35.8539
    2263      35.5832
    2264      35.9832
    2265      35.8767
    2266      35.3273
    2267      36.0504
    2268      35.9388
    2269      36.0367
    2270      36.4705
    2271      36.4203
    2272      36.0549
    2273      35.9384
    2274      35.8974
    2275      35.9197
    2276      35.9371
    2277      35.9275
    2278      36.1325
    2279      36.3714
    2280      36.4489
    2281      35.8691
    2282      36.3309
    2283      36.0285
    2284      35.8802
    2285      36.0651
    2286      35.7407
    2287      35.9380
    2288      36.2792
    2289      35.7974
    2290      35.8782
    2291      35.6945
    2292      35.8126
    2293      36.1615
    2294      35.8229
    2295      35.9872
    2296      36.0809
    2297      35.9834
    2298      36.1296
    2299      35.8727
    2300      35.7080
    2301      35.9859
    2302      35.5831
    2303      35.7569
    2304      36.0280
    2305      36.0287
    2306      35.9911
    2307      35.7653
    2308      35.9875
    2309      35.9299
    2310      35.9689
    2311      36.1514
    2312      35.9626
    2313      35.8552
    2314      35.8559
    2315      36.0271
    2316      35.3702
    2317      35.5171
    2318      35.7958
    2319      35.7513
    2320      35.8920
    2321      35.4611
    2322      35.9372
    2323      35.9452
    2324      35.8826
    2325      36.2739
    2326      36.0920
    2327      35.9507
    2328      35.5262
    2329      36.0233
    2330      36.1249
    2331      35.3990
    2332      35.6335
    2333      35.9563
    2334      35.9833
    2335      35.6432
    2336      35.9967
    2337      35.6810
    2338      35.7104
    2339      36.1851
    2340      36.0918
    2341      35.8170
    2342      35.8299
    2343      35.4129
    2344      35.9485
    2345      35.4974
    2346      35.3719
    2347      35.5172
    2348      35.1434
    2349      35.6324
    2350      35.8456
    2351      35.5620
    2352      36.0763
    2353      36.1793
    2354      35.9851
    2355      36.2227
    2356      36.3860
    2357      36.1620
    2358      36.0330
    2359      36.0978
    2360      36.1865
    2361      36.1306
    2362      36.1506
    2363      35.9859
    2364      35.9486
    2365      35.7946
    2366      35.4384
    2367      36.0304
    2368      35.9190
    2369      35.6522
    2370      36.2336
    2371      36.0828
    2372      35.9925
    2373      36.0862
    2374      36.0065
    2375      36.2218
    2376      36.2338
    2377      36.1882
    2378      35.9527
    2379      36.3961
    2380      35.8236
    2381      35.7576
    2382      36.4398
    2383      36.9157
    2384      36.0052
    2385      36.2575
    2386      36.2864
    2387      36.3088
    2388      36.5851
    2389      36.5869
    2390      36.3410
    2391      36.6083
    2392      36.0145
    2393      35.5784
    2394      35.7252
    2395      35.4156
    2396      35.3921
    2397      35.5020
    2398      35.7226
    2399      35.6626
    2400      35.6056
    2401      35.7510
    2402      35.8140
    2403      36.0377
    2404      36.0213
    2405      35.7482
    2406      36.0935
    2407      36.0985
    2408      36.4129
    2409      36.2259
    2410      36.1946
    2411      35.9818
    2412      36.0604
    2413      36.2631
    2414      35.7715
    2415      35.7377
    2416      35.6899
    2417      35.6859
    2418      35.8273
    2419      35.9079
    2420      35.7684
    2421      36.1922
    2422      36.2294
    2423      36.6450
    2424      36.3190
    2425      36.2430
    2426      36.1459
    2427      36.1692
    2428      36.6343
    2429      36.3055
    2430      36.3866
    2431      36.1193
    2432      35.9764
    2433      36.5449
    2434      35.9780
    2435      35.7651
    2436      36.3816
    2437      36.4605
    2438      36.2237
    2439      35.9507
    2440      36.0527
    2441      36.3828
    2442      36.0250
    2443      36.0916
    2444      35.9796
    2445      36.0078
    2446      36.1426
    2447      36.2819
    2448      35.8493
    2449      36.0696
    2450      36.5758
    2451      36.3619
    2452      36.3843
    2453      35.9564
    2454      36.0241
    2455      35.7518
    2456      36.1088
    2457      35.9497
    2458      36.0861
    2459      35.9566
    2460      36.1368
    2461      36.0833
    2462      35.8997
    2463      35.6184
    2464      35.9436
    2465      35.9134
    2466      35.6867
    2467      35.9129
    2468      36.1111
    2469      36.1840
    2470      35.8342
    2471      35.9846
    2472      36.1642
    2473      36.6473
    2474      36.5888
    2475      36.3015
    2476      36.2298
    2477      35.9253
    2478      36.2391
    2479      36.3432
    2480      36.1483
    2481      35.9351
    2482      36.3423
    2483      36.1952
    2484      35.9666
    2485      36.1627
    2486      35.9197
    2487      36.0446
    2488      35.7059
    2489      36.3233
    2490      35.9462
    2491      36.3421
    2492      35.7454
    2493      35.8500
    2494      35.9020
    2495      36.2980
    2496      36.1985
    2497      36.1932
    2498      36.1333
    2499      35.8120
    2500      36.1661
    2501      36.3152
    2502      36.1429
    2503      36.3302
    2504      36.1415
    2505      36.4996
    2506      36.6069
    2507      36.0326
    2508      36.4523
    2509      35.9095
    2510      36.3226
    2511      36.9198
    2512      36.4066
    2513      35.9116
    2514      37.0845
    2515      36.4194
    2516      36.3700
    2517      36.3915
    2518      36.1998
    2519      36.4487
    2520      36.0020
    2521      36.0131
    2522      36.5792
    2523      36.6491
    2524      36.3579
    2525      36.2006
    2526      36.4040
    2527      36.2159
    2528      36.4756
    2529      36.5866
    2530      36.0475
    2531      36.4287
    2532      36.4889
    2533      36.7347
    2534      36.3777
    2535      36.5642
    2536      36.4694
    2537      36.1492
    2538      36.6467
    2539      36.7656
    2540      36.3440
    2541      35.8961
    2542      36.2084
    2543      36.6005
    2544      36.0753
    2545      36.3930
    2546      36.2530
    2547      36.3449
    2548      36.3724
    2549      35.9040
    2550      36.1725
    2551      36.3098
    2552      36.1392
    2553      36.0732
    2554      36.4983
    2555      36.1394
    2556      35.6834
    2557      35.8130
    2558      35.5427
    2559      35.9378
    2560      35.6565
    2561      36.0109
    2562      35.8558
    2563      35.3949
    2564      35.7459
    2565      36.1465
    2566      36.5548
    2567      36.2631
    2568      36.1427
    2569      36.0415
    2570      35.9706
    2571      36.1479
    2572      36.4310
    2573      36.0747
    2574      35.9460
    2575      36.1947
    2576      35.7399
    2577      36.1397
    2578      36.3073
    2579      36.1162
    2580      35.6000
    2581      35.6529
    2582      35.9794
    2583      35.4923
    2584      35.7449
    2585      35.5379
    2586      36.4366
    2587      35.9196
    2588      36.3719
    2589      35.9558
    2590      35.5946
    2591      35.7062
    2592      35.4862
    2593      35.5296
    2594      35.8073
    2595      35.7672
    2596      35.8396
    2597      36.2059
    2598      36.1862
    2599      35.8935
    2600      36.2403
    2601      36.1468
    2602      35.9972
    2603      35.9014
    2604      35.7148
    2605      36.1402
    2606      35.9119
    2607      36.0078
    2608      36.2933
    2609      36.0956
    2610      36.0278
    2611      36.1236
    2612      36.3389
    2613      36.5008
    2614      36.0824
    2615      36.4608
    2616      36.5269
    2617      36.2609
    2618      36.1808
    2619      35.9610
    2620      35.6944
    2621      36.1594
    2622      36.7863
    2623      36.0475
    2624      35.8538
    2625      36.4907
    2626      36.0823
    2627      36.5558
    2628      36.3084
    2629      35.9168
    2630      36.3233
    2631      36.0711
    2632      36.0233
    2633      36.0030
    2634      35.7556
    2635      36.0253
    2636      35.9946
    2637      35.6273
    2638      36.0446
    2639      35.9616
    2640      36.1190
    2641      36.2912
    2642      36.2202
    2643      35.9300
    2644      35.9506
    2645      35.9013
    2646      35.4528
    2647      35.2644
    2648      35.4576
    2649      35.5454
    2650      36.1152
    2651      35.8401
    2652      35.8514
    2653      36.2453
    2654      36.3577
    2655      36.1606
    2656      36.3261
    2657      36.1275
    2658      36.4321
    2659      35.9283
    2660      36.5850
    2661      36.0263
    2662      36.0590
    2663      36.0836
    2664      36.2850
    2665      36.1833
    2666      36.0046
    2667      36.0189
    2668      35.7070
    2669      36.6070
    2670      35.8424
    2671      36.6083
    2672      36.2439
    2673      35.9875
    2674      36.3371
    2675      36.0427
    2676      35.8195
    2677      36.0323
    2678      36.2125
    2679      36.4018
    2680      36.0609
    2681      36.2484
    2682      36.2570
    2683      36.0743
    2684      35.9752
    2685      36.0949
    2686      35.9563
    2687      36.2354
    2688      35.9797
    2689      35.8334
    2690      35.8078
    2691      36.0616
    2692      35.5285
    2693      35.6512
    2694      35.6614
    2695      36.2140
    2696      36.0658
    2697      36.1036
    2698      36.1197
    2699      36.4250
    2700      35.7077
    2701      35.8126
    2702      35.9141
    2703      35.6580
    2704      35.7472
    2705      35.7318
    2706      35.7875
    2707      36.0353
    2708      36.2383
    2709      36.0859
    2710      36.1616
    2711      36.3877
    2712      36.0744
    2713      36.0649
    2714      36.0891
    2715      36.2813
    2716      35.9845
    2717      36.3512
    2718      36.0097
    2719      36.3385
    2720      35.8610
    2721      36.4595
    2722      36.1155
    2723      36.0428
    2724      35.7971
    2725      35.3883
    2726      36.0447
    2727      36.1003
    2728      35.3272
    2729      35.4725
    2730      36.5588
    2731      36.0993
    2732      36.1364
    2733      36.0868
    2734      36.3316
    2735      35.7484
    2736      35.0264
    2737      35.4340
    2738      35.1240
    2739      35.7612
    2740      35.6891
    2741      35.8870
    2742      35.9335
    2743      35.8474
    2744      35.5165
    2745      35.5710
    2746      35.8552
    2747      35.8611
    2748      35.3671
    2749      35.7063
    2750      35.8658
    2751      35.5620
    2752      36.0138
    2753      35.9961
    2754      35.9012
    2755      36.1535
    2756      36.2603
    2757      35.5940
    2758      36.2132
    2759      35.9149
    2760      35.6789
    2761      35.7979
    2762      35.8543
    2763      36.1274
    2764      36.1410
    2765      35.8466
    2766      35.3420
    2767      36.0867
    2768      36.0514
    2769      36.2540
    2770      35.7633
    2771      36.5375
    2772      36.2481
    2773      36.4063
    2774      36.5180
    2775      35.6690
    2776      36.1057
    2777      36.3807
    2778      35.9545
    2779      35.8963
    2780      35.9607
    2781      35.4834
    2782      35.5066
    2783      35.5593
    2784      35.8716
    2785      35.8474
    2786      36.6753
    2787      35.9457
    2788      36.0100
    2789      35.8334
    2790      35.5517
    2791      36.1606
    2792      36.3069
    2793      36.5764
    2794      36.3340
    2795      36.2100
    2796      36.2174
    2797      36.0612
    2798      36.1280
    2799      36.1211
    2800      36.2850
    2801      36.3904
    2802      36.1820
    2803      36.5574
    2804      35.9626
    2805      35.9619
    2806      36.3418
    2807      35.9749
    2808      36.0987
    2809      35.8664
    2810      36.3768
    2811      36.2925
    2812      35.9511
    2813      36.5138
    2814      36.1868
    2815      35.9854
    2816      36.8709
    2817      36.6934
    2818      36.0759
    2819      36.1406
    2820      36.2051
    2821      36.1907
    2822      36.2754
    2823      35.9738
    2824      36.4968
    2825      36.4224
    2826      36.3501
    2827      36.5362
    2828      36.2921
    2829      36.1353
    2830      36.2009
    2831      35.9844
    2832      36.1658
    2833      36.4081
    2834      36.6357
    2835      36.5639
    2836      36.0620
    2837      36.2124
    2838      35.9669
    2839      36.1948
    2840      36.3076
    2841      36.3009
    2842      36.7025
    2843      36.4623
    2844      36.8603
    2845      36.8766
    2846      36.2569
    2847      36.0958
    2848      36.4407
    2849      36.5111
    2850      36.9746
    2851      36.3597
    2852      36.6184
    2853      36.3981
    2854      36.4803
    2855      36.4553
    2856      36.6213
    2857      36.6090
    2858      36.5282
    2859      36.4194
    2860      36.4662
    2861      36.9797
    2862      36.5918
    2863      36.7356
    2864      36.4609
    2865      36.3150
    2866      36.4012
    2867      36.6934
    2868      36.7264
    2869      36.5263
    2870      36.5593
    2871      36.7241
    2872      37.1641
    2873      36.7838
    2874      36.3676
    2875      36.7670
    2876      36.9239
    2877      36.5902
    2878      36.5036
    2879      36.5438
    2880      36.7808
    2881      36.4962
    2882      36.5128
    2883      36.4599
    2884      36.3018
    2885      36.2543
    2886      36.5456
    2887      36.3933
    2888      36.6691
    2889      36.1411
    2890      36.5409
    2891      36.6855
    2892      37.2214
    2893      36.4104
    2894      36.2493
    2895      36.5805
    2896      36.6664
    2897      36.7651
    2898      36.5513
    2899      36.5199
    2900      36.6670
    2901      36.7497
    2902      36.4043
    2903      36.7536
    2904      36.6621
    2905      36.3010
    2906      36.5715
    2907      36.4809
    2908      36.7564
    2909      36.6355
    2910      37.0477
    2911      36.5161
    2912      36.8509
    2913      37.0052
    2914      37.0183
    2915      36.7295
    2916      36.9636
    2917      36.6028
    2918      36.9175
    2919      37.2313
    2920      37.0720
    2921      36.7642
    2922      36.8725
    2923      36.6300
    2924      37.0043
    2925      36.8827
    2926      36.5019
    2927      36.1610
    2928      36.3608
    2929      36.1479
    2930      36.3584
    2931      36.5315
    2932      36.6373
    2933      36.5136
    2934      36.8252
    2935      36.3277
    2936      36.2304
    2937      36.3715
    2938      36.6966
    2939      36.2465
    2940      36.2438
    2941      36.0334
    2942      36.5758
    2943      36.1435
    2944      36.3858
    2945      36.2982
    2946      36.2215
    2947      36.2800
    2948      36.1114
    2949      36.2617
    2950      36.6276
    2951      36.6757
    2952      36.4975
    2953      36.5968
    2954      36.5077
    2955      36.5798
    2956      36.4094
    2957      36.0856
    2958      36.6200
    2959      36.1323
    2960      36.1117
    2961      36.1307
    2962      36.5712
    2963      36.6319
    2964      36.4893
    2965      36.3495
    2966      36.3432
    2967      36.6634
    2968      36.2885
    2969      36.7964
    2970      36.8025
    2971      36.8904
    2972      36.2349
    2973      36.4217
    2974      36.4728
    2975      36.2419
    2976      36.4069
    2977      36.5032
    2978      35.9558
    2979      36.1430
    2980      36.2388
    2981      36.1246
    2982      36.1300
    2983      36.2086
    2984      36.1249
    2985      36.1724
    2986      36.3084
    2987      36.1226
    2988      36.1630
    2989      36.2826
    2990      36.2149
    2991      36.1207
    2992      36.1487
    2993      36.1557
    2994      36.7293
    2995      36.1334
    2996      36.2223
    2997      36.2304
    2998      36.1889
    2999      35.8585
    3000      36.1800
    3001      36.1294
    3002      36.2624
    3003      36.2448
    3004      35.7030
    3005      36.0896
    3006      35.8716
    3007      36.5266
    3008      36.7709
    3009      36.3034
    3010      36.5091
    3011      36.4509
    3012      36.2682
    3013      36.3436
    3014      36.2097
    3015      36.4630
    3016      36.3202
    3017      36.1887
    3018      36.2051
    3019      36.3693
    3020      36.3078
    3021      36.2155
    3022      35.9823
    3023      36.1118
    3024      35.9953
    3025      36.1245
    3026      36.0902
    3027      35.8923
    3028      35.8860
    3029      35.9912
    3030      36.2951
    3031      36.1376
    3032      35.9300
    3033      35.8715
    3034      35.8605
    3035      35.9124
    3036      36.4277
    3037      36.3741
    3038      36.1587
    3039      36.5498
    3040      35.9204
    3041      36.6566
    3042      36.2365
    3043      35.8529
    3044      36.3492
    3045      36.3838
    3046      36.1509
    3047      36.1188
    3048      36.1456
    3049      36.1968
    3050      36.3457
    3051      36.6978
    3052      36.0072
    3053      36.4737
    3054      36.4602
    3055      36.2468
    3056      36.6747
    3057      36.4732
    3058      36.4740
    3059      36.6947
    3060      36.4464
    3061      36.3446
    3062      36.3618
    3063      36.0153
    3064      36.1620
    3065      35.4396
    3066      35.8192
    3067      35.8499
    3068      36.4411
    3069      36.1618
    3070      36.0590
    3071      36.0215
    3072      35.9968
    3073      36.1451
    3074      36.0230
    3075      35.8062
    3076      36.0517
    3077      36.1120
    3078      36.2270
    3079      36.2160
    3080      36.8631
    3081      36.5138
    3082      36.4343
    3083      36.7351
    3084      36.5433
    3085      36.5272
    3086      36.1843
    3087      36.5798
    3088      36.1081
    3089      36.0988
    3090      36.4716
    3091      36.5023
    3092      36.5183
    3093      36.6492
    3094      36.3867
    3095      36.6601
    3096      36.2090
    3097      36.5149
    3098      36.2681
    3099      36.2488
    3100      36.4227
    3101      36.3004
    3102      36.1369
    3103      36.5460
    3104      36.5850
    3105      36.5257
    3106      36.3820
    3107      36.8367
    3108      36.3992
    3109      36.4283
    3110      36.4935
    3111      36.4122
    3112      36.4485
    3113      36.5779
    3114      36.3963
    3115      36.4921
    3116      36.4191
    3117      36.4914
    3118      36.8156
    3119      36.2315
    3120      36.2587
    3121      36.1593
    3122      36.1337
    3123      36.6076
    3124      36.8107
    3125      36.5052
    3126      36.3907
    3127      36.5356
    3128      36.7271
    3129      36.5840
    3130      36.5761
    3131      36.5509
    3132      36.3005
    3133      36.1391
    3134      36.7642
    3135      36.5331
    3136      36.1057
    3137      36.3513
    3138      36.2955
    3139      36.0291
    3140      36.4805
    3141      36.7174
    3142      36.0207
    3143      36.3385
    3144      36.4902
    3145      36.3999
    3146      36.6909
    3147      36.1971
    3148      36.3487
    3149      36.2803
    3150      36.5743
    3151      36.4821
    3152      36.4414
    3153      36.3501
    3154      36.2124
    3155      36.4390
    3156      36.6034
    3157      36.4698
    3158      36.5601
    3159      36.4236
    3160      36.3385
    3161      36.4405
    3162      37.0220
    3163      36.5967
    3164      36.4573
    3165      36.7354
    3166      36.2044
    3167      36.3604
    3168      36.3377
    3169      36.2833
    3170      36.4302
    3171      36.3364
    3172      36.7224
    3173      36.6319
    3174      36.4815
    3175      36.8470
    3176      36.7505
    3177      36.3875
    3178      36.5475
    3179      36.3200
    3180      36.5801
    3181      36.5324
    3182      36.1535
    3183      36.2924
    3184      36.3547
    3185      36.1001
    3186      36.2722
    3187      36.0826
    3188      35.9677
    3189      36.3086
    3190      36.2165
    3191      36.1156
    3192      36.3240
    3193      36.6050
    3194      36.4453
    3195      36.8123
    3196      36.5321
    3197      36.5169
    3198      36.5931
    3199      36.6753
    3200      36.6727
    3201      37.1711
    3202      36.8232
    3203      36.4186
    3204      36.4626
    3205      36.3891
    3206      36.5748
    3207      36.2201
    3208      36.3565
    3209      36.5216
    3210      36.1892
    3211      36.4335
    3212      36.9228
    3213      36.4536
    3214      36.8635
    3215      36.8049
    3216      36.4170
    3217      36.4237
    3218      36.8800
    3219      36.5811
    3220      36.6765
    3221      36.5100
    3222      36.7453
    3223      36.6240
    3224      36.5646
    3225      36.4518
    3226      36.8257
    3227      36.6578
    3228      36.3873
    3229      36.4337
    3230      36.2197
    3231      36.0139
    3232      36.1363
    3233      36.2692
    3234      35.8667
    3235      36.3888
    3236      36.1522
    3237      36.5645
    3238      36.5634
    3239      36.4768
    3240      36.7135
    3241      36.7883
    3242      36.8853
    3243      36.6223
    3244      36.6111
    3245      36.8574
    3246      36.5291
    3247      37.0272
    3248      36.7535
    3249      36.6159
    3250      36.7467
    3251      36.7086
    3252      36.6418
    3253      36.2744
    3254      36.6835
    3255      36.5487
    3256      35.9550
    3257      36.5357
    3258      36.9291
    3259      36.6695
    3260      36.7190
    3261      36.9056
    3262      36.8888
    3263      36.9955
    3264      36.6697
    3265      37.0325
    3266      37.1387
    3267      36.9688
    3268      36.9946
    3269      36.4887
    3270      36.5614
    3271      37.1881
    3272      37.1035
    3273      36.7325
    3274      37.1390
    3275      37.1146
    3276      37.4017
    3277      37.3090
    3278      36.9459
    3279      36.9898
    3280      36.7781
    3281      36.4850
    3282      36.9328
    3283      37.1528
    3284      36.4136
    3285      36.9579
    3286      37.0851
    3287      37.3534
    3288      37.3505
    3289      37.1133
    3290      37.4957
    3291      37.0445
    3292      37.0622
    3293      36.6242
    3294      36.6853
    3295      36.7892
    3296      36.5021
    3297      36.8617
    3298      36.6809
    3299      36.6077
    3300      36.7620
    3301      36.8991
    3302      36.3749
    3303      36.6740
    3304      36.7365
    3305      36.6996
    3306      37.2617
    3307      36.4147
    3308      36.7616
    3309      37.1080
    3310      36.9167
    3311      36.9506
    3312      36.9353
    3313      37.1274
    3314      37.0602
    3315      36.5826
    3316      36.8765
    3317      36.5840
    3318      36.5552
    3319      36.5329
    3320      36.5473
    3321      36.5183
    3322      36.7397
    3323      37.0987
    3324      37.1692
    3325      36.8185
    3326      36.6544
    3327      36.7417
    3328      37.2439
    3329      36.9005
    3330      36.5425
    3331      36.8482
    3332      37.4176
    3333      36.8876
    3334      37.2822
    3335      36.5136
    3336      36.9338
    3337      36.9298
    3338      37.1037
    3339      37.3096
    3340      36.9953
    3341      36.9664
    3342      37.0874
    3343      36.5988
    3344      36.8252
    3345      36.9656
    3346      36.5587
    3347      36.6630
    3348      36.7500
    3349      36.6837
    3350      36.7426
    3351      36.6975
    3352      36.3966
    3353      36.6739
    3354      36.2931
    3355      36.5667
    3356      36.5318
    3357      36.2533
    3358      36.6571
    3359      36.6114
    3360      36.9102
    3361      36.6970
    3362      36.6770
    3363      36.4337
    3364      36.2723
    3365      36.5790
    3366      36.7282
    3367      36.4712
    3368      36.5680
    3369      36.8227
    3370      36.7727
    3371      36.7875
    3372      36.9635
    3373      36.5939
    3374      36.4616
    3375      36.2948
    3376      36.7240
    3377      36.4142
    3378      36.0545
    3379      36.3515
    3380      36.2017
    3381      36.5172
    3382      36.3448
    3383      36.3954
    3384      36.3482
    3385      36.3221
    3386      36.5844
    3387      36.1899
    3388      36.1413
    3389      36.2379
    3390      36.7325
    3391      36.5754
    3392      36.3305
    3393      36.4507
    3394      36.1353
    3395      36.1535
    3396      36.1263
    3397      36.0972
    3398      36.5646
    3399      36.5312
    3400      36.3124
    3401      36.5109
    3402      36.5722
    3403      36.3798
    3404      36.3423
    3405      36.2724
    3406      36.3181
    3407      36.5680
    3408      36.6838
    3409      36.4740
    3410      36.3473
    3411      36.2743
    3412      36.5319
    3413      36.2858
    3414      36.3951
    3415      36.1465
    3416      36.3426
    3417      36.2019
    3418      36.5891
    3419      36.6869
    3420      36.5557
    3421      36.5077
    3422      36.4266
    3423      36.2625
    3424      36.3040
    3425      36.7651
    3426      36.7008
    3427      36.7427
    3428      36.5986
    3429      36.4842
    3430      36.6339
    3431      36.5882
    3432      36.2184
    3433      36.8501
    3434      36.0666
    3435      36.7763
    3436      36.5049
    3437      36.5679
    3438      36.5169
    3439      36.4640
    3440      36.6488
    3441      36.5937
    3442      36.6483
    3443      36.3354
    3444      36.0988
    3445      36.3826
    3446      36.1713
    3447      36.7499
    3448      36.5732
    3449      36.5623
    3450      36.2392
    3451      36.3040
    3452      36.2311
    3453      36.6258
    3454      36.5305
    3455      35.8199
    3456      36.5422
    3457      36.3985
    3458      36.4003
    3459      36.2693
    3460      36.4553
    3461      36.1555
    3462      36.3227
    3463      36.0600
    3464      36.3271
    3465      36.5434
    3466      36.7722
    3467      36.6530
    3468      36.8403
    3469      36.6860
    3470      36.4969
    3471      36.4778
    3472      36.6164
    3473      36.2696
    3474      36.5227
    3475      36.5448
    3476      36.6002
    3477      36.2243
    3478      36.2988
    3479      36.8268
    3480      36.5893
    3481      36.6266
    3482      36.6562
    3483      36.5790
    3484      36.8102
    3485      36.3567
    3486      36.7610
    3487      36.5445
    3488      36.0787
    3489      36.5579
    3490      36.1175
    3491      36.8436
    3492      36.4730
    3493      36.3688
    3494      36.5764
    3495      36.8941
    3496      36.5819
    3497      36.6371
    3498      36.9538
    3499      36.8333
    3500      37.0547
    3501      36.9310
    3502      36.7041
    3503      36.6275
    3504      36.4471
    3505      36.2258
    3506      36.4348
    3507      36.2339
    3508      36.4571
    3509      36.2641
    3510      36.5367
    3511      36.4931
    3512      36.4684
    3513      36.8405
    3514      36.4003
    3515      36.6513
    3516      36.4962
    3517      36.2908
    3518      36.5972
    3519      36.6305
    3520      36.2175
    3521      36.6200
    3522      36.7329
    3523      36.7036
    3524      36.5555
    3525      36.3840
    3526      36.6477
    3527      36.5730
    3528      36.5886
    3529      36.5078
    3530      36.5049
    3531      36.6467
    3532      36.2401
    3533      36.5948
    3534      36.4823
    3535      36.6700
    3536      36.7330
    3537      36.2678
    3538      36.7651
    3539      36.4005
    3540      36.5458
    3541      36.6900
    3542      36.3279
    3543      36.0681
    3544      36.3762
    3545      36.3534
    3546      36.4786
    3547      36.3949
    3548      36.7475
    3549      36.5701
    3550      36.5778
    3551      37.2822
    3552      37.2390
    3553      37.0172
    3554      36.3533
    3555      36.3809
    3556      36.9906
    3557      36.6228
    3558      36.6901
    3559      36.7354
    3560      37.0502
    3561      37.0397
    3562      36.8651
    3563      36.6693
    3564      37.6257
    3565      36.6727
    3566      36.5663
    3567      36.9518
    3568      36.8731
    3569      36.8688
    3570      37.2719
    3571      37.6353
    3572      37.5324
    3573      37.3335
    3574      37.0061
    3575      37.1245
    3576      37.1133
    3577      36.4269
    3578      36.7975
    3579      37.0002
    3580      37.2214
    3581      37.0240
    3582      36.8569
    3583      36.9883
    3584      36.7120
    3585      37.0889
    3586      36.6308
    3587      36.9094
    3588      37.0029
    3589      37.0699
    3590      37.2817
    3591      37.2211
    3592      37.3669
    3593      37.1130
    3594      36.5224
    3595      36.9107
    3596      36.9854
    3597      37.2985
    3598      37.2269
    3599      37.4128
    3600      37.0721
    3601      37.5000
    3602      37.6196
    3603      37.2561
    3604      36.5296
    3605      36.6831
    3606      36.9193
    3607      36.6415
    3608      36.8104
    3609      36.8661
    3610      36.9121
    3611      36.9777
    3612      37.0877
    3613      37.0734
    3614      37.1675
    3615      37.0262
    3616      36.9538
    3617      37.5282
    3618      37.1443
    3619      36.8073
    3620      37.2302
    3621      37.7303
    3622      37.6096
    3623      37.6990
    3624      37.5284
    3625      37.5477
    3626      37.4753
    3627      37.5280
    3628      37.3077
    3629      37.5674
    3630      36.9640
    3631      37.4230
    3632      37.6590
    3633      37.5905
    3634      37.8469
    3635      37.9537
    3636      37.6602
    3637      37.7049
    3638      37.3105
    3639      37.2236
    3640      36.9813
    3641      36.9128
    3642      37.0878
    3643      37.1285
    3644      36.9252
    3645      36.3428
    3646      36.7949
    3647      36.7666
    3648      37.3062
    3649      37.1600
    3650      36.5794
    3651      37.1810
    3652      37.0220
    3653      36.8959
    3654      37.1423
    3655      37.0260
    3656      36.9487
    3657      37.2720
    3658      37.1906
    3659      37.4121
    3660      36.9869
    3661      36.9775
    3662      36.8167
    3663      37.2566
    3664      36.9902
    3665      36.4611
    3666      37.1595
    3667      37.4389
    3668      36.9165
    3669      37.1621
    3670      37.1883
    3671      37.1122
    3672      37.3764
    3673      37.3168
    3674      37.2090
    3675      37.1573
    3676      36.9237
    3677      37.1499
    3678      37.3703
    3679      36.6358
    3680      36.9843
    3681      37.6572
    3682      37.2745
    3683      37.4268
    3684      37.1824
    3685      36.9602
    3686      37.2959
    3687      36.9184
    3688      37.3825
    3689      37.1407
    3690      37.0777
    3691      36.9088
    3692      37.1604
    3693      37.5163
    3694      37.1274
    3695      37.1350
    3696      37.2039
    3697      37.1001
    3698      37.2994
    3699      37.3689
    3700      37.2034
    3701      37.3854
    3702      36.7962
    3703      37.0346
    3704      37.1201
    3705      36.9507
    3706      36.2726
    3707      36.8534
    3708      36.7399
    3709      36.8805
    3710      36.6132
    3711      36.7806
    3712      36.5891
    3713      36.9161
    3714      37.1288
    3715      36.8824
    3716      36.7008
    3717      36.6786
    3718      36.7723
    3719      36.7401
    3720      36.9101
    3721      36.9102
    3722      36.4211
    3723      36.9063
    3724      37.2268
    3725      36.9059
    3726      37.0913
    3727      36.9752
    3728      36.5604
    3729      36.9429
    3730      36.8507
    3731      36.8637
    3732      37.0510
    3733      36.7944
    3734      36.4162
    3735      36.4164
    3736      36.8849
    3737      36.9105
    3738      36.8488
    3739      36.9811
    3740      36.7688
    3741      36.5821
    3742      36.9088
    3743      37.1056
    3744      36.9784
    3745      37.1286
    3746      37.3112
    3747      37.2641
    3748      37.0232
    3749      37.3110
    3750      37.1006
    3751      37.1449
    3752      37.4147
    3753      37.0744
    3754      37.3568
    3755      37.2351
    3756      37.1721
    3757      37.0497
    3758      36.9928
    3759      37.1975
    3760      37.2114
    3761      37.3142
    3762      37.2768
    3763      36.9927
    3764      37.1363
    3765      37.5726
    3766      37.8391
    3767      36.8010
    3768      37.1522
    3769      37.2025
    3770      36.9125
    3771      36.8938
    3772      36.8540
    3773      37.0340
    3774      36.6372
    3775      36.8276
    3776      36.8535
    3777      37.0973
    3778      36.8934
    3779      36.7915
    3780      36.0281
    3781      36.6196
    3782      36.7793
    3783      36.7542
    3784      36.5740
    3785      36.6701
    3786      36.7930
    3787      36.4116
    3788      36.2872
    3789      36.7612
    3790      37.0536
    3791      36.6492
    3792      36.8126
    3793      36.9175
    3794      36.8303
    3795      36.9881
    3796      36.6803
    3797      36.5294
    3798      37.0286
    3799      36.4636
    3800      36.3366
    3801      36.3767
    3802      36.4747
    3803      36.5959
    3804      36.7594
    3805      36.9937
    3806      36.3579
    3807      36.7347
    3808      37.0176
    3809      36.4128
    3810      36.7339
    3811      36.8021
    3812      36.6536
    3813      36.5963
    3814      36.3754
    3815      36.4792
    3816      36.9961
    3817      36.7897
    3818      36.4774
    3819      36.5064
    3820      36.4167
    3821      36.6968
    3822      36.4161
    3823      36.6593
    3824      36.2934
    3825      36.6288
    3826      37.2225
    3827      36.8926
    3828      37.1666
    3829      37.0109
    3830      37.0482
    3831      37.0668
    3832      37.0686
    3833      36.6399
    3834      36.8072
    3835      37.0385
    3836      36.7713
    3837      37.1493
    3838      37.1122
    3839      36.8316
    3840      37.5147
    3841      37.3428
    3842      37.5182
    3843      37.4043
    3844      37.2491
    3845      37.3692
    3846      37.1012
    3847      37.7304
    3848      37.4424
    3849      37.5024
    3850      37.5466
    3851      37.4229
    3852      37.4001
    3853      37.0567
    3854      37.5798
    3855      37.2385
    3856      36.9039
    3857      37.2954
    3858      36.7791
    3859      36.9158
    3860      36.7384
    3861      37.1190
    3862      37.3862
    3863      37.0578
    3864      36.7372
    3865      37.1272
    3866      37.5867
    3867      37.3496
    3868      37.0025
    3869      37.7856
    3870      37.7233
    3871      37.8062
    3872      37.5291
    3873      37.7416
    3874      37.5637
    3875      37.2386
    3876      37.3735
    3877      37.4293
    3878      37.4229
    3879      36.7145
    3880      37.3404
    3881      36.9614
    3882      36.9777
    3883      36.8166
    3884      36.9555
    3885      36.7318
    3886      37.3127
    3887      37.0659
    3888      37.1599
    3889      36.7896
    3890      37.0027
    3891      37.0607
    3892      37.2548
    3893      37.2327
    3894      37.1099
    3895      37.0383
    3896      37.0990
    3897      37.0543
    3898      37.3657
    3899      37.1698
    3900      37.3045
    3901      37.6806
    3902      37.0629
    3903      36.8363
    3904      37.1711
    3905      37.5222
    3906      37.0167
    3907      36.9147
    3908      37.1235
    3909      36.9568
    3910      37.3508
    3911      37.3228
    3912      36.8101
    3913      36.9611
    3914      36.9557
    3915      37.3848
    3916      37.2434
    3917      36.8163
    3918      37.0190
    3919      36.6841
    3920      36.4079
    3921      36.3991
    3922      36.1541
    3923      36.6645
    3924      35.6549
    3925      36.3475
    3926      36.2794
    3927      36.6701
    3928      36.5169
    3929      36.9620
    3930      36.3952
    3931      36.6153
    3932      36.6224
    3933      36.4666
    3934      36.7731
    3935      36.6972
    3936      35.9313
    3937      36.5360
    3938      36.6991
    3939      37.1113
    3940      36.9038
    3941      36.9084
    3942      36.7245
    3943      36.8483
    3944      36.7200
    3945      37.0949
    3946      36.7934
    3947      36.7649
    3948      37.2577
    3949      37.3211
    3950      37.2722
    3951      37.2918
    3952      37.1758
    3953      36.8839
    3954      36.9988
    3955      36.5564
    3956      36.7938
    3957      37.0809
    3958      36.6614
    3959      36.8851
    3960      37.1231
    3961      37.1874
    3962      37.1226
    3963      37.0987
    3964      37.0717
    3965      36.7755
    3966      36.6536
    3967      36.7889
    3968      37.1945
    3969      37.0649
    3970      37.1198
    3971      37.1155
    3972      37.3198
    3973      37.1173
    3974      36.9431
    3975      36.8247
    3976      37.2322
    3977      36.8569
    3978      37.0293
    3979      37.2001
    3980      36.7522
    3981      36.9428
    3982      36.8288
    3983      37.0448
    3984      36.9829
    3985      37.4028
    3986      37.0406
    3987      36.8861
    3988      36.7981
    3989      36.8070
    3990      36.9172
    3991      36.7299
    3992      36.9372
    3993      36.6478
    3994      36.5595
    3995      36.5422
    3996      36.5712
    3997      36.8055
    3998      37.0245
    3999      37.1491
    4000      36.5631
    4001      36.4357
    4002      36.5087
    4003      36.1503
    4004      36.4201
    4005      36.7374
    4006      36.9221
    4007      36.8999
    4008      36.8829
    4009      36.5658
    4010      36.6564
    4011      36.2692
    4012      36.5193
    4013      36.8981
    4014      36.5803
    4015      36.7355
    4016      36.6913
    4017      36.8404
    4018      37.1860
    4019      37.2843
    4020      36.9101
    4021      36.9664
    4022      36.7193
    4023      36.6903
    4024      36.4428
    4025      36.5797
    4026      36.5453
    4027      36.6560
    4028      36.2880
    4029      36.1825
    4030      36.6526
    4031      36.5462
    4032      36.9384
    4033      36.8222
    4034      36.4039
    4035      36.7531
    4036      36.8851
    4037      36.7210
    4038      36.4086
    4039      36.7723
    4040      36.7973
    4041      36.3705
    4042      36.2190
    4043      36.6370
    4044      36.4057
    4045      36.8633
    4046      36.8082
    4047      36.6649
    4048      36.9645
    4049      37.3043
    4050      36.6425
    4051      36.4531
    4052      37.3100
    4053      36.6755
    4054      36.4464
    4055      36.7830
    4056      36.7388
    4057      36.8937
    4058      36.4483
    4059      36.9155
    4060      36.6682
    4061      36.9576
    4062      36.6433
    4063      37.4231
    4064      36.6989
    4065      36.7037
    4066      36.9569
    4067      36.6060
    4068      37.1533
    4069      36.8614
    4070      36.8883
    4071      36.7211
    4072      36.3544
    4073      36.8929
    4074      36.4940
    4075      36.1885
    4076      36.4205
    4077      36.6748
    4078      36.0813
    4079      35.6680
    4080      36.0136
    4081      36.0886
    4082      36.7652
    4083      36.8750
    4084      36.8926
    4085      36.3498
    4086      36.6239
    4087      36.6465
    4088      36.8628
    4089      36.7269
    4090      36.5199
    4091      36.7221
    4092      36.6644
    4093      36.4072
    4094      36.4417
    4095      36.3458
    4096      36.2313
    4097      36.3041
    4098      36.5280
    4099      36.3291
    4100      36.1839
    4101      36.5270
    4102      36.7656
    4103      36.6903
    4104      36.5090
    4105      36.8763
    4106      36.3470
    4107      36.5995
    4108      36.2478
    4109      36.3774
    4110      36.6887
    4111      36.0404
    4112      36.4825
    4113      36.7539
    4114      36.2066
    4115      36.4385
    4116      36.9958
    4117      36.5442
    4118      36.7361
    4119      36.5657
    4120      36.6113
    4121      36.5773
    4122      36.4581
    4123      36.1107
    4124      35.9791
    4125      36.6868
    4126      36.3197
    4127      36.6169
    4128      36.2267
    4129      36.7457
    4130      36.5035
    4131      36.7945
    4132      36.9156
    4133      36.0846
    4134      36.8363
    4135      36.9632
    4136      36.6375
    4137      36.6006
    4138      36.7680
    4139      36.5636
    4140      36.4744
    4141      36.6140
    4142      36.5837
    4143      36.6453
    4144      36.5527
    4145      36.6657
    4146      36.3568
    4147      36.5308
    4148      36.4412
    4149      36.2653
    4150      36.2332
    4151      36.5041
