#Frame            l2c
       1      36.4745
       2      36.5303
       3      36.9494
       4      36.3104
       5      36.1720
       6      36.2430
       7      36.4509
       8      36.5115
       9      36.5593
      10      36.1109
      11      36.3772
      12      35.9441
      13      36.3510
      14      36.6442
      15      36.3776
      16      36.4607
      17      36.3287
      18      36.0671
      19      36.4968
      20      36.1422
      21      36.4273
      22      36.1374
      23      36.1239
      24      36.4175
      25      36.4087
      26      36.3563
      27      36.5088
      28      36.6645
      29      36.4149
      30      36.5943
      31      36.3046
      32      36.4081
      33      36.6801
      34      36.4978
      35      36.9631
      36      36.5720
      37      36.1855
      38      35.8237
      39      36.0002
      40      36.2824
      41      36.7838
      42      36.2733
      43      36.7493
      44      36.3360
      45      36.5126
      46      36.6113
      47      36.5662
      48      36.2522
      49      36.1384
      50      36.7064
      51      36.8156
      52      36.5408
      53      36.6199
      54      36.8796
      55      36.9431
      56      36.6312
      57      36.7800
      58      36.2826
      59      36.4018
      60      36.6870
      61      36.5691
      62      36.3292
      63      36.6079
      64      36.6665
      65      36.4312
      66      36.8204
      67      36.8046
      68      36.6326
      69      36.2369
      70      36.5656
      71      36.4935
      72      36.5522
      73      36.5052
      74      36.5061
      75      36.2920
      76      36.3602
      77      36.3908
      78      36.0403
      79      36.2012
      80      36.2110
      81      36.1722
      82      36.0573
      83      36.1311
      84      36.1507
      85      36.1596
      86      36.0794
      87      36.2858
      88      36.2538
      89      35.6262
      90      36.2069
      91      36.3336
      92      36.1624
      93      36.4661
      94      36.8391
      95      36.3601
      96      36.5394
      97      36.3210
      98      36.2802
      99      36.3438
     100      36.3233
     101      36.2696
     102      36.4418
     103      36.5442
     104      36.4959
     105      36.4826
     106      36.3874
     107      36.2482
     108      36.6041
     109      36.9577
     110      36.5710
     111      36.9387
     112      36.7521
     113      36.7358
     114      36.8517
     115      36.6258
     116      36.8099
     117      36.5156
     118      36.5189
     119      36.6198
     120      36.3349
     121      36.5767
     122      36.6309
     123      36.3083
     124      36.5978
     125      36.2988
     126      36.0702
     127      36.3920
     128      36.1320
     129      36.3049
     130      36.4472
     131      36.6375
     132      35.8919
     133      36.2613
     134      35.9913
     135      36.4374
     136      36.3159
     137      36.0962
     138      36.2217
     139      36.1894
     140      36.1837
     141      36.3633
     142      36.2458
     143      36.8361
     144      36.4081
     145      37.0105
     146      36.5436
     147      36.6378
     148      36.4019
     149      36.7719
     150      37.0633
     151      37.0854
     152      36.9527
     153      36.6024
     154      36.7984
     155      37.4290
     156      37.1743
     157      37.2805
     158      37.1088
     159      37.4823
     160      37.5270
     161      37.5423
     162      37.1676
     163      37.2887
     164      37.8991
     165      36.8742
     166      36.4247
     167      36.7313
     168      36.8618
     169      36.8610
     170      36.6307
     171      36.9645
     172      36.9488
     173      36.8282
     174      36.8375
     175      37.0618
     176      36.7855
     177      36.4867
     178      36.4898
     179      37.0635
     180      36.7003
     181      36.5399
     182      36.7353
     183      36.8087
     184      36.4589
     185      36.4617
     186      36.3630
     187      36.2704
     188      36.2633
     189      36.2461
     190      36.6777
     191      36.6048
     192      36.5846
     193      36.2640
     194      36.5054
     195      36.0302
     196      36.1265
     197      35.8757
     198      36.0353
     199      35.9465
     200      35.6115
     201      36.3152
     202      36.2292
     203      35.6539
     204      36.3355
     205      36.2478
     206      36.3299
     207      36.2720
     208      36.7626
     209      36.6466
     210      36.8312
     211      36.5064
     212      36.5549
     213      36.3674
     214      36.6009
     215      36.5022
     216      36.6308
     217      36.4024
     218      36.6729
     219      36.4801
     220      36.5134
     221      36.9585
     222      36.7213
     223      36.4293
     224      36.4179
     225      36.6957
     226      36.4792
     227      36.0425
     228      36.4626
     229      36.5593
     230      36.1862
     231      36.5066
     232      36.3075
     233      36.6483
     234      36.7391
     235      36.7916
     236      36.7099
     237      36.4118
     238      36.3814
     239      36.1976
     240      36.2551
     241      36.0890
     242      36.4636
     243      36.3505
     244      36.3773
     245      36.6503
     246      36.1779
     247      36.5150
     248      36.3658
     249      36.5865
     250      36.9998
     251      36.0632
     252      36.7724
     253      36.6680
     254      36.0709
     255      36.1678
     256      36.8672
     257      36.7770
     258      36.5585
     259      36.9912
     260      36.7180
     261      36.9009
     262      37.1242
     263      36.8890
     264      36.6164
     265      36.3619
     266      36.4796
     267      36.7601
     268      36.5049
     269      36.6067
     270      37.1738
     271      36.9308
     272      36.6696
     273      36.9425
     274      36.5450
     275      36.3992
     276      36.7102
     277      36.9713
     278      36.6650
     279      37.0467
     280      36.8122
     281      37.2782
     282      36.8693
     283      36.6569
     284      37.0446
     285      36.5908
     286      36.8125
     287      36.9321
     288      37.3191
     289      36.6990
     290      36.8494
     291      36.6057
     292      36.8082
     293      36.5850
     294      36.4694
     295      36.4617
     296      36.1874
     297      36.0226
     298      35.6570
     299      36.1903
     300      36.3940
     301      36.2321
     302      35.9020
     303      35.5979
     304      35.8413
     305      35.9425
     306      36.2353
     307      36.2006
     308      36.3519
     309      35.8365
     310      35.9544
     311      35.8001
     312      36.0598
     313      35.9405
     314      36.3442
     315      36.2950
     316      36.2118
     317      36.4258
     318      36.1847
     319      36.0487
     320      36.1663
     321      36.2764
     322      35.8569
     323      36.2494
     324      35.9624
     325      36.0194
     326      35.7899
     327      36.0606
     328      36.0971
     329      36.0559
     330      35.8516
     331      35.7022
     332      36.2115
     333      36.1630
     334      36.2231
     335      35.8235
     336      36.1243
     337      35.8298
     338      36.1449
     339      36.2289
     340      36.0290
     341      36.1840
     342      36.1330
     343      35.7412
     344      35.6527
     345      35.5767
     346      35.6845
     347      36.1404
     348      35.8886
     349      35.9709
     350      35.6980
     351      36.0778
     352      36.2368
     353      36.0674
     354      36.1550
     355      36.6241
     356      36.2863
     357      36.5932
     358      36.3433
     359      36.1324
     360      36.7463
     361      36.3488
     362      36.6298
     363      36.7022
     364      36.4931
     365      36.3579
     366      36.4912
     367      36.6941
     368      36.6275
     369      35.6693
     370      35.7719
     371      35.8786
     372      36.2607
     373      36.3292
     374      36.3170
     375      35.9572
     376      36.4000
     377      36.4394
     378      36.2859
     379      36.6137
     380      36.4031
     381      36.0835
     382      36.1385
     383      36.3601
     384      36.7114
     385      36.0245
     386      36.0793
     387      36.3634
     388      36.4809
     389      36.5272
     390      36.2937
     391      35.7140
     392      36.2472
     393      36.0608
     394      35.8050
     395      35.8923
     396      35.9452
     397      35.9269
     398      36.1096
     399      36.2552
     400      35.9734
     401      36.1690
     402      35.7127
     403      35.7296
     404      35.7027
     405      35.9818
     406      35.9878
     407      35.8719
     408      36.7580
     409      36.8241
     410      36.7925
     411      36.5973
     412      36.3316
     413      35.7644
     414      35.7999
     415      35.2947
     416      35.8357
     417      36.2024
     418      36.3914
     419      36.2812
     420      36.4771
     421      35.8833
     422      36.4562
     423      36.2583
     424      36.3582
     425      36.0101
     426      36.3590
     427      36.7323
     428      36.3674
     429      36.3213
     430      36.4163
     431      36.1654
     432      35.8978
     433      35.9281
     434      36.2403
     435      36.4459
     436      36.2034
     437      36.0537
     438      36.3307
     439      36.1837
     440      35.8002
     441      36.0568
     442      36.2664
     443      36.1239
     444      35.7292
     445      36.2094
     446      36.0561
     447      35.6703
     448      36.0551
     449      35.3706
     450      35.5502
     451      36.0599
     452      36.4722
     453      35.7444
     454      35.9231
     455      35.9358
     456      35.7201
     457      35.8882
     458      35.6743
     459      36.2569
     460      36.1669
     461      36.0840
     462      35.9857
     463      36.2152
     464      35.7056
     465      36.2003
     466      36.0047
     467      36.0109
     468      36.0335
     469      35.8810
     470      35.7585
     471      36.0882
     472      36.1040
     473      35.4262
     474      35.4349
     475      35.6019
     476      35.4290
     477      35.9512
     478      36.2753
     479      36.2193
     480      35.7409
     481      35.9717
     482      35.7585
     483      36.2783
     484      36.1691
     485      35.9496
     486      35.9901
     487      35.9411
     488      36.0997
     489      35.8725
     490      35.8414
     491      36.0921
     492      35.8594
     493      35.0957
     494      35.5024
     495      35.6681
     496      36.0084
     497      35.4282
     498      35.7909
     499      35.4625
     500      35.6214
     501      35.6601
     502      35.4103
     503      35.6130
     504      35.5808
     505      35.9356
     506      35.9420
     507      35.7379
     508      35.9619
     509      35.5219
     510      36.0056
     511      35.6089
     512      35.7680
     513      35.7481
     514      36.0331
     515      36.4168
     516      35.9513
     517      36.0358
     518      35.6423
     519      35.6257
     520      35.9778
     521      35.6858
     522      35.8881
     523      36.0240
     524      36.1156
     525      36.2454
     526      36.5115
     527      36.3771
     528      35.8099
     529      35.7209
     530      35.8028
     531      35.7860
     532      35.6556
     533      35.6981
     534      35.7205
     535      35.9026
     536      35.9421
     537      35.7496
     538      36.1520
     539      35.7816
     540      36.2568
     541      36.1393
     542      35.6284
     543      35.4039
     544      35.7299
     545      35.2874
     546      35.8280
     547      35.9975
     548      35.6994
     549      36.0939
     550      35.9011
     551      35.4609
     552      35.6351
     553      34.7490
     554      35.3244
     555      34.9994
     556      35.0367
     557      35.4774
     558      35.4046
     559      35.5430
     560      35.3121
     561      35.3341
     562      34.8810
     563      34.7366
     564      34.9223
     565      35.1836
     566      35.3103
     567      35.0863
     568      35.2634
     569      35.3460
     570      35.1638
     571      35.3761
     572      35.2183
     573      35.1130
     574      35.4184
     575      35.3106
     576      35.4728
     577      35.7868
     578      35.0368
     579      34.6730
     580      35.6032
     581      35.3787
     582      34.9772
     583      35.2843
     584      35.4900
     585      35.1073
     586      34.8370
     587      35.1592
     588      35.4786
     589      35.1210
     590      35.4389
     591      35.0755
     592      35.2608
     593      35.4734
     594      35.8025
     595      35.8967
     596      36.2618
     597      35.3698
     598      35.4161
     599      35.2875
     600      35.5657
     601      35.3018
     602      35.4969
     603      34.8032
     604      35.5315
     605      36.0453
     606      35.7581
     607      35.8504
     608      35.6552
     609      35.4258
     610      35.2981
     611      35.1476
     612      35.3918
     613      35.5199
     614      35.7325
     615      35.8817
     616      35.5437
     617      35.1188
     618      35.2807
     619      35.2863
     620      35.3619
     621      34.9937
     622      34.9860
     623      35.2179
     624      35.4622
     625      35.6811
     626      35.6783
     627      35.9194
     628      35.6107
     629      36.3117
     630      35.8769
     631      36.0112
     632      35.8217
     633      36.1222
     634      35.8559
     635      35.9416
     636      35.7985
     637      35.6951
     638      35.9375
     639      35.9253
     640      35.8304
     641      35.6594
     642      35.8206
     643      35.7258
     644      35.5380
     645      36.1527
     646      36.0417
     647      35.8457
     648      35.6507
     649      35.7176
     650      35.8385
     651      36.0829
     652      35.2442
     653      35.5316
     654      35.7977
     655      35.8706
     656      36.0892
     657      35.7214
     658      35.7767
     659      35.7354
     660      35.7532
     661      35.8788
     662      35.7055
     663      35.6071
     664      35.6384
     665      35.5781
     666      35.1464
     667      35.1405
     668      35.1228
     669      35.4227
     670      35.4080
     671      35.4968
     672      35.5557
     673      35.0564
     674      35.2135
     675      35.3114
     676      35.3214
     677      35.5292
     678      35.2825
     679      35.5252
     680      35.4586
     681      35.6179
     682      35.9799
     683      35.5729
     684      36.0766
     685      36.2590
     686      36.1834
     687      35.9297
     688      35.9969
     689      35.7077
     690      35.7552
     691      35.6261
     692      35.1420
     693      35.6644
     694      35.2238
     695      35.3631
     696      35.3745
     697      35.5957
     698      35.3329
     699      35.7994
     700      35.6172
     701      35.5987
     702      35.5731
     703      35.7202
     704      35.7330
     705      35.8075
     706      36.1122
     707      35.6134
     708      36.0262
     709      35.7877
     710      35.3950
     711      35.4873
     712      35.1814
     713      35.1512
     714      35.0869
     715      35.2306
     716      34.8352
     717      35.4181
     718      35.8905
     719      35.5018
     720      35.2407
     721      35.3365
     722      35.1669
     723      34.7671
     724      34.8731
     725      34.5324
     726      34.8586
     727      34.9613
     728      34.5468
     729      34.9148
     730      35.5011
     731      35.4136
     732      35.5835
     733      35.5617
     734      35.5868
     735      34.9120
     736      35.5077
     737      35.5397
     738      35.6100
     739      36.0128
     740      35.9080
     741      35.2800
     742      35.4668
     743      35.2180
     744      35.6645
     745      35.4079
     746      35.8133
     747      35.5665
     748      35.7998
     749      35.9525
     750      35.7493
     751      35.6503
     752      35.7514
     753      35.6946
     754      35.0273
     755      35.3598
     756      35.6034
     757      35.5259
     758      35.5759
     759      35.8773
     760      35.8922
     761      35.4265
     762      35.2938
     763      35.3946
     764      35.6169
     765      35.9804
     766      35.6408
     767      36.0310
     768      35.5659
     769      35.5801
     770      35.5649
     771      35.5041
     772      35.5499
     773      35.5728
     774      35.3188
     775      35.7863
     776      35.5023
     777      35.8761
     778      35.9438
     779      35.9801
     780      35.8118
     781      35.7865
     782      35.6494
     783      36.0646
     784      35.7680
     785      35.5492
     786      35.7948
     787      35.8606
     788      36.1096
     789      35.5332
     790      35.7530
     791      35.3139
     792      35.8999
     793      36.3166
     794      36.0127
     795      36.0269
     796      35.6414
     797      35.9206
     798      35.7554
     799      36.1004
     800      36.4118
     801      36.2282
     802      35.9824
     803      36.1739
     804      36.2794
     805      36.5800
     806      36.1082
     807      36.1939
     808      36.1901
     809      35.7991
     810      35.8355
     811      36.4183
     812      36.2663
     813      36.2044
     814      35.9949
     815      35.5163
     816      35.4060
     817      35.7591
     818      35.4187
     819      35.7047
     820      35.4189
     821      35.7338
     822      35.9611
     823      36.4503
     824      35.7251
     825      35.5780
     826      36.1713
     827      35.9511
     828      36.0148
     829      36.5230
     830      36.1573
     831      36.0155
     832      35.7144
     833      35.7913
     834      35.8180
     835      36.0538
     836      35.8072
     837      36.0577
     838      35.6852
     839      35.5839
     840      36.4828
     841      36.0974
     842      35.7923
     843      36.3653
     844      35.9945
     845      35.5888
     846      35.7038
     847      35.9244
     848      36.4319
     849      35.7925
     850      35.9203
     851      35.4795
     852      35.4986
     853      35.5643
     854      35.8207
     855      35.6256
     856      35.3839
     857      35.9599
     858      35.9124
     859      35.6461
     860      35.7648
     861      35.9272
     862      35.7878
     863      35.1569
     864      35.5763
     865      35.3283
     866      35.3670
     867      35.4091
     868      35.2722
     869      35.4676
     870      35.2365
     871      36.1734
     872      35.9066
     873      35.8985
     874      35.4920
     875      35.3326
     876      36.2156
     877      35.4525
     878      35.5756
     879      35.9326
     880      35.8343
     881      35.9139
     882      35.6092
     883      35.8060
     884      35.4495
     885      35.7638
     886      36.1346
     887      35.5483
     888      36.1209
     889      36.0851
     890      35.6736
     891      36.1530
     892      35.5273
     893      35.8117
     894      35.2048
     895      35.7573
     896      35.7649
     897      35.5593
     898      35.8798
     899      35.2181
     900      34.9575
     901      35.6287
     902      35.4193
     903      35.4341
     904      35.6224
     905      35.6879
     906      35.3668
     907      35.1543
     908      35.0118
     909      34.9693
     910      35.1092
     911      34.7664
     912      35.1999
     913      34.9252
     914      35.3291
     915      35.3420
     916      35.7220
     917      35.5979
     918      35.6410
     919      35.8079
     920      35.4860
     921      35.6405
     922      35.7761
     923      35.1565
     924      35.3924
     925      35.2094
     926      35.3904
     927      35.3251
     928      35.9675
     929      35.7405
     930      35.9221
     931      36.0576
     932      35.8003
     933      35.9271
     934      35.9743
     935      35.6451
     936      35.8618
     937      35.7224
     938      36.0590
     939      35.9022
     940      35.8419
     941      35.6342
     942      36.4750
     943      36.0109
     944      36.3951
     945      36.2249
     946      36.1125
     947      35.9397
     948      35.7275
     949      36.3320
     950      36.1656
     951      36.3402
     952      35.9293
     953      35.6257
     954      35.9326
     955      35.7720
     956      35.7349
     957      35.6799
     958      35.1643
     959      35.2328
     960      35.7477
     961      35.8062
     962      36.0548
     963      35.8852
     964      35.8139
     965      36.0605
     966      36.3592
     967      35.9643
     968      35.6321
     969      36.2529
     970      35.8979
     971      36.5037
     972      36.3721
     973      36.0096
     974      35.7506
     975      35.9866
     976      36.1076
     977      35.9958
     978      36.2887
     979      35.7494
     980      35.7980
     981      35.7072
     982      35.8630
     983      35.8751
     984      35.4770
     985      35.6109
     986      35.2264
     987      35.3344
     988      35.4258
     989      35.7199
     990      35.4869
     991      35.6917
     992      36.0937
     993      35.6598
     994      35.5115
     995      35.4908
     996      35.7457
     997      35.7719
     998      35.3297
     999      35.8851
    1000      36.1618
    1001      36.1277
    1002      36.2619
    1003      36.2121
    1004      35.7690
    1005      36.2164
    1006      35.6946
    1007      35.7796
    1008      36.2636
    1009      35.1646
    1010      35.8343
    1011      35.8967
    1012      36.2537
    1013      36.2124
    1014      36.1769
    1015      36.0710
    1016      35.9134
    1017      35.9471
    1018      36.0668
    1019      35.7426
    1020      35.8386
    1021      36.2562
    1022      35.8240
    1023      35.7583
    1024      36.0134
    1025      36.2941
    1026      36.0097
    1027      35.7735
    1028      35.5756
    1029      35.6989
    1030      35.8337
    1031      35.7709
    1032      35.8094
    1033      36.0224
    1034      35.6939
    1035      35.6025
    1036      36.0956
    1037      36.0677
    1038      36.0524
    1039      35.8969
    1040      35.6416
    1041      35.6662
    1042      35.8188
    1043      35.2808
    1044      34.9869
    1045      35.6237
    1046      35.6619
    1047      35.8064
    1048      35.5299
    1049      36.0170
    1050      35.8412
    1051      35.7972
    1052      36.1174
    1053      35.3871
    1054      35.3668
    1055      35.6390
    1056      35.4263
    1057      35.4614
    1058      35.9085
    1059      35.8576
    1060      35.8394
    1061      35.6290
    1062      35.8434
    1063      35.3859
    1064      35.1951
    1065      34.9195
    1066      35.2847
    1067      35.7110
    1068      35.7856
    1069      35.6599
    1070      35.6873
    1071      35.9938
    1072      36.1359
    1073      35.7822
    1074      35.8817
    1075      35.9589
    1076      35.8038
    1077      35.5023
    1078      35.8312
    1079      35.7226
    1080      35.7109
    1081      35.5504
    1082      35.9028
    1083      35.5998
    1084      35.6840
    1085      35.8243
    1086      35.7742
    1087      35.4807
    1088      35.4169
    1089      35.7055
    1090      36.3511
    1091      35.4527
    1092      35.5850
    1093      35.8018
    1094      36.2615
    1095      35.5081
    1096      35.6227
    1097      35.7547
    1098      35.5079
    1099      35.9092
    1100      35.6744
    1101      35.6099
    1102      35.9111
    1103      35.8064
    1104      35.5547
    1105      35.1406
    1106      35.5094
    1107      35.3428
    1108      36.1520
    1109      35.7335
    1110      36.0739
    1111      35.8704
    1112      35.4139
    1113      35.7030
    1114      35.6066
    1115      35.2300
    1116      35.0651
    1117      35.3050
    1118      34.8548
    1119      35.0098
    1120      35.1511
    1121      35.0824
    1122      35.1745
    1123      35.0326
    1124      35.4695
    1125      35.0903
    1126      35.1560
    1127      34.8926
    1128      34.5645
    1129      35.1927
    1130      35.3868
    1131      35.5031
    1132      34.9196
    1133      35.4309
    1134      35.0868
    1135      35.4179
    1136      35.5618
    1137      35.4791
    1138      35.3865
    1139      35.3295
    1140      35.4730
    1141      35.3519
    1142      35.4995
    1143      36.0328
    1144      36.0485
    1145      35.8561
    1146      36.1568
    1147      36.0791
    1148      35.9406
    1149      36.4432
    1150      36.1497
    1151      36.1180
    1152      35.6561
    1153      35.3870
    1154      35.7514
    1155      36.0126
    1156      36.2297
    1157      36.0772
    1158      36.3326
    1159      35.9416
    1160      35.8752
    1161      36.1835
    1162      35.5427
    1163      35.7883
    1164      36.0802
    1165      36.1633
    1166      35.8105
    1167      35.9824
    1168      36.7913
    1169      36.4903
    1170      36.0886
    1171      35.7909
    1172      35.8639
    1173      35.6773
    1174      36.0708
    1175      36.1850
    1176      36.0745
    1177      35.5421
    1178      35.5591
    1179      35.3717
    1180      36.0167
    1181      35.6006
    1182      35.6700
    1183      35.6558
    1184      35.7742
    1185      35.7262
    1186      36.1718
    1187      35.9127
    1188      36.4623
    1189      35.9116
    1190      35.9963
    1191      35.2947
    1192      35.0314
    1193      35.5117
    1194      36.0347
    1195      35.6937
    1196      35.5771
    1197      35.5321
    1198      35.9574
    1199      35.2246
    1200      35.9296
    1201      36.6440
    1202      36.2395
    1203      36.1540
    1204      35.7877
    1205      36.1124
    1206      35.6869
    1207      35.4310
    1208      36.0514
    1209      35.6710
    1210      35.8035
    1211      35.3432
    1212      35.3673
    1213      35.8874
    1214      35.7553
    1215      35.3950
    1216      35.5937
    1217      35.6266
    1218      36.0227
    1219      36.1066
    1220      35.2848
    1221      35.4372
    1222      35.6102
    1223      36.0288
    1224      35.9468
    1225      36.1717
    1226      36.3981
    1227      36.2700
    1228      35.6309
    1229      35.6494
    1230      35.6963
    1231      35.3556
    1232      35.3931
    1233      35.4982
    1234      35.7688
    1235      35.5577
    1236      35.4095
    1237      35.3282
    1238      35.4673
    1239      36.0283
    1240      35.4580
    1241      35.6090
    1242      35.6131
    1243      35.0406
    1244      35.2298
    1245      35.7968
    1246      35.7568
    1247      35.7021
    1248      35.3835
    1249      35.8861
    1250      35.7359
    1251      35.3721
    1252      35.1066
    1253      35.3209
    1254      35.1605
    1255      35.2113
    1256      35.4452
    1257      35.9541
    1258      35.3966
    1259      35.6135
    1260      35.6958
    1261      35.6268
    1262      35.5874
    1263      35.8095
    1264      35.9128
    1265      36.1888
    1266      35.7863
    1267      35.9581
    1268      35.9511
    1269      35.9174
    1270      35.7665
    1271      36.2925
    1272      36.0692
    1273      36.0701
    1274      36.3236
    1275      36.5949
    1276      36.1105
    1277      35.9360
    1278      35.8796
    1279      35.7243
    1280      35.6148
    1281      36.4374
    1282      36.1265
    1283      36.4783
    1284      35.5269
    1285      35.5836
    1286      34.4850
    1287      35.3348
    1288      35.3229
    1289      35.2919
    1290      35.7609
    1291      35.3841
    1292      35.4230
    1293      36.1070
    1294      35.6863
    1295      35.8598
    1296      35.8389
    1297      35.1816
    1298      35.2192
    1299      35.3722
    1300      35.5136
    1301      35.6823
    1302      36.0233
    1303      35.8658
    1304      35.8115
    1305      35.8296
    1306      35.8827
    1307      36.0037
    1308      36.0745
    1309      35.4170
    1310      35.5750
    1311      35.2727
    1312      35.4296
    1313      35.7297
    1314      35.9585
    1315      35.6480
    1316      35.5493
    1317      35.7902
    1318      35.8277
    1319      36.0338
    1320      35.7332
    1321      35.7145
    1322      36.0420
    1323      35.8204
    1324      35.8376
    1325      35.9689
    1326      36.0490
    1327      36.1529
    1328      35.6820
    1329      35.7206
    1330      35.8064
    1331      35.4646
    1332      35.8356
    1333      35.6891
    1334      36.0361
    1335      35.9157
    1336      35.6527
    1337      35.8980
    1338      36.2947
    1339      36.0003
    1340      35.9069
    1341      35.9194
    1342      35.3506
    1343      35.3924
    1344      35.3708
    1345      35.7339
    1346      35.5222
    1347      35.8811
    1348      35.8795
    1349      35.9170
    1350      35.4354
    1351      36.0069
    1352      35.4717
    1353      35.5632
    1354      35.3487
    1355      35.2411
    1356      35.4543
    1357      35.3809
    1358      35.5924
    1359      34.9870
    1360      35.1796
    1361      35.3720
    1362      34.9437
    1363      35.2481
    1364      35.5546
    1365      34.7674
    1366      34.7707
    1367      35.0242
    1368      34.7215
    1369      35.4506
    1370      35.3428
    1371      34.9507
    1372      34.4537
    1373      35.0727
    1374      35.8650
    1375      35.6617
    1376      35.7052
    1377      35.4886
    1378      35.6981
    1379      35.7836
    1380      35.5068
    1381      35.8594
    1382      35.3111
    1383      35.2587
    1384      35.7204
    1385      35.0931
    1386      35.3056
    1387      35.1981
    1388      35.2407
    1389      34.9189
    1390      35.6328
    1391      35.3638
    1392      35.8164
    1393      35.1757
    1394      35.6660
    1395      35.9009
    1396      35.8340
    1397      35.7571
    1398      35.8997
    1399      35.4906
    1400      35.0378
    1401      35.5374
    1402      35.4816
    1403      36.1539
    1404      35.8303
    1405      35.5752
    1406      36.0068
    1407      35.5725
    1408      35.4623
    1409      35.6351
    1410      35.8459
    1411      36.5701
    1412      36.1679
    1413      35.4436
    1414      35.9254
    1415      36.1089
    1416      36.1955
    1417      36.1098
    1418      36.2080
    1419      35.7849
    1420      35.6655
    1421      35.8102
    1422      35.5873
    1423      35.5660
    1424      35.6714
    1425      35.9165
    1426      35.7751
    1427      35.8432
    1428      35.7086
    1429      35.5174
    1430      35.7740
    1431      35.4232
    1432      35.8269
    1433      35.4078
    1434      35.1270
    1435      35.2642
    1436      35.0715
    1437      35.6417
    1438      35.7627
    1439      35.8416
    1440      35.8461
    1441      35.4865
    1442      35.6606
    1443      35.6322
    1444      35.8084
    1445      35.7996
    1446      35.9081
    1447      36.0626
    1448      35.8480
    1449      35.4109
    1450      35.1409
    1451      35.3004
    1452      34.9561
    1453      35.7576
    1454      35.5792
    1455      35.6636
    1456      35.3152
    1457      35.0607
    1458      35.1575
    1459      35.6052
    1460      34.8505
    1461      35.3132
    1462      35.4263
    1463      35.4417
    1464      35.6073
    1465      36.0341
    1466      35.8305
    1467      35.2208
    1468      35.5507
    1469      35.5168
    1470      34.8935
    1471      35.2382
    1472      35.4349
    1473      35.3932
    1474      35.4630
    1475      35.6438
    1476      35.3157
    1477      35.4498
    1478      35.3771
    1479      35.5443
    1480      35.9401
    1481      36.1193
    1482      36.0623
    1483      36.0352
    1484      35.7996
    1485      35.6783
    1486      36.3016
    1487      35.7141
    1488      35.4057
    1489      35.6359
    1490      36.1454
    1491      35.8908
    1492      35.6457
    1493      35.7010
    1494      35.8388
    1495      35.7515
    1496      35.8723
    1497      35.9616
    1498      35.3135
    1499      35.2304
    1500      35.6559
    1501      35.6153
    1502      35.4105
    1503      35.4394
    1504      35.8544
    1505      35.9749
    1506      35.7264
    1507      36.2284
    1508      36.5170
    1509      35.8104
    1510      35.7803
    1511      35.9815
    1512      35.9356
    1513      35.7456
    1514      36.2954
    1515      35.9702
    1516      35.9767
    1517      35.7955
    1518      35.3898
    1519      35.7135
    1520      35.8138
    1521      35.3640
    1522      35.4301
    1523      35.7997
    1524      35.9887
    1525      35.6063
    1526      35.6404
    1527      35.5732
    1528      35.3125
    1529      35.6156
    1530      35.6558
    1531      35.5753
    1532      35.7448
    1533      35.2442
    1534      34.8761
    1535      35.2153
    1536      35.2279
    1537      35.0691
    1538      35.0441
    1539      35.6172
    1540      35.4276
    1541      35.3645
    1542      35.7038
    1543      35.7948
    1544      35.7590
    1545      35.8427
    1546      36.0326
    1547      35.7568
    1548      35.6132
    1549      35.9836
    1550      35.8582
    1551      36.0749
    1552      35.7939
    1553      35.5553
    1554      35.4732
    1555      35.8829
    1556      35.6558
    1557      35.8708
    1558      35.6063
    1559      35.4365
    1560      35.5868
    1561      35.7203
    1562      35.0680
    1563      35.2660
    1564      35.5261
    1565      35.7175
    1566      35.5170
    1567      35.3723
    1568      35.8620
    1569      35.3261
    1570      35.7467
    1571      35.1959
    1572      35.3986
    1573      35.9548
    1574      36.0838
    1575      35.8246
    1576      35.4844
    1577      36.2976
    1578      35.2543
    1579      35.6889
    1580      36.2672
    1581      36.0872
    1582      36.1418
    1583      35.8973
    1584      35.5826
    1585      35.1471
    1586      36.0416
    1587      35.5703
    1588      35.2556
    1589      35.9042
    1590      35.5057
    1591      35.6859
    1592      35.8872
    1593      35.8625
    1594      35.6683
    1595      35.8471
    1596      36.3176
    1597      36.0771
    1598      35.8873
    1599      35.3490
    1600      35.6763
    1601      36.0331
    1602      35.5335
    1603      35.5714
    1604      35.7992
    1605      36.1695
    1606      35.9400
    1607      36.0760
    1608      35.9407
    1609      36.1699
    1610      35.5345
    1611      35.7037
    1612      35.4508
    1613      35.5665
    1614      35.8538
    1615      35.8190
    1616      35.6257
    1617      35.8272
    1618      35.9312
    1619      35.6586
    1620      35.9401
    1621      35.9560
    1622      35.8389
    1623      35.7871
    1624      35.6549
    1625      35.9045
    1626      36.0183
    1627      36.2342
    1628      35.8634
    1629      35.7659
    1630      35.7846
    1631      35.9441
    1632      35.6421
    1633      35.2998
    1634      35.8228
    1635      35.7923
    1636      35.6066
    1637      35.4474
    1638      36.1202
    1639      35.9925
    1640      35.3176
    1641      35.5647
    1642      35.8635
    1643      35.7556
    1644      35.4329
    1645      35.1076
    1646      35.9224
    1647      35.8782
    1648      35.9348
    1649      35.2166
    1650      35.8792
    1651      35.7370
    1652      35.5164
    1653      35.4948
    1654      35.5856
    1655      35.8818
    1656      36.1583
    1657      35.8289
    1658      35.5621
    1659      35.4328
    1660      35.4443
    1661      35.7247
    1662      35.6690
    1663      36.0947
    1664      35.5156
    1665      34.9821
    1666      35.7248
    1667      35.4716
    1668      35.2662
    1669      35.2855
    1670      35.3181
    1671      35.2830
    1672      35.4548
    1673      35.6073
    1674      35.2200
    1675      35.3851
    1676      35.4699
    1677      35.4741
    1678      35.5276
    1679      35.3793
    1680      35.6006
    1681      35.7269
    1682      35.3457
    1683      35.6207
    1684      35.7196
    1685      35.9872
    1686      35.6876
    1687      35.3416
    1688      35.2576
    1689      35.3646
    1690      35.1584
    1691      34.9139
    1692      35.0200
    1693      35.3726
    1694      35.4178
    1695      35.8510
    1696      35.1680
    1697      35.2703
    1698      35.9485
    1699      35.6494
    1700      35.5534
    1701      35.3948
    1702      35.0795
    1703      35.2064
    1704      35.3964
    1705      35.3234
    1706      35.9540
    1707      35.4893
    1708      35.4885
    1709      35.8707
    1710      35.8278
    1711      35.8975
    1712      35.6250
    1713      35.6412
    1714      35.3594
    1715      35.4257
    1716      35.3383
    1717      35.3256
    1718      35.9255
    1719      35.7376
    1720      35.0364
    1721      35.1691
    1722      35.6455
    1723      35.6400
    1724      36.0115
    1725      35.8818
    1726      35.5049
    1727      35.9832
    1728      35.6985
    1729      35.2629
    1730      35.6141
    1731      35.8987
    1732      35.8652
    1733      35.3669
    1734      35.2473
    1735      35.7034
    1736      35.6997
    1737      35.7048
    1738      35.5889
    1739      35.6861
    1740      35.5573
    1741      35.0806
    1742      35.1813
    1743      35.4236
    1744      35.6721
    1745      35.5326
    1746      35.6364
    1747      35.3274
    1748      35.5702
    1749      35.8265
    1750      35.2580
    1751      35.5062
    1752      35.8504
    1753      35.6621
    1754      35.4913
    1755      35.4804
    1756      35.6181
    1757      35.3216
    1758      35.5488
    1759      35.8036
    1760      34.9863
    1761      35.0740
    1762      35.8368
    1763      35.6228
    1764      35.2590
    1765      35.4074
    1766      35.4241
    1767      35.7782
    1768      35.7806
    1769      35.7354
    1770      35.7069
    1771      35.7814
    1772      35.9138
    1773      35.7060
    1774      35.5850
    1775      35.6330
    1776      35.2095
    1777      35.6679
    1778      35.7923
    1779      36.0445
    1780      35.7178
    1781      35.8412
    1782      35.7786
    1783      35.8400
    1784      35.2114
    1785      35.6478
    1786      35.4705
    1787      35.4983
    1788      35.4436
    1789      35.5818
    1790      35.8413
    1791      35.5146
    1792      35.4757
    1793      35.8096
    1794      35.5898
    1795      35.8740
    1796      35.5152
    1797      35.9299
    1798      35.5033
    1799      35.5875
    1800      35.9453
    1801      35.5565
    1802      35.8181
    1803      35.8714
    1804      35.6830
    1805      35.3908
    1806      35.4133
    1807      35.5062
    1808      35.7931
    1809      35.9418
    1810      35.5259
    1811      35.8149
    1812      35.5381
    1813      35.3607
    1814      35.6463
    1815      36.1199
    1816      35.8591
    1817      36.2126
    1818      35.5846
    1819      36.0002
    1820      36.2025
    1821      36.1093
    1822      35.4244
    1823      35.5459
    1824      35.7157
    1825      35.2775
    1826      35.9739
    1827      35.5633
    1828      35.8862
    1829      35.8393
    1830      35.7093
    1831      35.9049
    1832      35.7071
    1833      36.2951
    1834      35.7324
    1835      36.0756
    1836      35.9428
    1837      35.6098
    1838      34.9490
    1839      35.7174
    1840      35.6966
    1841      35.0968
    1842      35.3921
    1843      35.3150
    1844      35.3290
    1845      35.3577
    1846      35.3904
    1847      35.2858
    1848      35.5598
    1849      35.5836
    1850      35.8128
    1851      35.7895
    1852      35.4864
    1853      35.4724
    1854      35.4897
    1855      35.1788
    1856      35.9842
    1857      35.6929
    1858      35.3335
    1859      35.6189
    1860      35.3110
    1861      35.2012
    1862      35.1829
    1863      35.3823
    1864      35.2573
    1865      35.3293
    1866      35.2176
    1867      35.2971
    1868      35.4595
    1869      35.2209
    1870      35.1174
    1871      35.2848
    1872      34.6194
    1873      35.0862
    1874      34.8738
    1875      35.5567
    1876      35.6677
    1877      35.4471
    1878      35.5628
    1879      35.8165
    1880      35.6631
    1881      35.6194
    1882      35.5125
    1883      36.1785
    1884      35.5886
    1885      35.9355
    1886      35.3700
    1887      35.7093
    1888      35.6810
    1889      35.6963
    1890      35.7898
    1891      35.8454
    1892      35.5558
    1893      34.9651
    1894      35.1592
    1895      35.8958
    1896      35.2404
    1897      35.3581
    1898      35.2066
    1899      35.4715
    1900      35.4975
    1901      35.9811
    1902      36.0415
    1903      36.2466
    1904      35.9300
    1905      36.1815
    1906      35.7695
    1907      35.7252
    1908      35.7282
    1909      35.7454
    1910      35.7445
    1911      35.6383
    1912      35.7713
    1913      35.5378
    1914      35.6763
    1915      35.7385
    1916      36.1432
    1917      35.4476
    1918      35.0836
    1919      35.7797
    1920      35.4688
    1921      35.9687
    1922      35.7007
    1923      35.5295
    1924      36.0102
    1925      36.0648
    1926      35.9920
    1927      35.7990
    1928      35.9088
    1929      35.8834
    1930      36.0851
    1931      35.6191
    1932      35.9780
    1933      35.5167
    1934      35.8424
    1935      35.7752
    1936      35.5260
    1937      35.7862
    1938      35.9466
    1939      35.6128
    1940      35.7949
    1941      35.8972
    1942      35.6496
    1943      35.4356
    1944      35.4782
    1945      35.8119
    1946      35.7259
    1947      35.7892
    1948      35.7242
    1949      35.7343
    1950      35.7305
    1951      35.5154
    1952      35.7267
    1953      35.4204
    1954      35.8829
    1955      35.3348
    1956      35.9424
    1957      35.9054
    1958      35.5460
    1959      35.7437
    1960      35.8349
    1961      35.5020
    1962      35.6942
    1963      35.6273
    1964      36.0163
    1965      35.8735
    1966      35.6068
    1967      35.3247
    1968      35.3429
    1969      35.2735
    1970      35.9029
    1971      35.7775
    1972      35.5122
    1973      35.6115
    1974      35.9726
    1975      35.6441
    1976      35.0678
    1977      35.1903
    1978      35.2083
    1979      35.5155
    1980      35.8834
    1981      35.8956
    1982      36.0444
    1983      35.9021
    1984      36.1970
    1985      36.0616
    1986      36.0358
    1987      35.8704
    1988      35.6552
    1989      35.6351
    1990      35.6969
    1991      35.3109
    1992      35.5167
    1993      35.1942
    1994      35.7251
    1995      35.8140
    1996      36.0257
    1997      35.9307
    1998      35.7379
    1999      35.8770
    2000      35.5486
    2001      35.5609
    2002      35.4908
    2003      35.6419
    2004      35.6843
    2005      35.2924
    2006      35.4952
    2007      35.4856
    2008      35.2616
    2009      36.0838
    2010      35.6648
    2011      35.6937
    2012      35.4762
    2013      35.3144
    2014      35.4823
    2015      35.6450
    2016      35.7155
    2017      35.8025
    2018      35.7573
    2019      35.5956
    2020      36.0179
    2021      36.6779
    2022      36.5000
    2023      35.8560
    2024      36.0547
    2025      36.3490
    2026      35.7400
    2027      35.7374
    2028      35.2441
    2029      34.8528
    2030      35.2795
    2031      34.9746
    2032      35.6563
    2033      35.6393
    2034      35.8434
    2035      35.3962
    2036      35.7986
    2037      36.1880
    2038      35.7045
    2039      35.2934
    2040      35.6530
    2041      35.5972
    2042      36.0391
    2043      35.7606
    2044      35.9884
    2045      35.3908
    2046      35.5616
    2047      35.6701
    2048      35.3642
    2049      35.3231
    2050      35.5854
    2051      35.2844
    2052      35.3464
    2053      35.5701
    2054      35.2676
    2055      35.1735
    2056      35.7487
    2057      35.4544
    2058      35.4149
    2059      35.2632
    2060      35.6489
    2061      35.8539
    2062      35.9680
    2063      35.7000
    2064      36.1439
    2065      35.7263
    2066      36.0901
    2067      35.8183
    2068      35.7391
    2069      35.5345
    2070      35.7463
    2071      35.2024
    2072      35.7143
    2073      35.4855
    2074      35.6125
    2075      35.8821
    2076      35.5806
    2077      35.5968
    2078      35.2883
    2079      35.3835
    2080      35.6805
    2081      35.5242
    2082      35.5467
    2083      35.5770
    2084      36.2066
    2085      35.6463
    2086      35.4838
    2087      35.5676
    2088      35.6223
    2089      36.0661
    2090      36.2702
    2091      35.4919
    2092      35.7553
    2093      35.7030
    2094      35.7679
    2095      35.4950
    2096      35.4852
    2097      35.5454
    2098      35.5559
    2099      35.3119
    2100      35.2372
    2101      35.1199
    2102      35.4573
    2103      35.5858
    2104      35.7670
    2105      35.9078
    2106      35.8015
    2107      35.5531
    2108      35.3425
    2109      35.2625
    2110      35.9851
    2111      35.5337
    2112      35.5642
    2113      36.1988
    2114      35.6550
    2115      35.6997
    2116      35.4864
    2117      36.0355
    2118      35.9425
    2119      35.7751
    2120      36.1113
    2121      35.5283
    2122      35.1171
    2123      35.7526
    2124      35.7503
    2125      35.8297
    2126      36.0655
    2127      35.5815
    2128      35.3854
    2129      35.7771
    2130      35.4888
    2131      35.6410
    2132      35.4693
    2133      35.7904
    2134      35.8938
    2135      35.6322
    2136      35.5257
    2137      35.7146
    2138      35.5124
    2139      35.8494
    2140      35.8797
    2141      35.8466
    2142      35.3989
    2143      35.2585
    2144      35.2569
    2145      35.0947
    2146      35.5168
    2147      35.5325
    2148      35.3695
    2149      34.8590
    2150      34.9498
    2151      35.6920
    2152      35.6954
    2153      35.2239
    2154      35.5488
    2155      35.4276
    2156      35.2702
    2157      35.3628
    2158      35.0401
    2159      35.3730
    2160      35.5762
    2161      35.3063
    2162      35.4452
    2163      35.2932
    2164      35.6420
    2165      35.7846
    2166      35.5251
    2167      35.5080
    2168      35.7068
    2169      35.7086
    2170      35.4118
    2171      34.9586
    2172      35.6571
    2173      35.4221
    2174      35.3536
    2175      35.3568
    2176      35.0984
    2177      35.8119
    2178      35.5477
    2179      35.6703
    2180      35.6909
    2181      35.5761
    2182      35.4104
    2183      34.9833
    2184      35.1385
    2185      35.2530
    2186      35.4351
    2187      35.0574
    2188      35.4064
    2189      35.5315
    2190      35.3022
    2191      34.9800
    2192      35.3854
    2193      34.9497
    2194      35.2013
    2195      35.2664
    2196      35.2674
    2197      35.4027
    2198      35.3419
    2199      34.8523
    2200      34.9283
    2201      34.9666
    2202      35.2577
    2203      35.4454
    2204      35.5278
    2205      35.4944
    2206      35.1800
    2207      35.0875
    2208      35.3401
    2209      35.1815
    2210      34.9179
    2211      35.5454
    2212      34.7951
    2213      35.0300
    2214      34.8514
    2215      35.0642
    2216      34.9529
    2217      35.4558
    2218      35.0647
    2219      35.2781
    2220      35.5828
    2221      34.7246
    2222      35.2691
    2223      35.1107
    2224      35.3832
    2225      35.5921
    2226      34.8103
    2227      34.9503
    2228      34.5275
    2229      35.1781
    2230      34.8976
    2231      35.1089
    2232      35.4390
    2233      35.6140
    2234      35.9506
    2235      35.5159
    2236      35.2568
    2237      35.3339
    2238      35.8432
    2239      35.8228
    2240      35.2113
    2241      35.6382
    2242      35.4360
    2243      35.6702
    2244      35.5245
    2245      35.0623
    2246      34.8335
    2247      35.0691
    2248      35.4042
    2249      35.5233
    2250      34.9639
    2251      35.2756
    2252      35.7020
    2253      35.5596
    2254      35.6638
    2255      35.4518
    2256      35.6584
    2257      35.4543
    2258      35.7580
    2259      35.5524
    2260      35.3198
    2261      35.2827
    2262      35.4061
    2263      35.1350
    2264      35.5345
    2265      35.4278
    2266      34.8778
    2267      35.5996
    2268      35.4892
    2269      35.5892
    2270      36.0231
    2271      35.9702
    2272      35.6048
    2273      35.4857
    2274      35.4479
    2275      35.4721
    2276      35.4883
    2277      35.4778
    2278      35.6851
    2279      35.9233
    2280      36.0020
    2281      35.4215
    2282      35.8834
    2283      35.5814
    2284      35.4310
    2285      35.6147
    2286      35.2878
    2287      35.4900
    2288      35.8305
    2289      35.3476
    2290      35.4259
    2291      35.2434
    2292      35.3628
    2293      35.7096
    2294      35.3730
    2295      35.5371
    2296      35.6295
    2297      35.5335
    2298      35.6797
    2299      35.4227
    2300      35.2591
    2301      35.5379
    2302      35.1339
    2303      35.3092
    2304      35.5772
    2305      35.5781
    2306      35.5396
    2307      35.3127
    2308      35.5370
    2309      35.4793
    2310      35.5186
    2311      35.6990
    2312      35.5100
    2313      35.4041
    2314      35.4055
    2315      35.5792
    2316      34.9253
    2317      35.0692
    2318      35.3487
    2319      35.3004
    2320      35.4447
    2321      35.0151
    2322      35.4888
    2323      35.4935
    2324      35.4330
    2325      35.8242
    2326      35.6442
    2327      35.5036
    2328      35.0793
    2329      35.5752
    2330      35.6737
    2331      34.9490
    2332      35.1852
    2333      35.5050
    2334      35.5368
    2335      35.1947
    2336      35.5466
    2337      35.2307
    2338      35.2612
    2339      35.7331
    2340      35.6379
    2341      35.3652
    2342      35.3810
    2343      34.9639
    2344      35.5034
    2345      35.0498
    2346      34.9276
    2347      35.0641
    2348      34.6946
    2349      35.1839
    2350      35.3978
    2351      35.1149
    2352      35.6292
    2353      35.7324
    2354      35.5390
    2355      35.7733
    2356      35.9363
    2357      35.7126
    2358      35.5811
    2359      35.6507
    2360      35.7369
    2361      35.6773
    2362      35.6979
    2363      35.5343
    2364      35.4978
    2365      35.3435
    2366      34.9874
    2367      35.5802
    2368      35.4701
    2369      35.2062
    2370      35.7876
    2371      35.6309
    2372      35.5402
    2373      35.6371
    2374      35.5528
    2375      35.7696
    2376      35.7815
    2377      35.7381
    2378      35.5000
    2379      35.9471
    2380      35.3723
    2381      35.3062
    2382      35.9924
    2383      36.4643
    2384      35.5604
    2385      35.8074
    2386      35.8393
    2387      35.8588
    2388      36.1373
    2389      36.1371
    2390      35.8891
    2391      36.1564
    2392      35.5655
    2393      35.1282
    2394      35.2770
    2395      34.9722
    2396      34.9448
    2397      35.0564
    2398      35.2748
    2399      35.2186
    2400      35.1585
    2401      35.3056
    2402      35.3670
    2403      35.5895
    2404      35.5721
    2405      35.2970
    2406      35.6418
    2407      35.6483
    2408      35.9667
    2409      35.7800
    2410      35.7511
    2411      35.5331
    2412      35.6137
    2413      35.8142
    2414      35.3225
    2415      35.2866
    2416      35.2432
    2417      35.2361
    2418      35.3770
    2419      35.4583
    2420      35.3174
    2421      35.7420
    2422      35.7800
    2423      36.1932
    2424      35.8719
    2425      35.7928
    2426      35.6964
    2427      35.7177
    2428      36.1838
    2429      35.8550
    2430      35.9349
    2431      35.6704
    2432      35.5270
    2433      36.0926
    2434      35.5248
    2435      35.3123
    2436      35.9341
    2437      36.0078
    2438      35.7725
    2439      35.5008
    2440      35.6054
    2441      35.9314
    2442      35.5757
    2443      35.6378
    2444      35.5263
    2445      35.5573
    2446      35.6912
    2447      35.8327
    2448      35.4001
    2449      35.6154
    2450      36.1224
    2451      35.9139
    2452      35.9309
    2453      35.5084
    2454      35.5744
    2455      35.3030
    2456      35.6606
    2457      35.5005
    2458      35.6375
    2459      35.5104
    2460      35.6932
    2461      35.6377
    2462      35.4489
    2463      35.1707
    2464      35.4950
    2465      35.4663
    2466      35.2377
    2467      35.4600
    2468      35.6595
    2469      35.7346
    2470      35.3812
    2471      35.5320
    2472      35.7135
    2473      36.1986
    2474      36.1405
    2475      35.8498
    2476      35.7800
    2477      35.4773
    2478      35.7890
    2479      35.8960
    2480      35.6983
    2481      35.4872
    2482      35.8976
    2483      35.7436
    2484      35.5159
    2485      35.7114
    2486      35.4680
    2487      35.5929
    2488      35.2559
    2489      35.8721
    2490      35.4966
    2491      35.8911
    2492      35.2964
    2493      35.4008
    2494      35.4527
    2495      35.8482
    2496      35.7492
    2497      35.7426
    2498      35.6876
    2499      35.3637
    2500      35.7186
    2501      35.8638
    2502      35.6917
    2503      35.8767
    2504      35.6896
    2505      36.0472
    2506      36.1559
    2507      35.5860
    2508      36.0020
    2509      35.4587
    2510      35.8704
    2511      36.4678
    2512      35.9559
    2513      35.4622
    2514      36.6348
    2515      35.9717
    2516      35.9171
    2517      35.9390
    2518      35.7498
    2519      35.9946
    2520      35.5511
    2521      35.5582
    2522      36.1224
    2523      36.1965
    2524      35.9035
    2525      35.7501
    2526      35.9516
    2527      35.7625
    2528      36.0227
    2529      36.1345
    2530      35.5937
    2531      35.9739
    2532      36.0327
    2533      36.2819
    2534      35.9268
    2535      36.1116
    2536      36.0169
    2537      35.6997
    2538      36.1943
    2539      36.3136
    2540      35.8947
    2541      35.4421
    2542      35.7574
    2543      36.1475
    2544      35.6231
    2545      35.9403
    2546      35.7987
    2547      35.8929
    2548      35.9197
    2549      35.4516
    2550      35.7184
    2551      35.8554
    2552      35.6857
    2553      35.6173
    2554      36.0494
    2555      35.6914
    2556      35.2351
    2557      35.3655
    2558      35.0924
    2559      35.4875
    2560      35.2089
    2561      35.5629
    2562      35.4079
    2563      34.9456
    2564      35.2966
    2565      35.6931
    2566      36.1021
    2567      35.8116
    2568      35.6913
    2569      35.5905
    2570      35.5200
    2571      35.6962
    2572      35.9843
    2573      35.6248
    2574      35.4939
    2575      35.7405
    2576      35.2867
    2577      35.6882
    2578      35.8559
    2579      35.6633
    2580      35.1472
    2581      35.2044
    2582      35.5321
    2583      35.0444
    2584      35.2938
    2585      35.0895
    2586      35.9818
    2587      35.4675
    2588      35.9188
    2589      35.5002
    2590      35.1429
    2591      35.2552
    2592      35.0380
    2593      35.0787
    2594      35.3562
    2595      35.3156
    2596      35.3896
    2597      35.7565
    2598      35.7384
    2599      35.4433
    2600      35.7943
    2601      35.6957
    2602      35.5451
    2603      35.4506
    2604      35.2643
    2605      35.6906
    2606      35.4634
    2607      35.5555
    2608      35.8418
    2609      35.6407
    2610      35.5770
    2611      35.6688
    2612      35.8860
    2613      36.0498
    2614      35.6298
    2615      36.0053
    2616      36.0780
    2617      35.8096
    2618      35.7266
    2619      35.5074
    2620      35.2442
    2621      35.7090
    2622      36.3343
    2623      35.5979
    2624      35.4022
    2625      36.0387
    2626      35.6315
    2627      36.1030
    2628      35.8557
    2629      35.4638
    2630      35.8701
    2631      35.6223
    2632      35.5718
    2633      35.5508
    2634      35.3034
    2635      35.5751
    2636      35.5450
    2637      35.1769
    2638      35.5975
    2639      35.5084
    2640      35.6702
    2641      35.8407
    2642      35.7702
    2643      35.4786
    2644      35.5016
    2645      35.4465
    2646      35.0018
    2647      34.8135
    2648      35.0080
    2649      35.0927
    2650      35.6647
    2651      35.3893
    2652      35.4015
    2653      35.7938
    2654      35.9034
    2655      35.7084
    2656      35.8716
    2657      35.6735
    2658      35.9782
    2659      35.4759
    2660      36.1308
    2661      35.5742
    2662      35.6096
    2663      35.6329
    2664      35.8318
    2665      35.7333
    2666      35.5507
    2667      35.5674
    2668      35.2550
    2669      36.1542
    2670      35.3913
    2671      36.1553
    2672      35.7901
    2673      35.5333
    2674      35.8825
    2675      35.5908
    2676      35.3678
    2677      35.5819
    2678      35.7640
    2679      35.9530
    2680      35.6123
    2681      35.7951
    2682      35.8088
    2683      35.6227
    2684      35.5235
    2685      35.6433
    2686      35.5075
    2687      35.7836
    2688      35.5302
    2689      35.3852
    2690      35.3579
    2691      35.6152
    2692      35.0788
    2693      35.2030
    2694      35.2124
    2695      35.7675
    2696      35.6204
    2697      35.6510
    2698      35.6705
    2699      35.9733
    2700      35.2568
    2701      35.3640
    2702      35.4682
    2703      35.2091
    2704      35.2964
    2705      35.2821
    2706      35.3342
    2707      35.5826
    2708      35.7863
    2709      35.6347
    2710      35.7106
    2711      35.9369
    2712      35.6243
    2713      35.6173
    2714      35.6377
    2715      35.8289
    2716      35.5328
    2717      35.8977
    2718      35.5565
    2719      35.8857
    2720      35.4091
    2721      36.0109
    2722      35.6642
    2723      35.5910
    2724      35.3407
    2725      34.9377
    2726      35.5971
    2727      35.6497
    2728      34.8739
    2729      35.0214
    2730      36.1049
    2731      35.6484
    2732      35.6848
    2733      35.6384
    2734      35.8796
    2735      35.2980
    2736      34.5739
    2737      34.9828
    2738      34.6726
    2739      35.3157
    2740      35.2415
    2741      35.4384
    2742      35.4822
    2743      35.3957
    2744      35.0661
    2745      35.1188
    2746      35.4036
    2747      35.4095
    2748      34.9160
    2749      35.2555
    2750      35.4142
    2751      35.1117
    2752      35.5668
    2753      35.5473
    2754      35.4519
    2755      35.7080
    2756      35.8149
    2757      35.1494
    2758      35.7666
    2759      35.4691
    2760      35.2337
    2761      35.3506
    2762      35.4088
    2763      35.6817
    2764      35.6955
    2765      35.4022
    2766      34.8948
    2767      35.6429
    2768      35.6055
    2769      35.8066
    2770      35.3166
    2771      36.0890
    2772      35.7993
    2773      35.9574
    2774      36.0679
    2775      35.2206
    2776      35.6570
    2777      35.9317
    2778      35.5047
    2779      35.4498
    2780      35.5159
    2781      35.0379
    2782      35.0634
    2783      35.1120
    2784      35.4246
    2785      35.4037
    2786      36.2251
    2787      35.5004
    2788      35.5621
    2789      35.3861
    2790      35.1029
    2791      35.7120
    2792      35.8581
    2793      36.1286
    2794      35.8863
    2795      35.7643
    2796      35.7667
    2797      35.6106
    2798      35.6803
    2799      35.6685
    2800      35.8346
    2801      35.9410
    2802      35.7323
    2803      36.1028
    2804      35.5119
    2805      35.5106
    2806      35.8907
    2807      35.5239
    2808      35.6541
    2809      35.4169
    2810      35.9229
    2811      35.8367
    2812      35.4912
    2813      36.0587
    2814      35.7343
    2815      35.5320
    2816      36.4133
    2817      36.2403
    2818      35.6196
    2819      35.6873
    2820      35.7456
    2821      35.7332
    2822      35.8238
    2823      35.5172
    2824      36.0390
    2825      35.9649
    2826      35.8932
    2827      36.0749
    2828      35.8371
    2829      35.6805
    2830      35.7438
    2831      35.5291
    2832      35.7082
    2833      35.9474
    2834      36.1798
    2835      36.1032
    2836      35.6046
    2837      35.7556
    2838      35.5089
    2839      35.7363
    2840      35.8489
    2841      35.8418
    2842      36.2414
    2843      36.0045
    2844      36.3996
    2845      36.4166
    2846      35.7972
    2847      35.6318
    2848      35.9758
    2849      36.0514
    2850      36.5112
    2851      35.8949
    2852      36.1559
    2853      35.9351
    2854      36.0149
    2855      35.9930
    2856      36.1604
    2857      36.1489
    2858      36.0697
    2859      35.9619
    2860      36.0094
    2861      36.5194
    2862      36.1328
    2863      36.2774
    2864      36.0045
    2865      35.8608
    2866      35.9451
    2867      36.2389
    2868      36.2714
    2869      36.0710
    2870      36.1056
    2871      36.2678
    2872      36.7079
    2873      36.3262
    2874      35.9105
    2875      36.3112
    2876      36.4664
    2877      36.1358
    2878      36.0467
    2879      36.0834
    2880      36.3277
    2881      36.0387
    2882      36.0548
    2883      36.0007
    2884      35.8459
    2885      35.8038
    2886      36.0883
    2887      35.9359
    2888      36.2111
    2889      35.6858
    2890      36.0874
    2891      36.2314
    2892      36.7639
    2893      35.9539
    2894      35.7942
    2895      36.1246
    2896      36.2133
    2897      36.3117
    2898      36.0977
    2899      36.0656
    2900      36.2115
    2901      36.2946
    2902      35.9464
    2903      36.2965
    2904      36.2046
    2905      35.8455
    2906      36.1155
    2907      36.0221
    2908      36.3005
    2909      36.1786
    2910      36.5897
    2911      36.0627
    2912      36.3934
    2913      36.5513
    2914      36.5613
    2915      36.2731
    2916      36.5082
    2917      36.1466
    2918      36.4615
    2919      36.7752
    2920      36.6160
    2921      36.3091
    2922      36.4147
    2923      36.1745
    2924      36.5481
    2925      36.4301
    2926      36.0488
    2927      35.7070
    2928      35.9057
    2929      35.6934
    2930      35.9039
    2931      36.0782
    2932      36.1786
    2933      36.0608
    2934      36.3696
    2935      35.8728
    2936      35.7768
    2937      35.9172
    2938      36.2440
    2939      35.7884
    2940      35.7897
    2941      35.5808
    2942      36.1208
    2943      35.6885
    2944      35.9262
    2945      35.8433
    2946      35.7648
    2947      35.8236
    2948      35.6536
    2949      35.8057
    2950      36.1728
    2951      36.2174
    2952      36.0426
    2953      36.1411
    2954      36.0537
    2955      36.1266
    2956      35.9546
    2957      35.6312
    2958      36.1646
    2959      35.6756
    2960      35.6558
    2961      35.6741
    2962      36.1146
    2963      36.1759
    2964      36.0330
    2965      35.8957
    2966      35.8880
    2967      36.2079
    2968      35.8312
    2969      36.3405
    2970      36.3466
    2971      36.4338
    2972      35.7807
    2973      35.9697
    2974      36.0186
    2975      35.7877
    2976      35.9519
    2977      36.0494
    2978      35.5021
    2979      35.6901
    2980      35.7883
    2981      35.6707
    2982      35.6760
    2983      35.7518
    2984      35.6712
    2985      35.7173
    2986      35.8513
    2987      35.6694
    2988      35.7101
    2989      35.8308
    2990      35.7621
    2991      35.6649
    2992      35.6936
    2993      35.7034
    2994      36.2771
    2995      35.6801
    2996      35.7685
    2997      35.7762
    2998      35.7338
    2999      35.4026
    3000      35.7241
    3001      35.6754
    3002      35.8094
    3003      35.7932
    3004      35.2526
    3005      35.6383
    3006      35.4181
    3007      36.0710
    3008      36.3149
    3009      35.8455
    3010      36.0518
    3011      35.9950
    3012      35.8127
    3013      35.8892
    3014      35.7539
    3015      36.0116
    3016      35.8635
    3017      35.7338
    3018      35.7508
    3019      35.9165
    3020      35.8534
    3021      35.7584
    3022      35.5276
    3023      35.6612
    3024      35.5424
    3025      35.6722
    3026      35.6383
    3027      35.4421
    3028      35.4361
    3029      35.5444
    3030      35.8445
    3031      35.6863
    3032      35.4808
    3033      35.4228
    3034      35.4137
    3035      35.4627
    3036      35.9768
    3037      35.9260
    3038      35.7071
    3039      36.0992
    3040      35.4690
    3041      36.2043
    3042      35.7819
    3043      35.3989
    3044      35.8930
    3045      35.9280
    3046      35.6956
    3047      35.6644
    3048      35.6905
    3049      35.7431
    3050      35.8939
    3051      36.2395
    3052      35.5513
    3053      36.0202
    3054      36.0042
    3055      35.7902
    3056      36.2194
    3057      36.0156
    3058      36.0193
    3059      36.2413
    3060      35.9920
    3061      35.8908
    3062      35.9081
    3063      35.5630
    3064      35.7084
    3065      34.9897
    3066      35.3694
    3067      35.3983
    3068      35.9876
    3069      35.7095
    3070      35.6053
    3071      35.5680
    3072      35.5432
    3073      35.6933
    3074      35.5685
    3075      35.3534
    3076      35.6031
    3077      35.6619
    3078      35.7735
    3079      35.7599
    3080      36.4071
    3081      36.0594
    3082      35.9806
    3083      36.2835
    3084      36.0927
    3085      36.0732
    3086      35.7274
    3087      36.1256
    3088      35.6544
    3089      35.6448
    3090      36.0174
    3091      36.0457
    3092      36.0601
    3093      36.1919
    3094      35.9284
    3095      36.2023
    3096      35.7516
    3097      36.0577
    3098      35.8126
    3099      35.7913
    3100      35.9654
    3101      35.8448
    3102      35.6804
    3103      36.0897
    3104      36.1263
    3105      36.0682
    3106      35.9246
    3107      36.3816
    3108      35.9428
    3109      35.9709
    3110      36.0358
    3111      35.9552
    3112      35.9895
    3113      36.1243
    3114      35.9403
    3115      36.0373
    3116      35.9672
    3117      36.0359
    3118      36.3617
    3119      35.7761
    3120      35.8083
    3121      35.7098
    3122      35.6822
    3123      36.1560
    3124      36.3595
    3125      36.0516
    3126      35.9366
    3127      36.0818
    3128      36.2693
    3129      36.1278
    3130      36.1230
    3131      36.0953
    3132      35.8442
    3133      35.6843
    3134      36.3084
    3135      36.0829
    3136      35.6535
    3137      35.8979
    3138      35.8413
    3139      35.5754
    3140      36.0253
    3141      36.2598
    3142      35.5643
    3143      35.8859
    3144      36.0345
    3145      35.9478
    3146      36.2347
    3147      35.7433
    3148      35.8929
    3149      35.8254
    3150      36.1188
    3151      36.0263
    3152      35.9848
    3153      35.8947
    3154      35.7598
    3155      35.9862
    3156      36.1512
    3157      36.0187
    3158      36.1071
    3159      35.9676
    3160      35.8854
    3161      35.9848
    3162      36.5659
    3163      36.1410
    3164      36.0024
    3165      36.2828
    3166      35.7515
    3167      35.9092
    3168      35.8820
    3169      35.8288
    3170      35.9759
    3171      35.8844
    3172      36.2666
    3173      36.1766
    3174      36.0274
    3175      36.3935
    3176      36.2961
    3177      35.9345
    3178      36.0948
    3179      35.8704
    3180      36.1274
    3181      36.0735
    3182      35.6980
    3183      35.8374
    3184      35.9010
    3185      35.6458
    3186      35.8181
    3187      35.6280
    3188      35.5102
    3189      35.8561
    3190      35.7601
    3191      35.6603
    3192      35.8698
    3193      36.1513
    3194      35.9888
    3195      36.3556
    3196      36.0785
    3197      36.0643
    3198      36.1406
    3199      36.2200
    3200      36.2179
    3201      36.7153
    3202      36.3670
    3203      35.9619
    3204      36.0077
    3205      35.9342
    3206      36.1192
    3207      35.7692
    3208      35.9027
    3209      36.0701
    3210      35.7366
    3211      35.9794
    3212      36.4701
    3213      36.0018
    3214      36.4104
    3215      36.3489
    3216      35.9651
    3217      35.9696
    3218      36.4263
    3219      36.1248
    3220      36.2225
    3221      36.0524
    3222      36.2935
    3223      36.1710
    3224      36.1087
    3225      35.9956
    3226      36.3705
    3227      36.2029
    3228      35.9355
    3229      35.9825
    3230      35.7670
    3231      35.5611
    3232      35.6833
    3233      35.8163
    3234      35.4142
    3235      35.9383
    3236      35.6995
    3237      36.1100
    3238      36.1097
    3239      36.0255
    3240      36.2591
    3241      36.3340
    3242      36.4336
    3243      36.1689
    3244      36.1528
    3245      36.4036
    3246      36.0729
    3247      36.5720
    3248      36.2997
    3249      36.1586
    3250      36.2902
    3251      36.2526
    3252      36.1865
    3253      35.8185
    3254      36.2302
    3255      36.0952
    3256      35.5034
    3257      36.0791
    3258      36.4706
    3259      36.2135
    3260      36.2646
    3261      36.4529
    3262      36.4335
    3263      36.5405
    3264      36.2130
    3265      36.5760
    3266      36.6832
    3267      36.5111
    3268      36.5394
    3269      36.0355
    3270      36.1068
    3271      36.7324
    3272      36.6507
    3273      36.2789
    3274      36.6822
    3275      36.6583
    3276      36.9413
    3277      36.8518
    3278      36.4897
    3279      36.5324
    3280      36.3181
    3281      36.0283
    3282      36.4769
    3283      36.6916
    3284      35.9563
    3285      36.5004
    3286      36.6264
    3287      36.8949
    3288      36.8931
    3289      36.6571
    3290      37.0387
    3291      36.5861
    3292      36.6031
    3293      36.1688
    3294      36.2291
    3295      36.3324
    3296      36.0482
    3297      36.4048
    3298      36.2264
    3299      36.1526
    3300      36.3061
    3301      36.4438
    3302      35.9205
    3303      36.2197
    3304      36.2822
    3305      36.2452
    3306      36.8096
    3307      35.9635
    3308      36.3072
    3309      36.6537
    3310      36.4594
    3311      36.4942
    3312      36.4760
    3313      36.6703
    3314      36.6027
    3315      36.1274
    3316      36.4203
    3317      36.1281
    3318      36.0995
    3319      36.0767
    3320      36.0926
    3321      36.0628
    3322      36.2854
    3323      36.6415
    3324      36.7091
    3325      36.3598
    3326      36.1942
    3327      36.2831
    3328      36.7844
    3329      36.4427
    3330      36.0862
    3331      36.3923
    3332      36.9597
    3333      36.4309
    3334      36.8268
    3335      36.0565
    3336      36.4783
    3337      36.4744
    3338      36.6462
    3339      36.8548
    3340      36.5439
    3341      36.5150
    3342      36.6334
    3343      36.1494
    3344      36.3735
    3345      36.5125
    3346      36.1069
    3347      36.2085
    3348      36.2961
    3349      36.2286
    3350      36.2876
    3351      36.2399
    3352      35.9384
    3353      36.2217
    3354      35.8384
    3355      36.1108
    3356      36.0785
    3357      35.7995
    3358      36.2028
    3359      36.1552
    3360      36.4537
    3361      36.2429
    3362      36.2203
    3363      35.9793
    3364      35.8177
    3365      36.1242
    3366      36.2718
    3367      36.0153
    3368      36.1149
    3369      36.3686
    3370      36.3151
    3371      36.3328
    3372      36.5123
    3373      36.1384
    3374      36.0084
    3375      35.8420
    3376      36.2674
    3377      35.9587
    3378      35.6015
    3379      35.8979
    3380      35.7469
    3381      36.0614
    3382      35.8862
    3383      35.9400
    3384      35.8932
    3385      35.8667
    3386      36.1323
    3387      35.7366
    3388      35.6895
    3389      35.7849
    3390      36.2790
    3391      36.1226
    3392      35.8782
    3393      36.0000
    3394      35.6829
    3395      35.7006
    3396      35.6728
    3397      35.6473
    3398      36.1125
    3399      36.0763
    3400      35.8584
    3401      36.0551
    3402      36.1198
    3403      35.9262
    3404      35.8900
    3405      35.8150
    3406      35.8624
    3407      36.1105
    3408      36.2259
    3409      36.0136
    3410      35.8916
    3411      35.8161
    3412      36.0762
    3413      35.8305
    3414      35.9411
    3415      35.6941
    3416      35.8881
    3417      35.7476
    3418      36.1338
    3419      36.2298
    3420      36.1024
    3421      36.0537
    3422      35.9727
    3423      35.8114
    3424      35.8490
    3425      36.3092
    3426      36.2426
    3427      36.2846
    3428      36.1416
    3429      36.0282
    3430      36.1818
    3431      36.1368
    3432      35.7635
    3433      36.3956
    3434      35.6153
    3435      36.3226
    3436      36.0502
    3437      36.1156
    3438      36.0644
    3439      36.0149
    3440      36.1941
    3441      36.1398
    3442      36.1947
    3443      35.8825
    3444      35.6456
    3445      35.9294
    3446      35.7165
    3447      36.2937
    3448      36.1172
    3449      36.1075
    3450      35.7833
    3451      35.8490
    3452      35.7762
    3453      36.1729
    3454      36.0773
    3455      35.3639
    3456      36.0909
    3457      35.9450
    3458      35.9485
    3459      35.8180
    3460      36.0015
    3461      35.7024
    3462      35.8702
    3463      35.6071
    3464      35.8770
    3465      36.0912
    3466      36.3194
    3467      36.2045
    3468      36.3916
    3469      36.2345
    3470      36.0428
    3471      36.0271
    3472      36.1655
    3473      35.8179
    3474      36.0730
    3475      36.0934
    3476      36.1455
    3477      35.7667
    3478      35.8425
    3479      36.3704
    3480      36.1360
    3481      36.1715
    3482      36.2028
    3483      36.1244
    3484      36.3552
    3485      35.9037
    3486      36.3053
    3487      36.0870
    3488      35.6273
    3489      36.1047
    3490      35.6655
    3491      36.3913
    3492      36.0191
    3493      35.9193
    3494      36.1241
    3495      36.4396
    3496      36.1223
    3497      36.1828
    3498      36.5000
    3499      36.3790
    3500      36.5994
    3501      36.4734
    3502      36.2479
    3503      36.1694
    3504      35.9910
    3505      35.7710
    3506      35.9787
    3507      35.7769
    3508      36.0032
    3509      35.8122
    3510      36.0838
    3511      36.0378
    3512      36.0149
    3513      36.3838
    3514      35.9436
    3515      36.1957
    3516      36.0388
    3517      35.8390
    3518      36.1437
    3519      36.1782
    3520      35.7614
    3521      36.1669
    3522      36.2828
    3523      36.2504
    3524      36.0999
    3525      35.9269
    3526      36.1884
    3527      36.1194
    3528      36.1324
    3529      36.0530
    3530      36.0504
    3531      36.1952
    3532      35.7889
    3533      36.1419
    3534      36.0290
    3535      36.2186
    3536      36.2785
    3537      35.8165
    3538      36.3132
    3539      35.9512
    3540      36.0927
    3541      36.2402
    3542      35.8750
    3543      35.6168
    3544      35.9285
    3545      35.9039
    3546      36.0275
    3547      35.9460
    3548      36.2920
    3549      36.1126
    3550      36.1221
    3551      36.8266
    3552      36.7822
    3553      36.5650
    3554      35.9011
    3555      35.9287
    3556      36.5367
    3557      36.1678
    3558      36.2333
    3559      36.2803
    3560      36.5964
    3561      36.5839
    3562      36.4154
    3563      36.2183
    3564      37.1734
    3565      36.2198
    3566      36.1129
    3567      36.4989
    3568      36.4221
    3569      36.4145
    3570      36.8184
    3571      37.1796
    3572      37.0762
    3573      36.8762
    3574      36.5513
    3575      36.6659
    3576      36.6623
    3577      35.9736
    3578      36.3450
    3579      36.5438
    3580      36.7660
    3581      36.5675
    3582      36.4027
    3583      36.5357
    3584      36.2564
    3585      36.6328
    3586      36.1734
    3587      36.4520
    3588      36.5500
    3589      36.6153
    3590      36.8282
    3591      36.7644
    3592      36.9096
    3593      36.6543
    3594      36.0683
    3595      36.4558
    3596      36.5318
    3597      36.8439
    3598      36.7711
    3599      36.9585
    3600      36.6147
    3601      37.0417
    3602      37.1639
    3603      36.8003
    3604      36.0758
    3605      36.2273
    3606      36.4661
    3607      36.1884
    3608      36.3525
    3609      36.4080
    3610      36.4582
    3611      36.5223
    3612      36.6312
    3613      36.6181
    3614      36.7113
    3615      36.5701
    3616      36.4983
    3617      37.0754
    3618      36.6899
    3619      36.3550
    3620      36.7763
    3621      37.2717
    3622      37.1518
    3623      37.2452
    3624      37.0734
    3625      37.0877
    3626      37.0186
    3627      37.0665
    3628      36.8483
    3629      37.1081
    3630      36.5074
    3631      36.9649
    3632      37.2047
    3633      37.1328
    3634      37.3906
    3635      37.4973
    3636      37.2021
    3637      37.2465
    3638      36.8571
    3639      36.7681
    3640      36.5259
    3641      36.4583
    3642      36.6356
    3643      36.6718
    3644      36.4714
    3645      35.8871
    3646      36.3402
    3647      36.3094
    3648      36.8486
    3649      36.7028
    3650      36.1253
    3651      36.7239
    3652      36.5640
    3653      36.4430
    3654      36.6822
    3655      36.5726
    3656      36.4935
    3657      36.8131
    3658      36.7371
    3659      36.9602
    3660      36.5336
    3661      36.5228
    3662      36.3598
    3663      36.8017
    3664      36.5371
    3665      36.0060
    3666      36.7050
    3667      36.9803
    3668      36.4607
    3669      36.7070
    3670      36.7337
    3671      36.6568
    3672      36.9213
    3673      36.8612
    3674      36.7527
    3675      36.7010
    3676      36.4691
    3677      36.6918
    3678      36.9137
    3679      36.1808
    3680      36.5309
    3681      37.2007
    3682      36.8173
    3683      36.9710
    3684      36.7267
    3685      36.5051
    3686      36.8418
    3687      36.4612
    3688      36.9250
    3689      36.6838
    3690      36.6214
    3691      36.4500
    3692      36.6992
    3693      37.0540
    3694      36.6693
    3695      36.6727
    3696      36.7469
    3697      36.6426
    3698      36.8412
    3699      36.9077
    3700      36.7461
    3701      36.9272
    3702      36.3423
    3703      36.5781
    3704      36.6629
    3705      36.4954
    3706      35.8145
    3707      36.4032
    3708      36.2869
    3709      36.4262
    3710      36.1534
    3711      36.3251
    3712      36.1334
    3713      36.4621
    3714      36.6725
    3715      36.4268
    3716      36.2431
    3717      36.2210
    3718      36.3161
    3719      36.2814
    3720      36.4545
    3721      36.4518
    3722      35.9651
    3723      36.4502
    3724      36.7716
    3725      36.4517
    3726      36.6364
    3727      36.5165
    3728      36.1047
    3729      36.4883
    3730      36.3969
    3731      36.4088
    3732      36.5956
    3733      36.3353
    3734      35.9583
    3735      35.9551
    3736      36.4276
    3737      36.4501
    3738      36.3873
    3739      36.5204
    3740      36.3091
    3741      36.1226
    3742      36.4535
    3743      36.6478
    3744      36.5171
    3745      36.6704
    3746      36.8490
    3747      36.8022
    3748      36.5673
    3749      36.8552
    3750      36.6461
    3751      36.6835
    3752      36.9539
    3753      36.6179
    3754      36.8948
    3755      36.7781
    3756      36.7175
    3757      36.5920
    3758      36.5318
    3759      36.7362
    3760      36.7527
    3761      36.8589
    3762      36.8231
    3763      36.5350
    3764      36.6787
    3765      37.1141
    3766      37.3812
    3767      36.3474
    3768      36.6951
    3769      36.7447
    3770      36.4538
    3771      36.4386
    3772      36.3945
    3773      36.5747
    3774      36.1812
    3775      36.3708
    3776      36.3976
    3777      36.6340
    3778      36.4338
    3779      36.3365
    3780      35.5750
    3781      36.1651
    3782      36.3238
    3783      36.2947
    3784      36.1207
    3785      36.2169
    3786      36.3397
    3787      35.9590
    3788      35.8325
    3789      36.3046
    3790      36.5975
    3791      36.1931
    3792      36.3558
    3793      36.4605
    3794      36.3734
    3795      36.5312
    3796      36.2274
    3797      36.0730
    3798      36.5743
    3799      36.0069
    3800      35.8781
    3801      35.9220
    3802      36.0185
    3803      36.1390
    3804      36.3006
    3805      36.5382
    3806      35.9030
    3807      36.2790
    3808      36.5637
    3809      35.9591
    3810      36.2832
    3811      36.3528
    3812      36.2017
    3813      36.1453
    3814      35.9244
    3815      36.0240
    3816      36.5455
    3817      36.3388
    3818      36.0291
    3819      36.0559
    3820      35.9703
    3821      36.2466
    3822      35.9668
    3823      36.2066
    3824      35.8418
    3825      36.1765
    3826      36.7689
    3827      36.4407
    3828      36.7114
    3829      36.5561
    3830      36.5946
    3831      36.6129
    3832      36.6119
    3833      36.1838
    3834      36.3522
    3835      36.5835
    3836      36.3196
    3837      36.6937
    3838      36.6599
    3839      36.3785
    3840      37.0593
    3841      36.8894
    3842      37.0648
    3843      36.9506
    3844      36.7959
    3845      36.9145
    3846      36.6491
    3847      37.2772
    3848      36.9888
    3849      37.0498
    3850      37.0961
    3851      36.9689
    3852      36.9464
    3853      36.6078
    3854      37.1291
    3855      36.7874
    3856      36.4449
    3857      36.8387
    3858      36.3218
    3859      36.4582
    3860      36.2846
    3861      36.6594
    3862      36.9291
    3863      36.5991
    3864      36.2833
    3865      36.6735
    3866      37.1291
    3867      36.8921
    3868      36.5472
    3869      37.3314
    3870      37.2685
    3871      37.3545
    3872      37.0756
    3873      37.2886
    3874      37.1092
    3875      36.7871
    3876      36.9206
    3877      36.9752
    3878      36.9672
    3879      36.2646
    3880      36.8892
    3881      36.5140
    3882      36.5263
    3883      36.3646
    3884      36.5040
    3885      36.2815
    3886      36.8569
    3887      36.6067
    3888      36.7081
    3889      36.3329
    3890      36.5479
    3891      36.6011
    3892      36.7975
    3893      36.7770
    3894      36.6528
    3895      36.5809
    3896      36.6452
    3897      36.6019
    3898      36.9089
    3899      36.7151
    3900      36.8482
    3901      37.2233
    3902      36.6080
    3903      36.3822
    3904      36.7151
    3905      37.0656
    3906      36.5614
    3907      36.4600
    3908      36.6670
    3909      36.5013
    3910      36.8956
    3911      36.8636
    3912      36.3520
    3913      36.5025
    3914      36.4979
    3915      36.9265
    3916      36.7855
    3917      36.3577
    3918      36.5619
    3919      36.2308
    3920      35.9524
    3921      35.9412
    3922      35.6981
    3923      36.2073
    3924      35.1990
    3925      35.8909
    3926      35.8218
    3927      36.2114
    3928      36.0586
    3929      36.5048
    3930      35.9404
    3931      36.1601
    3932      36.1622
    3933      36.0083
    3934      36.3177
    3935      36.2409
    3936      35.4750
    3937      36.0799
    3938      36.2435
    3939      36.6545
    3940      36.4453
    3941      36.4491
    3942      36.2666
    3943      36.3918
    3944      36.2638
    3945      36.6389
    3946      36.3355
    3947      36.3071
    3948      36.8003
    3949      36.8633
    3950      36.8082
    3951      36.8332
    3952      36.7180
    3953      36.4269
    3954      36.5414
    3955      36.1030
    3956      36.3382
    3957      36.6239
    3958      36.2042
    3959      36.4276
    3960      36.6617
    3961      36.7316
    3962      36.6638
    3963      36.6442
    3964      36.6140
    3965      36.3187
    3966      36.1972
    3967      36.3358
    3968      36.7376
    3969      36.6128
    3970      36.6653
    3971      36.6612
    3972      36.8647
    3973      36.6596
    3974      36.4878
    3975      36.3686
    3976      36.7740
    3977      36.4016
    3978      36.5694
    3979      36.7395
    3980      36.2940
    3981      36.4815
    3982      36.3679
    3983      36.5850
    3984      36.5228
    3985      36.9398
    3986      36.5811
    3987      36.4266
    3988      36.3442
    3989      36.3510
    3990      36.4596
    3991      36.2722
    3992      36.4769
    3993      36.1931
    3994      36.1017
    3995      36.0881
    3996      36.1151
    3997      36.3514
    3998      36.5703
    3999      36.6921
    4000      36.1045
    4001      35.9803
    4002      36.0533
    4003      35.6948
    4004      35.9665
    4005      36.2851
    4006      36.4689
    4007      36.4445
    4008      36.4265
    4009      36.1084
    4010      36.1990
    4011      35.8129
    4012      36.0639
    4013      36.4441
    4014      36.1284
    4015      36.2787
    4016      36.2384
    4017      36.3859
    4018      36.7326
    4019      36.8286
    4020      36.4552
    4021      36.5109
    4022      36.2677
    4023      36.2346
    4024      35.9907
    4025      36.1259
    4026      36.0908
    4027      36.2077
    4028      35.8345
    4029      35.7287
    4030      36.2003
    4031      36.0902
    4032      36.4842
    4033      36.3697
    4034      35.9488
    4035      36.2967
    4036      36.4292
    4037      36.2645
    4038      35.9543
    4039      36.3136
    4040      36.3420
    4041      35.9142
    4042      35.7640
    4043      36.1848
    4044      35.9516
    4045      36.4048
    4046      36.3518
    4047      36.2082
    4048      36.5091
    4049      36.8486
    4050      36.1896
    4051      35.9977
    4052      36.8522
    4053      36.2192
    4054      35.9955
    4055      36.3281
    4056      36.2843
    4057      36.4432
    4058      35.9965
    4059      36.4649
    4060      36.2171
    4061      36.5022
    4062      36.1947
    4063      36.9677
    4064      36.2439
    4065      36.2515
    4066      36.5028
    4067      36.1513
    4068      36.6986
    4069      36.4049
    4070      36.4339
    4071      36.2685
    4072      35.8999
    4073      36.4387
    4074      36.0446
    4075      35.7393
    4076      35.9680
    4077      36.2201
    4078      35.6272
    4079      35.2211
    4080      35.5646
    4081      35.6418
    4082      36.3107
    4083      36.4232
    4084      36.4365
    4085      35.8987
    4086      36.1673
    4087      36.1957
    4088      36.4129
    4089      36.2740
    4090      36.0683
    4091      36.2685
    4092      36.2137
    4093      35.9539
    4094      35.9898
    4095      35.8921
    4096      35.7817
    4097      35.8565
    4098      36.0776
    4099      35.8752
    4100      35.7337
    4101      36.0768
    4102      36.3149
    4103      36.2376
    4104      36.0566
    4105      36.4227
    4106      35.8939
    4107      36.1467
    4108      35.7973
    4109      35.9233
    4110      36.2352
    4111      35.5861
    4112      36.0325
    4113      36.3010
    4114      35.7541
    4115      35.9850
    4116      36.5409
    4117      36.0934
    4118      36.2899
    4119      36.1150
    4120      36.1583
    4121      36.1278
    4122      36.0048
    4123      35.6591
    4124      35.5264
    4125      36.2303
    4126      35.8635
    4127      36.1615
    4128      35.7733
    4129      36.2969
    4130      36.0558
    4131      36.3415
    4132      36.4606
    4133      35.6315
    4134      36.3831
    4135      36.5094
    4136      36.1860
    4137      36.1494
    4138      36.3187
    4139      36.1131
    4140      36.0224
    4141      36.1629
    4142      36.1338
    4143      36.1987
    4144      36.1029
    4145      36.2125
    4146      35.9040
    4147      36.0799
    4148      35.9904
    4149      35.8144
    4150      35.7769
    4151      36.0522
