#Res        AtomicFlx
   1.000       6.2765
   2.000       4.4764
   3.000       2.1187
   4.000       1.7709
   5.000       1.3045
   6.000       1.4183
   7.000       1.5476
   8.000       1.3353
   9.000       0.8857
  10.000       0.9563
  11.000       0.9421
  12.000       0.7760
  13.000       0.7182
  14.000       0.8286
  15.000       0.8465
  16.000       0.6258
  17.000       0.5300
  18.000       0.6221
  19.000       0.6543
  20.000       0.5230
  21.000       0.4876
  22.000       0.6522
  23.000       0.8837
  24.000       1.2384
  25.000       1.0526
  26.000       1.5726
  27.000       1.6993
  28.000       0.9576
  29.000       0.6968
  30.000       0.6120
  31.000       0.4847
  32.000       0.4964
  33.000       0.4685
  34.000       0.3956
  35.000       0.4429
  36.000       0.4376
  37.000       0.4038
  38.000       0.4274
  39.000       0.5126
  40.000       0.5305
  41.000       0.6117
  42.000       0.4564
  43.000       0.5222
  44.000       0.4811
  45.000       0.3857
  46.000       0.4157
  47.000       0.4994
  48.000       0.4481
  49.000       0.4446
  50.000       0.5798
  51.000       0.6560
  52.000       0.5418
  53.000       0.4916
  54.000       0.5809
  55.000       0.5167
  56.000       0.4973
  57.000       0.6084
  58.000       0.4964
  59.000       0.4341
  60.000       0.5528
  61.000       0.6172
  62.000       0.6260
  63.000       0.7656
  64.000       0.7217
  65.000       0.5202
  66.000       0.5389
  67.000       0.5300
  68.000       0.8174
  69.000       1.1150
  70.000       1.2553
  71.000       0.8788
  72.000       0.8408
  73.000       0.7968
  74.000       0.7416
  75.000       0.5983
  76.000       0.5520
  77.000       0.4913
  78.000       0.3882
  79.000       0.3719
  80.000       0.4105
  81.000       0.4577
  82.000       0.5956
  83.000       0.6403
  84.000       0.8062
  85.000       1.3271
  86.000       2.1192
  87.000       2.3402
  88.000       2.2247
  89.000       1.3273
  90.000       0.8715
  91.000       0.6112
  92.000       0.5104
  93.000       0.4179
  94.000       0.3728
  95.000       0.3456
  96.000       0.3530
  97.000       0.5009
  98.000       0.6721
  99.000       0.7961
 100.000       0.6758
 101.000       0.7982
 102.000       0.8177
 103.000       0.6574
 104.000       0.4857
 105.000       0.4401
 106.000       0.3719
 107.000       0.3845
 108.000       0.3514
 109.000       0.4366
 110.000       0.4597
 111.000       0.5420
 112.000       0.6225
 113.000       0.7873
 114.000       0.9293
 115.000       0.9127
 116.000       0.7250
 117.000       0.8343
 118.000       0.7662
 119.000       0.6487
 120.000       0.4887
 121.000       0.4312
 122.000       0.3698
 123.000       0.3504
 124.000       0.3691
 125.000       0.3672
 126.000       0.3531
 127.000       0.3935
 128.000       0.4494
 129.000       0.5230
 130.000       0.7179
 131.000       1.0158
 132.000       1.3539
 133.000       1.5727
 134.000       0.9702
 135.000       0.6701
 136.000       0.5429
 137.000       0.3693
 138.000       0.3597
 139.000       0.3416
 140.000       0.3450
 141.000       0.3228
 142.000       0.3570
 143.000       0.3705
 144.000       0.3572
 145.000       0.4729
 146.000       0.6058
 147.000       0.9781
 148.000       1.7380
 149.000       2.5595
 150.000       3.1071
 151.000       3.6429
 152.000       2.9217
 153.000       3.5169
 154.000       3.4907
 155.000       2.0683
 156.000       1.3827
 157.000       0.8010
 158.000       0.9064
 159.000       1.0030
 160.000       0.7211
 161.000       0.4717
 162.000       0.6273
 163.000       0.5508
 164.000       0.4421
 165.000       0.4676
 166.000       0.4305
 167.000       0.3745
 168.000       0.3924
 169.000       0.4649
 170.000       0.4201
 171.000       0.3881
 172.000       0.4559
 173.000       0.5712
 174.000       0.5216
 175.000       0.4759
 176.000       0.7805
 177.000       0.9807
 178.000       0.8376
 179.000       0.9018
 180.000       1.7492
 181.000       2.1838
 182.000       3.1224
 183.000       3.9399
 184.000       4.7469
 185.000       4.9356
 186.000       5.6933
 187.000       6.9333
 188.000       7.8834
 189.000       8.9568
 190.000      10.2448
 191.000      11.5611
