#Frame           core
       1       0.5066
       2       0.6168
       3       0.6231
       4       0.6477
       5       0.6661
       6       0.7348
       7       0.7144
       8       0.6787
       9       0.7862
      10       0.7755
      11       0.8499
      12       0.8815
      13       0.7601
      14       0.8455
      15       0.8241
      16       0.7299
      17       0.7594
      18       0.7920
      19       0.7938
      20       0.8701
      21       0.7479
      22       0.7102
      23       0.7310
      24       0.7061
      25       0.7738
      26       0.8980
      27       0.9291
      28       0.7716
      29       0.8716
      30       0.8340
      31       0.8256
      32       0.8642
      33       0.9083
      34       0.9389
      35       0.9223
      36       0.9122
      37       0.9326
      38       1.0183
      39       0.9980
      40       0.8752
      41       0.8711
      42       0.9147
      43       0.8798
      44       0.9223
      45       0.9124
      46       1.0053
      47       0.9846
      48       0.9944
      49       1.0050
      50       0.9542
      51       0.9528
      52       0.9721
      53       0.9161
      54       1.1455
      55       0.9372
      56       0.9545
      57       1.0012
      58       1.0411
      59       1.0974
      60       1.1027
      61       1.1295
      62       1.1701
      63       1.1048
      64       1.0335
      65       0.8678
      66       0.9022
      67       0.9620
      68       0.9176
      69       0.8603
      70       0.8229
      71       0.7716
      72       0.8294
      73       0.8723
      74       0.8993
      75       0.8256
      76       0.9161
      77       0.8693
      78       0.8368
      79       0.7964
      80       0.8064
      81       0.7857
      82       0.8877
      83       0.8193
      84       0.7786
      85       0.7720
      86       0.7396
      87       0.7008
      88       0.7313
      89       0.7991
      90       0.7523
      91       0.7381
      92       0.7502
      93       0.7720
      94       0.7325
      95       0.7607
      96       0.7785
      97       0.7599
      98       0.8468
      99       0.8028
     100       0.7695
     101       0.8705
     102       0.9073
     103       0.7481
     104       0.6960
     105       0.8046
     106       0.7548
     107       0.7176
     108       0.7404
     109       0.7554
     110       0.7894
     111       0.7298
     112       0.7235
     113       0.7788
     114       0.7652
     115       0.6745
     116       0.7617
     117       0.7491
     118       0.7605
     119       0.8196
     120       0.6532
     121       0.7201
     122       0.7207
     123       0.6934
     124       0.7046
     125       0.6995
     126       0.7668
     127       0.7392
     128       0.6761
     129       0.7177
     130       0.7608
     131       0.7377
     132       0.8301
     133       0.7832
     134       0.7386
     135       0.7661
     136       0.7119
     137       0.6951
     138       0.7969
     139       0.7038
     140       0.8435
     141       0.7998
     142       0.9710
     143       0.8973
     144       0.8474
     145       0.8333
     146       0.7317
     147       0.7965
     148       0.8247
     149       0.7684
     150       0.7152
     151       0.7677
     152       0.7854
     153       0.7650
     154       0.8118
     155       0.7552
     156       0.8200
     157       0.8374
     158       0.9197
     159       0.9166
     160       0.8976
     161       0.9267
     162       0.9343
     163       0.8580
     164       0.8550
     165       0.8862
     166       0.8904
     167       0.8444
     168       0.8351
     169       0.8312
     170       0.8543
     171       0.8011
     172       0.8465
     173       0.8506
     174       0.7361
     175       0.7992
     176       0.7977
     177       0.8310
     178       0.7120
     179       0.6792
     180       0.6934
     181       0.7644
     182       0.7646
     183       0.7433
     184       0.8524
     185       0.8390
     186       0.8400
     187       0.8075
     188       0.7633
     189       0.7472
     190       0.7578
     191       0.7066
     192       0.7483
     193       0.7332
     194       0.7660
     195       0.7158
     196       0.7140
     197       0.7330
     198       0.8316
     199       0.8351
     200       0.8051
     201       0.7767
     202       0.7890
     203       0.8271
     204       0.8629
     205       0.7828
     206       0.8261
     207       0.8937
     208       0.8805
     209       0.9290
     210       0.8356
     211       0.7881
     212       0.8435
     213       0.7805
     214       0.8909
     215       0.9465
     216       0.9441
     217       0.7657
     218       0.7496
     219       0.8248
     220       0.8574
     221       0.8173
     222       0.8330
     223       0.8296
     224       0.8506
     225       0.8337
     226       0.9264
     227       0.8581
     228       0.8519
     229       0.8100
     230       0.8491
     231       0.8214
     232       0.9196
     233       0.9127
     234       0.9567
     235       0.8635
     236       0.9065
     237       0.8754
     238       0.8677
     239       0.8991
     240       0.8514
     241       0.9642
     242       0.9269
     243       0.9194
     244       0.8992
     245       0.9263
     246       0.9601
     247       1.0725
     248       1.0094
     249       1.0211
     250       1.0212
     251       1.0129
     252       0.9829
     253       0.8872
     254       0.9474
     255       0.9134
     256       0.9955
     257       0.9789
     258       0.9054
     259       1.0097
     260       1.0461
     261       1.0985
     262       1.0724
     263       0.9879
     264       1.0107
     265       1.0172
     266       1.0825
     267       1.2025
     268       1.2058
     269       1.1806
     270       1.2264
     271       1.2014
     272       1.1232
     273       1.1374
     274       1.1250
     275       1.1717
     276       1.0788
     277       1.0620
     278       1.0948
     279       1.0459
     280       1.0264
     281       1.0151
     282       1.0839
     283       1.1844
     284       1.1683
     285       1.0809
     286       1.1351
     287       1.1394
     288       1.0640
     289       1.0505
     290       1.0898
     291       1.1672
     292       1.0488
     293       1.1192
     294       1.1866
     295       1.1918
     296       1.2900
     297       1.2012
     298       1.0881
     299       1.0436
     300       1.0669
     301       1.0639
     302       1.1028
     303       1.1201
     304       1.1022
     305       1.1470
     306       1.2113
     307       1.1535
     308       1.1876
     309       1.1380
     310       1.0898
     311       1.1510
     312       1.1444
     313       1.1279
     314       1.0484
     315       1.0926
     316       0.9332
     317       0.9017
     318       0.9518
     319       0.8505
     320       0.9066
     321       0.9419
     322       0.9835
     323       0.9760
     324       0.9270
     325       0.9724
     326       1.0892
     327       0.9816
     328       0.9487
     329       1.0521
     330       1.1776
     331       1.2164
     332       1.1801
     333       1.2082
     334       1.2707
     335       1.1831
     336       1.2479
     337       1.2805
     338       1.2515
     339       1.2224
     340       1.2274
     341       1.1761
     342       1.1944
     343       1.1954
     344       1.0138
     345       1.2610
     346       1.1137
     347       1.0903
     348       1.1016
     349       1.1961
     350       1.1336
     351       1.0946
     352       1.0338
     353       0.9750
     354       1.0334
     355       1.0541
     356       1.0602
     357       1.1993
     358       1.1995
     359       1.1329
     360       1.0580
     361       1.0815
     362       1.0479
     363       1.0724
     364       1.0508
     365       1.0156
     366       1.0677
     367       1.1239
     368       1.2238
     369       1.2391
     370       1.2431
     371       1.1668
     372       1.2487
     373       1.2462
     374       1.1958
     375       1.1340
     376       1.1981
     377       1.2400
     378       1.2987
     379       1.2700
     380       1.2581
     381       1.2445
     382       1.2801
     383       1.2047
     384       1.0368
     385       1.1931
     386       1.1997
     387       1.1877
     388       1.1661
     389       1.2614
     390       1.2098
     391       1.2620
     392       1.1275
     393       1.1583
     394       1.2407
     395       1.2816
     396       1.1635
     397       1.0933
     398       1.0668
     399       1.1429
     400       1.0773
     401       1.1209
     402       1.1838
     403       1.1762
     404       1.2370
     405       1.0991
     406       1.1473
     407       1.1252
     408       1.1358
     409       1.1302
     410       1.0688
     411       1.1258
     412       1.0896
     413       1.0855
     414       1.1635
     415       1.1510
     416       1.1608
     417       1.0802
     418       1.2185
     419       1.1539
     420       1.1583
     421       1.0888
     422       1.1873
     423       1.1738
     424       1.2045
     425       1.1848
     426       1.1699
     427       1.0369
     428       1.1694
     429       1.2701
     430       1.1650
     431       1.2087
     432       1.2208
     433       1.2107
     434       1.0992
     435       1.0901
     436       1.1986
     437       1.2451
     438       1.2746
     439       1.3002
     440       1.3140
     441       1.3137
     442       1.2262
     443       1.2865
     444       1.2365
     445       1.2411
     446       1.2156
     447       1.2592
     448       1.3284
     449       1.2683
     450       1.2575
     451       1.2780
     452       1.1271
     453       1.1373
     454       1.0783
     455       1.1638
     456       1.1825
     457       1.2466
     458       1.2121
     459       1.1395
     460       1.2549
     461       1.2306
     462       1.3252
     463       1.2649
     464       1.2371
     465       1.2302
     466       1.2948
     467       1.2577
     468       1.2636
     469       1.4099
     470       1.2879
     471       1.3738
     472       1.3142
     473       1.3037
     474       1.2492
     475       1.2300
     476       1.2274
     477       1.1687
     478       1.1622
     479       1.2009
     480       1.2959
     481       1.3038
     482       1.2452
     483       1.3334
     484       1.3275
     485       1.3246
     486       1.3819
     487       1.2685
     488       1.3951
     489       1.3164
     490       1.2546
     491       1.2339
     492       1.2675
     493       1.3380
     494       1.1635
     495       1.2368
     496       1.1628
     497       1.0704
     498       1.1852
     499       1.1780
     500       1.1217
     501       1.1225
     502       1.1068
     503       1.0968
     504       1.1429
     505       1.1413
     506       1.1590
     507       1.1732
     508       1.2393
     509       1.2242
     510       1.1463
     511       1.0645
     512       1.1272
     513       1.1968
     514       1.2294
     515       1.1968
     516       1.1517
     517       1.1397
     518       1.1584
     519       1.1403
     520       1.0544
     521       1.0580
     522       1.0938
     523       1.0384
     524       0.9823
     525       1.0513
     526       1.0361
     527       1.0995
     528       1.1311
     529       1.1827
     530       1.1810
     531       1.2167
     532       1.1722
     533       1.2393
     534       1.2660
     535       1.2979
     536       1.3173
     537       1.2558
     538       1.2511
     539       1.2378
     540       1.2054
     541       1.3353
     542       1.3028
     543       1.3428
     544       1.2274
     545       1.2547
     546       1.2372
     547       1.2998
     548       1.3124
     549       1.3140
     550       1.1732
     551       1.2475
     552       1.2171
     553       1.1178
     554       1.2150
     555       1.1913
     556       1.1629
     557       1.1662
     558       1.1431
     559       1.1176
     560       1.0952
     561       1.1180
     562       1.0991
     563       1.1520
     564       1.1071
     565       1.1618
     566       1.0989
     567       1.0769
     568       1.1237
     569       1.1661
     570       1.2625
     571       1.2610
     572       1.1862
     573       1.1867
     574       1.2458
     575       1.2589
     576       1.2314
     577       1.2656
     578       1.2176
     579       1.1875
     580       1.1806
     581       1.2223
     582       1.3429
     583       1.3301
     584       1.2424
     585       1.2512
     586       1.1931
     587       1.2526
     588       1.2640
     589       1.2639
     590       1.2523
     591       1.3084
     592       1.2585
     593       1.2843
     594       1.4158
     595       1.4012
     596       1.3735
     597       1.2798
     598       1.3289
     599       1.3728
     600       1.2136
     601       1.2397
     602       1.2015
     603       1.2144
     604       1.1631
     605       1.2749
     606       1.3475
     607       1.3080
     608       1.2636
     609       1.4323
     610       1.4314
     611       1.4298
     612       1.5191
     613       1.4699
     614       1.5466
     615       1.7261
     616       1.5671
     617       1.5805
     618       1.4728
     619       1.4393
     620       1.4171
     621       1.4370
     622       1.3562
     623       1.4406
     624       1.4154
     625       1.3924
     626       1.4337
     627       1.3423
     628       1.2915
     629       1.3535
     630       1.3415
     631       1.2495
     632       1.3141
     633       1.3053
     634       1.2633
     635       1.2608
     636       1.1298
     637       1.1651
     638       1.2388
     639       1.1390
     640       1.2312
     641       1.2222
     642       1.2573
     643       1.2484
     644       1.1602
     645       1.1344
     646       1.1302
     647       1.1815
     648       1.2098
     649       1.2299
     650       1.2863
     651       1.3170
     652       1.3100
     653       1.2050
     654       1.1175
     655       1.1029
     656       1.0821
     657       1.1135
     658       1.1528
     659       1.1534
     660       1.1804
     661       1.1891
     662       1.1891
     663       1.1870
     664       1.1854
     665       1.1799
     666       1.2481
     667       1.1449
     668       1.1788
     669       1.1670
     670       1.2189
     671       1.1190
     672       1.2341
     673       1.1540
     674       1.2412
     675       1.2759
     676       1.2136
     677       1.1953
     678       1.1155
     679       1.1541
     680       1.1525
     681       1.1482
     682       1.0921
     683       1.1523
     684       1.1515
     685       1.1961
     686       1.1492
     687       1.2138
     688       1.2009
     689       1.4035
     690       1.2077
     691       1.1221
     692       1.1862
     693       1.1595
     694       1.1747
     695       1.1374
     696       1.1420
     697       1.1421
     698       1.2259
     699       1.1241
     700       1.1656
     701       1.1782
     702       1.2690
     703       1.2257
     704       1.3180
     705       1.2624
     706       1.3993
     707       1.2988
     708       1.3329
     709       1.2804
     710       1.2693
     711       1.2902
     712       1.3089
     713       1.3299
     714       1.3544
     715       1.4061
     716       1.3207
     717       1.3618
     718       1.3929
     719       1.3513
     720       1.3348
     721       1.3970
     722       1.2953
     723       1.3513
     724       1.3663
     725       1.3442
     726       1.3093
     727       1.3632
     728       1.2930
     729       1.2951
     730       1.3091
     731       1.3834
     732       1.3248
     733       1.3276
     734       1.3590
     735       1.4302
     736       1.3195
     737       1.3112
     738       1.4033
     739       1.4070
     740       1.2407
     741       1.2874
     742       1.2914
     743       1.2533
     744       1.1976
     745       1.3039
     746       1.2004
     747       1.2722
     748       1.2635
     749       1.3773
     750       1.3097
     751       1.1884
     752       1.2986
     753       1.3543
     754       1.3358
     755       1.3142
     756       1.3405
     757       1.3677
     758       1.3682
     759       1.3101
     760       1.3472
     761       1.5316
     762       1.3758
     763       1.4700
     764       1.5086
     765       1.4056
     766       1.3748
     767       1.4069
     768       1.3621
     769       1.3376
     770       1.4141
     771       1.3359
     772       1.4030
     773       1.3171
     774       1.3496
     775       1.3887
     776       1.3318
     777       1.2748
     778       1.3623
     779       1.2886
     780       1.4145
     781       1.4282
     782       1.2985
     783       1.4044
     784       1.3313
     785       1.3487
     786       1.3268
     787       1.2894
     788       1.3032
     789       1.3766
     790       1.4069
     791       1.4805
     792       1.5056
     793       1.3728
     794       1.4035
     795       1.4195
     796       1.3610
     797       1.4354
     798       1.4143
     799       1.5269
     800       1.4786
     801       1.5523
     802       1.4496
     803       1.5493
     804       1.4852
     805       1.4184
     806       1.3914
     807       1.5651
     808       1.5338
     809       1.5634
     810       1.4676
     811       1.5910
     812       1.5688
     813       1.4537
     814       1.4624
     815       1.4307
     816       1.5533
     817       1.4674
     818       1.4348
     819       1.4197
     820       1.3916
     821       1.4463
     822       1.4890
     823       1.5666
     824       1.4702
     825       1.5619
     826       1.4292
     827       1.5850
     828       1.6124
     829       1.5558
     830       1.5242
     831       1.4976
     832       1.5543
     833       1.5478
     834       1.4655
     835       1.5475
     836       1.4208
     837       1.3714
     838       1.3453
     839       1.3698
     840       1.4604
     841       1.3512
     842       1.4626
     843       1.5050
     844       1.5261
     845       1.4703
     846       1.4647
     847       1.3660
     848       1.3887
     849       1.4575
     850       1.4167
     851       1.3991
     852       1.3375
     853       1.4062
     854       1.3884
     855       1.3580
     856       1.3992
     857       1.3258
     858       1.2962
     859       1.3737
     860       1.3550
     861       1.4011
     862       1.3217
     863       1.3512
     864       1.3701
     865       1.2700
     866       1.2761
     867       1.2686
     868       1.3643
     869       1.3523
     870       1.2835
     871       1.3264
     872       1.4025
     873       1.4222
     874       1.3722
     875       1.5110
     876       1.4596
     877       1.4557
     878       1.4328
     879       1.4615
     880       1.3742
     881       1.4598
     882       1.3965
     883       1.4379
     884       1.5169
     885       1.5836
     886       1.4461
     887       1.5554
     888       1.5467
     889       1.4163
     890       1.5697
     891       1.5369
     892       1.6143
     893       1.5842
     894       1.5338
     895       1.5085
     896       1.5259
     897       1.5365
     898       1.4518
     899       1.4904
     900       1.4553
     901       1.4315
     902       1.4607
     903       1.4521
     904       1.4851
     905       1.4268
     906       1.4330
     907       1.5080
     908       1.4834
     909       1.4865
     910       1.5250
     911       1.5002
     912       1.3685
     913       1.3443
     914       1.4213
     915       1.5439
     916       1.5322
     917       1.5424
     918       1.5317
     919       1.5212
     920       1.4359
     921       1.4496
     922       1.5560
     923       1.4804
     924       1.3963
     925       1.4129
     926       1.5098
     927       1.4255
     928       1.3738
     929       1.5307
     930       1.4559
     931       1.5461
     932       1.5602
     933       1.4577
     934       1.4722
     935       1.4945
     936       1.4753
     937       1.4878
     938       1.3698
     939       1.3847
     940       1.3176
     941       1.4142
     942       1.4646
     943       1.3956
     944       1.5023
     945       1.3686
     946       1.3320
     947       1.3425
     948       1.3596
     949       1.3480
     950       1.2794
     951       1.2607
     952       1.1822
     953       1.1944
     954       1.2357
     955       1.1881
     956       1.2821
     957       1.2527
     958       1.3698
     959       1.3259
     960       1.3115
     961       1.3251
     962       1.3587
     963       1.4305
     964       1.4131
     965       1.3546
     966       1.3269
     967       1.3695
     968       1.1696
     969       1.2269
     970       1.2604
     971       1.1798
     972       1.2604
     973       1.1809
     974       1.2122
     975       1.1554
     976       1.2978
     977       1.2615
     978       1.2058
     979       1.2215
     980       1.1883
     981       1.2769
     982       1.4446
     983       1.3494
     984       1.3895
     985       1.4159
     986       1.5024
     987       1.4225
     988       1.3900
     989       1.3676
     990       1.3562
     991       1.3528
     992       1.3045
     993       1.2660
     994       1.3773
     995       1.3965
     996       1.2727
     997       1.2673
     998       1.3768
     999       1.3915
    1000       1.2575
    1001       1.4139
    1002       1.2801
    1003       1.3120
    1004       1.2185
    1005       1.3627
    1006       1.3309
    1007       1.3701
    1008       1.4097
    1009       1.4444
    1010       1.4009
    1011       1.3975
    1012       1.2397
    1013       1.2623
    1014       1.3121
    1015       1.3309
    1016       1.2183
    1017       1.3266
    1018       1.2872
    1019       1.3371
    1020       1.3203
    1021       1.3661
    1022       1.3266
    1023       1.4010
    1024       1.3324
    1025       1.3536
    1026       1.3351
    1027       1.3669
    1028       1.4237
    1029       1.4634
    1030       1.4066
    1031       1.2440
    1032       1.2414
    1033       1.3203
    1034       1.3527
    1035       1.3345
    1036       1.4012
    1037       1.4184
    1038       1.3104
    1039       1.3845
    1040       1.4428
    1041       1.5145
    1042       1.4227
    1043       1.4939
    1044       1.4834
    1045       1.5039
    1046       1.4381
    1047       1.4988
    1048       1.3965
    1049       1.2916
    1050       1.3353
    1051       1.2599
    1052       1.2813
    1053       1.2658
    1054       1.2780
    1055       1.3601
    1056       1.3628
    1057       1.4019
    1058       1.3261
    1059       1.3148
    1060       1.3111
    1061       1.4138
    1062       1.3500
    1063       1.3848
    1064       1.4092
    1065       1.3440
    1066       1.3706
    1067       1.2624
    1068       1.3175
    1069       1.3920
    1070       1.3394
    1071       1.2500
    1072       1.3634
    1073       1.3873
    1074       1.4910
    1075       1.4968
    1076       1.3476
    1077       1.4404
    1078       1.3807
    1079       1.4845
    1080       1.4336
    1081       1.3448
    1082       1.4456
    1083       1.4628
    1084       1.3848
    1085       1.4245
    1086       1.3628
    1087       1.4967
    1088       1.4602
    1089       1.3430
    1090       1.3670
    1091       1.3780
    1092       1.3819
    1093       1.5189
    1094       1.4389
    1095       1.4665
    1096       1.4079
    1097       1.3557
    1098       1.3881
    1099       1.3205
    1100       1.3025
    1101       1.2927
    1102       1.3627
    1103       1.2742
    1104       1.3535
    1105       1.3654
    1106       1.3742
    1107       1.4099
    1108       1.3868
    1109       1.4564
    1110       1.4701
    1111       1.4954
    1112       1.3805
    1113       1.2378
    1114       1.3586
    1115       1.2781
    1116       1.3576
    1117       1.3598
    1118       1.2936
    1119       1.2254
    1120       1.2879
    1121       1.2806
    1122       1.4136
    1123       1.3521
    1124       1.2868
    1125       1.2225
    1126       1.2763
    1127       1.2699
    1128       1.2837
    1129       1.3004
    1130       1.2439
    1131       1.2524
    1132       1.2107
    1133       1.2977
    1134       1.3537
    1135       1.3911
    1136       1.3479
    1137       1.3067
    1138       1.3659
    1139       1.3570
    1140       1.2503
    1141       1.2351
    1142       1.2624
    1143       1.2301
    1144       1.2441
    1145       1.1610
    1146       1.2897
    1147       1.3317
    1148       1.3407
    1149       1.2961
    1150       1.3081
    1151       1.3685
    1152       1.4048
    1153       1.3466
    1154       1.3373
    1155       1.4768
    1156       1.3226
    1157       1.3817
    1158       1.3519
    1159       1.3435
    1160       1.2689
    1161       1.2967
    1162       1.2932
    1163       1.2322
    1164       1.2253
    1165       1.2821
    1166       1.3045
    1167       1.3337
    1168       1.3724
    1169       1.2803
    1170       1.2480
    1171       1.2205
    1172       1.3122
    1173       1.2412
    1174       1.3973
    1175       1.3248
    1176       1.3405
    1177       1.3330
    1178       1.3523
    1179       1.3224
    1180       1.2906
    1181       1.2064
    1182       1.3066
    1183       1.2369
    1184       1.3138
    1185       1.4384
    1186       1.3367
    1187       1.2678
    1188       1.4107
    1189       1.4303
    1190       1.3622
    1191       1.2285
    1192       1.3265
    1193       1.3920
    1194       1.3976
    1195       1.3487
    1196       1.3720
    1197       1.3543
    1198       1.2733
    1199       1.4463
    1200       1.4548
    1201       1.3031
    1202       1.3835
    1203       1.3520
    1204       1.3510
    1205       1.3164
    1206       1.4163
    1207       1.2873
    1208       1.2242
    1209       1.2562
    1210       1.2313
    1211       1.2170
    1212       1.3306
    1213       1.1966
    1214       1.3145
    1215       1.2139
    1216       1.2696
    1217       1.3561
    1218       1.3654
    1219       1.3889
    1220       1.4177
    1221       1.4189
    1222       1.3789
    1223       1.3467
    1224       1.3692
    1225       1.4443
    1226       1.4334
    1227       1.5895
    1228       1.4524
    1229       1.4984
    1230       1.5466
    1231       1.5477
    1232       1.3899
    1233       1.5305
    1234       1.4475
    1235       1.3646
    1236       1.3957
    1237       1.4369
    1238       1.4060
    1239       1.4660
    1240       1.5272
    1241       1.5198
    1242       1.4992
    1243       1.4818
    1244       1.4394
    1245       1.4278
    1246       1.3930
    1247       1.4956
    1248       1.5474
    1249       1.5342
    1250       1.4720
    1251       1.5145
    1252       1.5007
    1253       1.5124
    1254       1.5999
    1255       1.5264
    1256       1.4794
    1257       1.4813
    1258       1.4791
    1259       1.5463
    1260       1.5760
    1261       1.5178
    1262       1.6271
    1263       1.4991
    1264       1.6735
    1265       1.5979
    1266       1.4957
    1267       1.5772
    1268       1.5245
    1269       1.6329
    1270       1.4784
    1271       1.4558
    1272       1.5937
    1273       1.5141
    1274       1.6491
    1275       1.6504
    1276       1.4878
    1277       1.5946
    1278       1.5842
    1279       1.5404
    1280       1.5114
    1281       1.4266
    1282       1.3925
    1283       1.4880
    1284       1.3737
    1285       1.5607
    1286       1.6000
    1287       1.7148
    1288       1.7096
    1289       1.5996
    1290       1.5879
    1291       1.8037
    1292       1.7134
    1293       1.9122
    1294       1.7699
    1295       1.9595
    1296       1.7960
    1297       1.7722
    1298       1.7400
    1299       1.8492
    1300       1.8526
    1301       1.8375
    1302       1.8529
    1303       1.8686
    1304       1.9216
    1305       1.9286
    1306       1.9936
    1307       1.8975
    1308       1.8771
    1309       1.8188
    1310       1.8619
    1311       1.7804
    1312       1.8240
    1313       1.8266
    1314       1.8932
    1315       1.7356
    1316       1.7281
    1317       1.8015
    1318       1.8107
    1319       1.8026
    1320       1.8076
    1321       1.7738
    1322       1.6719
    1323       1.6299
    1324       1.6541
    1325       1.8376
    1326       1.6546
    1327       1.7526
    1328       1.7466
    1329       1.7907
    1330       1.7123
    1331       1.6792
    1332       1.7071
    1333       1.7066
    1334       1.6308
    1335       1.5550
    1336       1.5616
    1337       1.6964
    1338       1.5951
    1339       1.6120
    1340       1.5746
    1341       1.7381
    1342       1.6928
    1343       1.7541
    1344       1.8167
    1345       1.7296
    1346       1.7063
    1347       1.5044
    1348       1.5345
    1349       1.6003
    1350       1.6275
    1351       1.6454
    1352       1.6273
    1353       1.6604
    1354       1.7243
    1355       1.6863
    1356       1.6718
    1357       1.8557
    1358       1.6528
    1359       1.7616
    1360       1.6079
    1361       1.7167
    1362       1.7096
    1363       1.6961
    1364       1.9174
    1365       1.7527
    1366       1.6546
    1367       1.6163
    1368       1.7003
    1369       1.7519
    1370       1.6461
    1371       1.6967
    1372       1.7864
    1373       1.7179
    1374       1.5310
    1375       1.5295
    1376       1.5220
    1377       1.4757
    1378       1.5357
    1379       1.6207
    1380       1.5066
    1381       1.5221
    1382       1.5121
    1383       1.6104
    1384       1.5720
    1385       1.6109
    1386       1.6537
    1387       1.6312
    1388       1.6826
    1389       1.6184
    1390       1.7033
    1391       1.6195
    1392       1.6021
    1393       1.6943
    1394       1.6299
    1395       1.6949
    1396       1.6823
    1397       1.6989
    1398       1.8451
    1399       1.7998
    1400       1.8715
    1401       1.8843
    1402       1.6650
    1403       1.5652
    1404       1.5607
    1405       1.6243
    1406       1.5997
    1407       1.6466
    1408       1.6831
    1409       1.6305
    1410       1.6728
    1411       1.7260
    1412       1.5923
    1413       1.7369
    1414       1.6417
    1415       1.6250
    1416       1.5067
    1417       1.5822
    1418       1.6006
    1419       1.5305
    1420       1.5388
    1421       1.4641
    1422       1.5711
    1423       1.5396
    1424       1.6484
    1425       1.6400
    1426       1.6839
    1427       1.5155
    1428       1.5835
    1429       1.6449
    1430       1.6576
    1431       1.7966
    1432       1.6125
    1433       1.6924
    1434       1.6103
    1435       1.6476
    1436       1.6662
    1437       1.6534
    1438       1.5664
    1439       1.5511
    1440       1.5924
    1441       1.5424
    1442       1.6029
    1443       1.7202
    1444       1.8037
    1445       1.7548
    1446       1.6439
    1447       1.5675
    1448       1.6108
    1449       1.6364
    1450       1.5871
    1451       1.6359
    1452       1.5751
    1453       1.6376
    1454       1.5828
    1455       1.4290
    1456       1.4825
    1457       1.4677
    1458       1.4659
    1459       1.4404
    1460       1.3844
    1461       1.4115
    1462       1.2957
    1463       1.3624
    1464       1.2767
    1465       1.2782
    1466       1.3123
    1467       1.2587
    1468       1.2884
    1469       1.4484
    1470       1.4930
    1471       1.4423
    1472       1.3670
    1473       1.3803
    1474       1.3553
    1475       1.3876
    1476       1.4232
    1477       1.4196
    1478       1.3189
    1479       1.3596
    1480       1.2916
    1481       1.2652
    1482       1.3367
    1483       1.3437
    1484       1.3221
    1485       1.2497
    1486       1.3309
    1487       1.3608
    1488       1.3377
    1489       1.3458
    1490       1.4345
    1491       1.3622
    1492       1.3667
    1493       1.3304
    1494       1.2958
    1495       1.4544
    1496       1.3093
    1497       1.2869
    1498       1.4271
    1499       1.3487
    1500       1.2558
    1501       1.3044
    1502       1.3121
    1503       1.3372
    1504       1.3009
    1505       1.3310
    1506       1.2722
    1507       1.3453
    1508       1.3752
    1509       1.3479
    1510       1.3947
    1511       1.4310
    1512       1.4720
    1513       1.4891
    1514       1.5451
    1515       1.4941
    1516       1.4237
    1517       1.4677
    1518       1.4823
    1519       1.5189
    1520       1.5248
    1521       1.4915
    1522       1.5365
    1523       1.4731
    1524       1.5904
    1525       1.6101
    1526       1.4961
    1527       1.5593
    1528       1.5307
    1529       1.5318
    1530       1.4275
    1531       1.4528
    1532       1.4418
    1533       1.5985
    1534       1.4763
    1535       1.5386
    1536       1.4150
    1537       1.5986
    1538       1.6265
    1539       1.6590
    1540       1.6518
    1541       1.6666
    1542       1.6243
    1543       1.5190
    1544       1.5566
    1545       1.6682
    1546       1.7531
    1547       1.7977
    1548       1.8200
    1549       1.7788
    1550       1.7267
    1551       1.7878
    1552       1.7519
    1553       1.6139
    1554       1.6348
    1555       1.6108
    1556       1.5450
    1557       1.6109
    1558       1.6948
    1559       1.6306
    1560       1.6286
    1561       1.6492
    1562       1.5978
    1563       1.6484
    1564       1.6657
    1565       1.6076
    1566       1.6556
    1567       1.6309
    1568       1.6465
    1569       1.7582
    1570       1.8472
    1571       1.8120
    1572       1.7886
    1573       1.8547
    1574       1.8761
    1575       1.8177
    1576       1.8436
    1577       1.7956
    1578       1.8842
    1579       1.8505
    1580       1.8396
    1581       1.9937
    1582       2.0535
    1583       2.0084
    1584       1.9942
    1585       1.8511
    1586       1.8227
    1587       1.7709
    1588       1.8184
    1589       1.7155
    1590       1.6779
    1591       1.6011
    1592       1.7293
    1593       1.7950
    1594       1.7681
    1595       1.7864
    1596       1.8270
    1597       1.8091
    1598       1.8066
    1599       1.7531
    1600       1.7224
    1601       1.6793
    1602       1.7370
    1603       1.6050
    1604       1.6255
    1605       1.5986
    1606       1.5959
    1607       1.6880
    1608       1.6651
    1609       1.6642
    1610       1.7854
    1611       1.7396
    1612       1.6565
    1613       1.7239
    1614       1.6680
    1615       1.6088
    1616       1.5516
    1617       1.5821
    1618       1.6014
    1619       1.5446
    1620       1.5486
    1621       1.4733
    1622       1.4224
    1623       1.5026
    1624       1.5254
    1625       1.5640
    1626       1.5226
    1627       1.4970
    1628       1.4240
    1629       1.5593
    1630       1.5918
    1631       1.6984
    1632       1.5652
    1633       1.5605
    1634       1.6969
    1635       1.6301
    1636       1.6736
    1637       1.5906
    1638       1.5168
    1639       1.5740
    1640       1.5474
    1641       1.6090
    1642       1.6470
    1643       1.4364
    1644       1.5273
    1645       1.5968
    1646       1.5443
    1647       1.6219
    1648       1.6208
    1649       1.6802
    1650       1.7505
    1651       1.7191
    1652       1.7347
    1653       1.7233
    1654       1.7204
    1655       1.6964
    1656       1.6198
    1657       1.6314
    1658       1.7402
    1659       1.6458
    1660       1.6585
    1661       1.6118
    1662       1.6871
    1663       1.4999
    1664       1.4977
    1665       1.5385
    1666       1.6207
    1667       1.5759
    1668       1.6000
    1669       1.4708
    1670       1.5124
    1671       1.6572
    1672       1.6783
    1673       1.5937
    1674       1.5748
    1675       1.6936
    1676       1.6511
    1677       1.5077
    1678       1.6090
    1679       1.5486
    1680       1.6018
    1681       1.5547
    1682       1.5603
    1683       1.6035
    1684       1.6595
    1685       1.6510
    1686       1.7094
    1687       1.6613
    1688       1.6735
    1689       1.5591
    1690       1.5206
    1691       1.5007
    1692       1.4569
    1693       1.5160
    1694       1.3969
    1695       1.4465
    1696       1.3848
    1697       1.3611
    1698       1.4538
    1699       1.4066
    1700       1.3943
    1701       1.3758
    1702       1.3174
    1703       1.3483
    1704       1.3449
    1705       1.2164
    1706       1.3406
    1707       1.3026
    1708       1.2433
    1709       1.1877
    1710       1.4363
    1711       1.5302
    1712       1.5482
    1713       1.5241
    1714       1.4982
    1715       1.4660
    1716       1.3615
    1717       1.4088
    1718       1.4173
    1719       1.4835
    1720       1.5090
    1721       1.4415
    1722       1.4890
    1723       1.5032
    1724       1.6117
    1725       1.5366
    1726       1.4108
    1727       1.4493
    1728       1.5511
    1729       1.5229
    1730       1.6107
    1731       1.6352
    1732       1.5527
    1733       1.4222
    1734       1.4211
    1735       1.4190
    1736       1.3733
    1737       1.4668
    1738       1.4471
    1739       1.2804
    1740       1.3241
    1741       1.3164
    1742       1.2309
    1743       1.3275
    1744       1.1560
    1745       1.2445
    1746       1.3924
    1747       1.2665
    1748       1.3281
    1749       1.3479
    1750       1.3575
    1751       1.4023
    1752       1.3443
    1753       1.3321
    1754       1.5219
    1755       1.3058
    1756       1.3819
    1757       1.3898
    1758       1.4213
    1759       1.3824
    1760       1.3087
    1761       1.3036
    1762       1.2824
    1763       1.2799
    1764       1.3473
    1765       1.3509
    1766       1.3662
    1767       1.3260
    1768       1.3711
    1769       1.2816
    1770       1.3556
    1771       1.2771
    1772       1.2775
    1773       1.2683
    1774       1.4023
    1775       1.4349
    1776       1.4690
    1777       1.4294
    1778       1.5306
    1779       1.5267
    1780       1.5383
    1781       1.4467
    1782       1.5781
    1783       1.4924
    1784       1.5047
    1785       1.4343
    1786       1.4664
    1787       1.4188
    1788       1.4963
    1789       1.4728
    1790       1.3659
    1791       1.5292
    1792       1.4896
    1793       1.5474
    1794       1.5033
    1795       1.5413
    1796       1.5646
    1797       1.6682
    1798       1.7778
    1799       1.6666
    1800       1.6246
    1801       1.5285
    1802       1.5315
    1803       1.5255
    1804       1.5964
    1805       1.5148
    1806       1.4706
    1807       1.5214
    1808       1.4311
    1809       1.4533
    1810       1.4002
    1811       1.4558
    1812       1.4037
    1813       1.4925
    1814       1.3799
    1815       1.4187
    1816       1.4816
    1817       1.3747
    1818       1.2773
    1819       1.2903
    1820       1.3398
    1821       1.3051
    1822       1.3660
    1823       1.2750
    1824       1.3177
    1825       1.3512
    1826       1.4660
    1827       1.4592
    1828       1.5490
    1829       1.6124
    1830       1.5131
    1831       1.6028
    1832       1.4817
    1833       1.5069
    1834       1.3788
    1835       1.4709
    1836       1.5584
    1837       1.5962
    1838       1.4999
    1839       1.5340
    1840       1.5720
    1841       1.5116
    1842       1.6835
    1843       1.6769
    1844       1.4946
    1845       1.5462
    1846       1.5560
    1847       1.6620
    1848       1.5189
    1849       1.5480
    1850       1.6002
    1851       1.5847
    1852       1.6976
    1853       1.6756
    1854       1.6866
    1855       1.5903
    1856       1.7950
    1857       1.6509
    1858       1.7205
    1859       1.7348
    1860       1.7390
    1861       1.6540
    1862       1.7268
    1863       1.6956
    1864       1.6268
    1865       1.6707
    1866       1.5733
    1867       1.5531
    1868       1.6407
    1869       1.6072
    1870       1.5658
    1871       1.5791
    1872       1.5233
    1873       1.4981
    1874       1.4720
    1875       1.5211
    1876       1.4881
    1877       1.6048
    1878       1.4476
    1879       1.4997
    1880       1.5461
    1881       1.4935
    1882       1.4311
    1883       1.5102
    1884       1.5798
    1885       1.6131
    1886       1.6294
    1887       1.4488
    1888       1.4340
    1889       1.3818
    1890       1.3990
    1891       1.4357
    1892       1.3788
    1893       1.4058
    1894       1.4115
    1895       1.3918
    1896       1.3462
    1897       1.5132
    1898       1.5371
    1899       1.5592
    1900       1.5022
    1901       1.4728
    1902       1.3569
    1903       1.4297
    1904       1.2894
    1905       1.2330
    1906       1.3329
    1907       1.1843
    1908       1.3080
    1909       1.2457
    1910       1.3650
    1911       1.2476
    1912       1.3618
    1913       1.3141
    1914       1.2922
    1915       1.3269
    1916       1.3610
    1917       1.3130
    1918       1.4387
    1919       1.4213
    1920       1.5061
    1921       1.4711
    1922       1.3888
    1923       1.2775
    1924       1.2895
    1925       1.3587
    1926       1.2514
    1927       1.2576
    1928       1.3644
    1929       1.3171
    1930       1.3153
    1931       1.3615
    1932       1.3876
    1933       1.2688
    1934       1.3351
    1935       1.2969
    1936       1.3493
    1937       1.3436
    1938       1.3912
    1939       1.3709
    1940       1.3074
    1941       1.3796
    1942       1.4361
    1943       1.4080
    1944       1.5335
    1945       1.5623
    1946       1.3964
    1947       1.4045
    1948       1.3464
    1949       1.4626
    1950       1.3781
    1951       1.4130
    1952       1.4489
    1953       1.3889
    1954       1.4702
    1955       1.5137
    1956       1.4381
    1957       1.4692
    1958       1.4975
    1959       1.4030
    1960       1.3597
    1961       1.4164
    1962       1.4623
    1963       1.3979
    1964       1.4156
    1965       1.4337
    1966       1.4085
    1967       1.3235
    1968       1.3867
    1969       1.5478
    1970       1.4867
    1971       1.4613
    1972       1.4919
    1973       1.4343
    1974       1.5303
    1975       1.4533
    1976       1.3837
    1977       1.4357
    1978       1.4813
    1979       1.4991
    1980       1.5181
    1981       1.4547
    1982       1.4540
    1983       1.5664
    1984       1.7171
    1985       1.6416
    1986       1.6738
    1987       1.6129
    1988       1.7046
    1989       1.6345
    1990       1.6243
    1991       1.7478
    1992       1.5515
    1993       1.6773
    1994       1.7369
    1995       1.6084
    1996       1.5430
    1997       1.7532
    1998       1.7262
    1999       1.7065
    2000       1.5683
